-8.12 1.5712
-7.4432 0.6496
-6.8256 4.4912
-8.12 1.5712


-6.6976 6.8464
-6.8256 4.4912
-8.12 1.5712
-6.6976 6.8464


-6.384 1.04
-6.6976 6.8464
-6.8256 4.4912
-6.384 1.04


-6.384 1.04
-6.8256 4.4912
-7.4432 0.6496
-6.384 1.04


-5.5664 2.5296
-6.384 1.04
-6.6976 6.8464
-5.5664 2.5296


-5.464 -0.68
-5.5664 2.5296
-6.384 1.04
-5.464 -0.68


-5.464 -0.68
-6.384 1.04
-7.4432 0.6496
-5.464 -0.68


-5.376 -1.248
-5.464 -0.68
-5.5664 2.5296
-5.376 -1.248


-5.376 -1.248
-5.464 -0.68
-7.4432 0.6496
-5.376 -1.248


-4.8288 13.824
-5.376 -1.248
-5.5664 2.5296
-4.8288 13.824


-4.8288 13.824
-5.5664 2.5296
-6.6976 6.8464
-4.8288 13.824


-4.8288 13.824
-6.6976 6.8464
-8.12 1.5712
-4.8288 13.824


-4.0288 5.7856
-4.8288 13.824
-5.376 -1.248
-4.0288 5.7856


-3.5216 4.9664
-4.0288 5.7856
-4.8288 13.824
-3.5216 4.9664


-3.5216 4.9664
-4.0288 5.7856
-5.376 -1.248
-3.5216 4.9664


-3.3936 1.6576
-3.5216 4.9664
-5.376 -1.248
-3.3936 1.6576


-3.0672 -3.7712
-3.3936 1.6576
-3.5216 4.9664
-3.0672 -3.7712


-3.0672 -3.7712
-3.3936 1.6576
-5.376 -1.248
-3.0672 -3.7712


-3.0672 -3.7712
-5.376 -1.248
-7.4432 0.6496
-3.0672 -3.7712


-2.7952 4.5504
-3.0672 -3.7712
-3.5216 4.9664
-2.7952 4.5504


-2.7952 4.5504
-3.5216 4.9664
-4.8288 13.824
-2.7952 4.5504


-1.7296 1.104
-2.7952 4.5504
-4.8288 13.824
-1.7296 1.104


-1.7296 1.104
-2.7952 4.5504
-3.0672 -3.7712
-1.7296 1.104


-1.3344 -1.4688
-1.7296 1.104
-3.0672 -3.7712
-1.3344 -1.4688


-1.1152 -0.0496007
-1.3344 -1.4688
-1.7296 1.104
-1.1152 -0.0496007


-1.1152 -0.0496007
-1.7296 1.104
-4.8288 13.824
-1.1152 -0.0496007


-1.0672 -10.256
-1.1152 -0.0496006
-1.3344 -1.4688
-1.0672 -10.256


-1.0672 -10.256
-1.3344 -1.4688
-3.0672 -3.7712
-1.0672 -10.256


-1.0672 -10.256
-3.0672 -3.7712
-7.4432 0.6496
-1.0672 -10.256


-1.0672 -10.256
-7.4432 0.6496
-8.12 1.5712
-1.0672 -10.256


-1.0352 -4.8384
-1.0672 -10.256
-1.1152 -0.0496006
-1.0352 -4.8384


-0.595203 -1.0464
-1.0352 -4.8384
-1.1152 -0.0496007
-0.595203 -1.0464


-0.595203 -1.0464
-1.1152 -0.0496007
-4.8288 13.824
-0.595203 -1.0464


-0.595203 -1.0464
-1.0352 -4.8384
-1.0672 -10.256
-0.595203 -1.0464


-0.491203 1.328
-0.595203 -1.0464
-4.8288 13.824
-0.491203 1.328


-0.441601 6.9936
-0.491203 1.328
-4.8288 13.824
-0.441601 6.9936


0.294401 -0.438399
-0.441601 6.9936
-0.491203 1.328
0.294401 -0.438399


0.294401 -0.438399
-0.491203 1.328
-0.595203 -1.0464
0.294401 -0.438399


0.294401 -0.438399
-0.595203 -1.0464
-1.0672 -10.256
0.294401 -0.438399


0.7216 6.32
0.294401 -0.438399
-0.441601 6.9936
0.7216 6.32


0.7216 6.32
-0.441601 6.9936
-4.8288 13.824
0.7216 6.32


1.4544 3.5504
0.7216 6.32
0.294401 -0.438399
1.4544 3.5504


1.4544 3.5504
0.294401 -0.438399
-1.0672 -10.256
1.4544 3.5504


1.5952 8.4704
1.4544 3.5504
0.7216 6.32
1.5952 8.4704


1.5952 8.4704
0.7216 6.32
-4.8288 13.824
1.5952 8.4704


1.8384 1.0208
1.5952 8.4704
1.4544 3.5504
1.8384 1.0208


1.8384 1.0208
1.4544 3.5504
-1.0672 -10.256
1.8384 1.0208


1.9408 -8.3168
1.8384 1.0208
-1.0672 -10.256
1.9408 -8.3168


2.4144 7.4816
1.9408 -8.3168
1.8384 1.0208
2.4144 7.4816


2.4144 7.4816
1.8384 1.0208
1.5952 8.4704
2.4144 7.4816


2.6512 7.2288
2.4144 7.4816
1.5952 8.4704
2.6512 7.2288


2.6512 7.2288
2.4144 7.4816
1.9408 -8.3168
2.6512 7.2288


2.6768 2.0064
2.6512 7.2288
1.9408 -8.3168
2.6768 2.0064


2.8 -0.816002
2.6768 2.0064
2.6512 7.2288
2.8 -0.816002


2.8 -0.816002
2.6768 2.0064
1.9408 -8.3168
2.8 -0.816002


3.5616 8.9744
2.8 -0.816002
2.6512 7.2288
3.5616 8.9744


3.5616 8.9744
2.6512 7.2288
1.5952 8.4704
3.5616 8.9744


3.5616 8.9744
1.5952 8.4704
-4.8288 13.824
3.5616 8.9744


3.7584 8.0896
3.5616 8.9744
2.8 -0.816003
3.7584 8.0896


3.7792 0.507199
3.7584 8.0896
2.8 -0.816002
3.7792 0.507199


3.7792 0.507199
2.8 -0.816002
1.9408 -8.3168
3.7792 0.507199


3.9104 -9.2736
3.7792 0.507199
3.7584 8.0896
3.9104 -9.2736


3.9104 -9.2736
3.7792 0.507199
1.9408 -8.3168
3.9104 -9.2736


3.9104 -9.2736
1.9408 -8.3168
-1.0672 -10.256
3.9104 -9.2736


4.7776 9.92
3.9104 -9.2736
3.7584 8.0896
4.7776 9.92


4.7776 9.92
3.7584 8.0896
3.5616 8.9744
4.7776 9.92


4.7776 9.92
3.5616 8.9744
-4.8288 13.824
4.7776 9.92


4.8576 -2.4704
4.7776 9.92
3.9104 -9.2736
4.8576 -2.4704


4.96 0.524799
4.8576 -2.4704
4.7776 9.92
4.96 0.524799


5.4608 1.5328
4.96 0.524799
4.7776 9.92
5.4608 1.5328


5.4608 1.5328
4.96 0.524799
4.8576 -2.4704
5.4608 1.5328


5.4608 1.5328
4.8576 -2.4704
3.9104 -9.2736
5.4608 1.5328


5.6672 -3.192
5.4608 1.5328
3.9104 -9.2736
5.6672 -3.192


5.728 -1.232
5.6672 -3.192
5.4608 1.5328
5.728 -1.232


5.728 -1.232
5.4608 1.5328
4.7776 9.92
5.728 -1.232


6.0576 9.8336
5.728 -1.232
4.7776 9.92
6.0576 9.8336


6.0576 9.8336
4.7776 9.92
-4.8288 13.824
6.0576 9.8336


6.2784 -3.0192
6.0576 9.8336
5.728 -1.232
6.2784 -3.0192


6.2784 -3.0192
5.728 -1.232
5.6672 -3.192
6.2784 -3.0192


6.2784 -3.0192
5.6672 -3.192
3.9104 -9.2736
6.2784 -3.0192


7.064 11.0512
6.2784 -3.0192
6.0576 9.8336
7.064 11.0512


7.064 11.0512
6.0576 9.8336
-4.8288 13.824
7.064 11.0512


7.2368 -2.5888
7.064 11.0512
6.2784 -3.0192
7.2368 -2.5888


7.2368 -2.5888
6.2784 -3.0192
3.9104 -9.2736
7.2368 -2.5888


7.6848 -6.5168
7.2368 -2.5888
7.064 11.0512
7.6848 -6.5168


7.6848 -6.5168
7.2368 -2.5888
3.9104 -9.2736
7.6848 -6.5168


8.5872 4.736
7.6848 -6.5168
7.064 11.0512
8.5872 4.736


12.6752 -2.8496
8.5872 4.736
7.064 11.0512
12.6752 -2.8496


12.6752 -2.8496
8.5872 4.736
7.6848 -6.5168
12.6752 -2.8496


16.568 6.8672
12.6752 -2.8496
7.064 11.0512
16.568 6.8672


