100 100
1.5952 25.4112
6.0576 29.5008
3.5616 26.9232
2.4144 22.4448
2.6512 21.6864
0.7216 18.96
4.7776 29.76
-0.441601 20.9808
3.7584 24.2688
0.831986 26.0496
6.528 25.3568
-0.176012 27.912
4.41599 21.3776
5.93599 29.1024
-0.743998 24.8944
6.632 29.8288
-2.7952 13.6512
-6.8256 13.4736
-5.5664 7.5888
-3.5216 14.8992
1.4544 10.6512
-4.0288 17.3568
-6.176 18.0912
-6.152 10.176
2.6768 6.0192
4.96 1.5744
-1.3344 -4.40641
1.8384 3.0624
5.728 -3.696
0.294401 -1.3152
-0.491203 3.984
-0.595203 -3.1392
3.7792 1.5216
5.4608 4.5984
-1.1152 -0.148802
-1.7296 3.312
-3.3936 4.9728
2.8 -2.44801
3.9104 -27.8208
1.9408 -24.9504
8.672 -27.2064
10.4 -30.4576
9.408 -29.0992
0.824003 -28.1088
4.912 -26.888
8.008 -26.376
6.39199 -25.7728
-1.0672 -30.768
-1.504 -31.6496
-10.944 -32.744
-9.25601 -33.36
-5.184 -37.0528
-10.008 -37.8272
-8.35201 -34.0864
-2.824 -32.0224
-3.76 -37.1936
7.064 33.1536
10.088 32.5168
9.232 34.496
7.528 31.7312
7.6848 -19.5504
7.976 -18.6272
12.128 -22.9616
7.2368 -7.7664
12.6752 -8.5488
4.8576 -7.4112
6.2784 -9.0576
5.6672 -9.57599
