100 100
1.5952 25.4112
6.0576 29.5008
3.5616 26.9232
2.4144 22.4448
2.6512 21.6864
0.7216 18.96
4.7776 29.76
-0.441601 20.9808
3.7584 24.2688
0.831986 26.0496
6.528 25.3568
-0.176012 27.912
4.41599 21.3776
5.93599 29.1024
-0.743998 24.8944
6.632 29.8288
-2.7952 13.6512
-6.8256 13.4736
-5.5664 7.5888
-3.5216 14.8992
1.4544 10.6512
-4.0288 17.3568
-6.176 18.0912
-6.152 10.176
2.6768 6.0192
4.96 1.5744
-1.3344 -4.40641
1.8384 3.0624
5.728 -3.696
0.294401 -1.3152
-0.491203 3.984
-0.595203 -3.1392
3.7792 1.5216
5.4608 4.5984
-1.1152 -0.148802
-1.7296 3.312
-3.3936 4.9728
2.8 -2.44801
3.9104 -27.8208
1.9408 -24.9504
8.672 -27.2064
10.4 -30.4576
9.408 -29.0992
0.824003 -28.1088
4.912 -26.888
8.008 -26.376
6.39199 -25.7728
-1.0672 -30.768
-1.504 -31.6496
-10.944 -32.744
-9.25601 -33.36
-5.184 -37.0528
-10.008 -37.8272
-8.35201 -34.0864
-2.824 -32.0224
-3.76 -37.1936
7.064 33.1536
10.088 32.5168
9.232 34.496
7.528 31.7312
7.6848 -19.5504
7.976 -18.6272
12.128 -22.9616
7.2368 -7.7664
12.6752 -8.5488
4.8576 -7.4112
6.2784 -9.0576
5.6672 -9.57599
-6.6976 20.5392
-4.8288 41.472
-10.496 31.0032
-12.848 33.7824
-7.144 37.0096
-11.168 33.688
-11.328 37.2
-1.912 37.3968
-6.112 36.6384
-8.12 4.7136
-5.464 -2.04
-6.384 3.11999
-5.376 -3.744
-7.4432 1.9488
-3.0672 -11.3136
-1.0352 -14.5152
16.568 20.6016
22.6096 24.0864
17.704 22.3152
18.752 20.6448
23.432 24.0624
23.832 21.4672
20.84 27.8368
18.664 29.3728
8.5872 14.208
22.1888 35.0208
21.2336 34.9872
16.5776 30.8592
24.944 36.3968
27.28 30.8384
43.3552 -27.3168
37.232 -27.9408
25.0128 -15.0672
23.144 -17.4336
23.5168 -11.0928
25.216 -13.5168
20.8752 -20.0352
24.464 -15.648
13.3712 -0.792
14.704 -3.7104
15.9488 -5.16
31.4736 18.072
28.6592 14.2608
24.6784 17.616
26.08 2.2992
30.1376 -1.68
29.824 4.6848
31.6512 0.475199
25.9456 -1.9104
34.4 4.17118
31.624 4.5312
32.976 5.304
30.5472 8.54399
26.88 0.503998
30.7328 4.2048
26.0384 3.792
35.3088 5.54879
28.9312 -1.6128
17.816 -22.752
16.32 -17.32
20.328 -24.3888
30.8032 -26.1312
22.8976 -29.8512
29.8304 -34.6608
26.3136 -31.2528
30.16 -32.4272
26.248 -36.176
19.5216 3.8208
16.9088 7.1568
23.6672 6.984
19.5232 10.2624
27.0224 -6.8304
24.728 -3.94561
22.5504 -3.0096
19.3504 -8.5056
31.7904 -10.9152
12.752 21.552
29.5856 25.3296
28.96 31.0448
39.2896 4.4448
-24.1776 1.008
-22.7248 2.9664
-22.5968 -2.6208
-27.6896 0.0911987
-29.9776 5.3856
-25.3232 5.4864
-24.9984 9.768
-26.68 5.0544
-28.728 5.3424
-26.744 5.45279
-21.6112 -2.2032
-22.6288 6.5952
-14.9232 -10.1808
-22.2448 -11.0064
-13.9808 -11.232
-21.0384 -5.256
-20.1536 -8.3376
-23.7472 -5.1696
-17.0208 -3.4704
-32.664 -12.0672
-23.5024 -18.1776
-25.0944 -12.3504
-29.5936 -11.6304
-22.4816 -14.064
-38.4464 -17.544
-29.648 -22.2864
-31.9344 -19.824
-29.808 -21.8976
-23.5984 10.8144
-27.2064 14.8272
-28.5376 13.4112
-27.4016 17.8224
-30.5824 10.5024
-29.0816 15.1344
-23.8032 18.4176
-29.5696 18.8688
-30.752 20.2288
-27.184 22.3216
-22.6016 -33.8496
-21.2224 -26.9184
-20.808 -32.4816
-16.304 -26.3888
-19.776 -29.6112
-18.384 -28.5808
-18.888 -29.3152
-19.072 -34.976
-16.1056 23.5056
-16.1888 22.7184
-15.328 21.0816
-13.08 26.5232
-14.5152 -42.6432
-39.3824 9.3312
-36.4128 11.9616
-18.6896 6.8304
-19.88 11.0448
-17.0272 6.84
