3.0325 25.2786 14 14 
-4.2014 13.236 14 14 
1.34846 0.992227 14 14 
6.05191 -27.4089 14 14 
-5.87769 -34.0782 14 14 
8.478 32.9744 14 14 
9.26293 -20.3797 14 14 
7.34304 -8.472 14 14 
-6.6976 20.5392 14 14 
-8.2296 36.0238 14 14 
-6.55744 0.799678 14 14 
-2.0512 -12.9144 14 14 
20.3002 23.7984 14 14 
8.5872 14.208 14 14 
22.4448 33.6205 14 14 
40.2936 -27.6288 14 14 
23.7048 -15.4656 14 14 
14.6747 -3.2208 14 14 
28.2704 16.6496 14 14 
30.0769 2.77543 14 14 
18.1547 -21.4869 14 14 
27.7088 -31.7499 14 14 
19.9052 7.056 14 14 
23.4128 -5.5728 14 14 
31.7904 -10.9152 14 14 
12.752 21.552 14 14 
29.2728 28.1872 14 14 
39.2896 4.4448 14 14 
-25.3233 3.5272 14 14 
-19.0155 -7.80754 14 14 
-26.6672 -13.6579 14 14 
-32.4592 -20.388 14 14 
-27.7717 16.2349 14 14 
-19.632 -30.2652 14 14 
-15.1756 23.4572 14 14 
-14.5152 -42.6432 14 14