0.995014
1.95403
2.11768
2.44632
2.26568
0.794516
1.79161
2.48049
2.97564
3.08643
1.33203
0.416551
0.661452
2.10284
1.49618
2.54995
2.15638
3.17227
2.33165
5.01364
2.26932
2.50295
2.5094
1.44401
3.59844
3.3657
2.65265
3.40067
2.35099
1.40898
2.50528
2.47806
1.18198
3.06519
3.07337
3.51492
1.8296
2.02938
1.46705
2.74978
3.18287
3.51787
1.57911
2.35654
3.8158
2.17469
0.801432
1.60802
4.45284
1.70627
4.79057
5.49439
4.71173
1.91072
3.20834
4.77116
4.90433
2.96024
1.56366
0.799067
2.22054
3.45191
4.09143
2.9982
5.30303
5.51881
3.68596
2.37024
2.37162
2.58891
1.96539
1.49338
2.94759
1.20827
2.6336
3.84101
0.949089
1.02777
2.49804
1.81963
1.65037
3.97636
4.04927
4.13105
5.21458
4.2374
4.05954
5.69186
5.35094
1.06323
1.72492
1.85312
1.36869
2.03086
1.68206
2.96661
3.0998
3.26311
0.98389
1.37164
3.35003
4.33616
3.57708
1.62288
5.25522
1.43094
4.34002
1.15968
1.79688
4.09095
5.60163
0.968029
5.75868
1.62072
2.56171
2.66352
4.14693
0.822728
2.62584
3.94312
5.14613
1.97193
2.05595
3.93257
5.20616
4.73773
5.92099
2.13264
2.95538
3.0218
0.890708
0.93602
3.05028
2.25575
3.03904
3.05667
3.92487
1.8608
3.09831
4.17938
2.08482
3.44034
4.23836
3.06675
3.1246
3.39052
3.2061
2.71018
2.79639
1.07042
3.95817
2.43844
3.61968
1.4212
0.403503
1.98707
1.25035
2.91363
3.62969
3.94621
1.66243
3.96001
1.74784
3.72553
4.39653
4.55645
3.10132
4.84691
5.07926
1.80702
1.9002
3.00157
2.40731
1.80214
3.55561
3.64729
4.13649
5.54567
1.41179
6.01023
3.96705
6.03661
3.69236
4.02171
2.2578
3.88965
4.16686
6.17449
0.955793
3.07969
6.02931
1.69263
5.74934
6.27849
6.32876
6.45333
6.58421
2.11698
4.34751
0.420432
2.97008
4.92767
5.66115
6.59543
6.59611
6.63742
6.67864
6.1549
6.8996
7.12124
3.792
7.74789
7.97043
8.1585
8.45657
2.77321
2.76763
1.68264
3.51564
4.18832
1.09673
4.26792
5.00104
5.16259
4.27319
0.791604
1.84935
6.20336
4.23265
7.56927
8.92665
9.56739
2.36586
1.38953
6.71588
10.565
11.923
13.0505
9.24406
3.48862
10.9986
5.6688
9.73372
13.5207
16.1347
11.9707
28.4185
3.41982
32.4201
