1.5952 25.4112 1.65546e-20 3
-2.7952 13.6512 9.80896e-13 1
2.6768 6.0192 6.77982e-09 2
-1.0672 -30.768 0.96958 0
-6.8256 13.4736 1.13409e-12 1
7.064 33.1536 1.47582e-26 3
3.9104 -27.8208 0.942562 0
4.96 1.5744 5.28243e-07 2
7.6848 -19.5504 0.481732 2
-1.3344 -4.40641 0.00012655 2
6.0576 29.5008 1.10976e-23 3
3.5616 26.9232 1.14318e-21 3
7.2368 -7.7664 0.00110773 2
-6.6976 20.5392 5.20789e-17 1
1.8384 3.0624 1.4441e-07 2
-4.8288 41.472 4.09289e-33 3
-8.12 4.7136 2.77213e-08 1
-5.5664 7.5888 1.3278e-09 1
2.4144 22.4448 2.47856e-18 3
5.728 -3.696 5.29898e-05 2
-5.464 -2.04 1.80154e-05 1
-6.384 3.11999 1.46067e-07 1
0.294401 -1.3152 9.03061e-06 2
12.6752 -8.5488 0.00147701 2
-0.491203 3.984 6.15071e-08 2
4.8576 -7.4112 0.000973748 2
2.6512 21.6864 8.55056e-18 3
-0.595203 -3.1392 4.41301e-05 2
3.7792 1.5216 5.89005e-07 2
5.4608 4.5984 2.62016e-08 2
0.7216 18.96 6.23858e-16 1
-1.1152 -0.148802 3.30419e-06 2
4.7776 29.76 7.22868e-24 3
-3.5216 14.8992 1.89582e-13 1
1.4544 10.6512 3.90107e-11 2
-3.0672 -11.3136 0.0178312 2
-0.441601 20.9808 2.73184e-17 3
-4.0288 17.3568 6.33532e-15 1
6.2784 -9.0576 0.00287895 2
-5.376 -3.744 7.5715e-05 1
-1.7296 3.312 1.23288e-07 2
3.7584 24.2688 1.13134e-19 3
5.6672 -9.57599 0.00422313 2
16.568 20.6016 3.07407e-17 2
8.5872 14.208 3.67577e-13 2
1.9408 -24.9504 0.893935 0
-3.3936 4.9728 2.28245e-08 1
-1.0352 -14.5152 0.103431 2
-7.4432 1.9488 4.5169e-07 1
2.8 -2.44801 2.17536e-05 2
22.6096 24.0864 8.54625e-20 3
22.1888 35.0208 2.78277e-28 3
43.3552 -27.3168 0.960721 0
25.0128 -15.0672 0.0649671 2
21.2336 34.9872 3.07405e-28 3
17.704 22.3152 1.91126e-18 3
23.144 -17.4336 0.19024 2
23.5168 -11.0928 0.00641186 2
13.3712 -0.792 3.00699e-06 2
31.4736 18.072 1.05259e-15 2
26.08 2.2992 1.28906e-07 2
30.1376 -1.68 5.37053e-06 2
29.824 4.6848 1.22295e-08 2
31.6512 0.475199 7.93307e-07 2
17.816 -22.752 0.698403 0
25.9456 -1.9104 6.21741e-06 2
30.8032 -26.1312 0.887294 0
14.704 -3.7104 3.45016e-05 2
19.5216 3.8208 3.07447e-08 2
34.4 4.17118 2.3366e-08 2
31.624 4.5312 1.4863e-08 2
25.216 -13.5168 0.0280703 2
31.7904 -10.9152 0.0065676 2
15.9488 -5.16 0.000105589 2
16.9088 7.1568 1.01498e-09 2
12.752 21.552 7.86672e-18 3
16.5776 30.8592 6.8052e-25 3
32.976 5.304 6.89838e-09 2
30.5472 8.54399 1.91451e-10 2
28.6592 14.2608 1.91195e-13 2
26.88 0.503998 7.12969e-07 2
24.6784 17.616 2.09614e-15 2
29.5856 25.3296 8.28044e-21 3
23.6672 6.984 1.04911e-09 2
22.8976 -29.8512 0.939931 0
19.5232 10.2624 2.83308e-11 2
27.0224 -6.8304 0.000337156 2
30.7328 4.2048 2.03635e-08 2
18.752 20.6448 2.66658e-17 2
24.728 -3.94561 3.45542e-05 2
26.0384 3.792 2.93849e-08 2
22.5504 -3.0096 1.60235e-05 2
35.3088 5.54879 5.76861e-09 2
39.2896 4.4448 2.20475e-08 2
20.8752 -20.0352 0.43656 2
24.464 -15.648 0.0865499 2
29.8304 -34.6608 0.971884 0
28.9312 -1.6128 4.94748e-06 2
19.3504 -8.5056 0.00116854 2
26.3136 -31.2528 0.954502 0
-24.1776 1.008 9.28614e-07 1
-14.9232 -10.1808 0.00666865 1
-32.664 -12.0672 0.0258589 1
-22.7248 2.9664 1.37498e-07 1
-38.4464 -17.544 0.397836 1
-22.2448 -11.0064 0.0100114 1
-29.648 -22.2864 0.692011 0
-23.5984 10.8144 2.76093e-11 1
-22.6016 -33.8496 0.939432 0
-22.5968 -2.6208 2.23707e-05 1
-23.5024 -18.1776 0.304998 1
-13.9808 -11.232 0.0133196 1
-27.6896 0.0911987 2.44466e-06 1
-16.1056 23.5056 4.44724e-19 1
-21.0384 -5.256 0.000184583 1
-21.2224 -26.9184 0.879165 0
-14.5152 -42.6432 0.916301 0
-16.1888 22.7184 1.59081e-18 1
-15.328 21.0816 2.09304e-17 1
-39.3824 9.3312 5.53046e-10 1
-27.2064 14.8272 2.16248e-13 1
-25.0944 -12.3504 0.0227281 1
-29.5936 -11.6304 0.0171347 1
-18.6896 6.8304 2.39185e-09 1
-29.9776 5.3856 1.61797e-08 1
-25.3232 5.4864 1.14402e-08 1
-28.5376 13.4112 1.45189e-12 1
-20.1536 -8.3376 0.0017615 1
-27.4016 17.8224 3.67993e-15 1
-19.88 11.0448 1.92668e-11 1
-17.1696 -18.4512 0.354243 1
-31.9344 -19.824 0.511752 0
-30.5824 10.5024 5.82775e-11 1
-29.0816 15.1344 1.62371e-13 1
-23.7472 -5.1696 0.000176973 1
-15.3872 43.5888 8.52063e-35 3
-27.6896 -37.8192 0.927756 0
-36.4128 11.9616 1.75202e-11 1
-23.8032 18.4176 1.32218e-15 1
-24.9984 9.768 9.96564e-11 1
-29.5696 18.8688 9.29722e-16 1
-26.68 5.0544 1.89837e-08 1
-28.728 5.3424 1.5658e-08 1
-26.744 5.45279 1.25794e-08 1
-17.0272 6.84 2.37675e-09 1
-22.4816 -14.064 0.0562211 1
-17.0208 -3.4704 4.58387e-05 1
-21.6112 -2.2032 1.55591e-05 1
-30.9456 -3.4992 6.27897e-05 1
-22.6288 6.5952 3.23933e-09 1
-67.224 -30.4176 0.999587 0
-27.768 -26.2064 0.859143 0
-20.808 -32.4816 0.939108 0
-21.128 -20.6672 0.547603 0
-1.504 -31.6496 0.972824 0
-14.4 -19.84 0.519879 0
-29.808 -21.8976 0.665928 0
-7.896 -18.3328 0.427817 0
-16.304 -26.3888 0.885185 0
7.976 -18.6272 0.379013 2
8.672 -27.2064 0.920841 0
-28.016 -28.3088 0.900973 0
37.232 -27.9408 0.946522 0
10.4 -30.4576 0.954711 0
6.79998 -39.6592 0.974333 0
-36.32 -29.0688 0.934106 0
-10.944 -32.744 0.96389 0
30.16 -32.4272 0.965455 0
-19.776 -29.6112 0.923226 0
16.32 -17.32 0.193759 2
-11.92 -26.904 0.91558 0
9.408 -29.0992 0.944805 0
0.824003 -28.1088 0.950812 0
-9.25601 -33.36 0.96874 0
-5.184 -37.0528 0.976531 0
20.328 -24.3888 0.796722 0
-13.496 -25.4672 0.876448 0
4.912 -26.888 0.926714 0
-18.384 -28.5808 0.915495 0
-13.656 -21.5456 0.680465 0
-18.888 -29.3152 0.922541 0
12.52 -32.5328 0.963373 0
-99 -23.9872 1 0
12.128 -22.9616 0.743361 0
-64.528 -32.5216 0.999247 0
8.008 -26.376 0.906553 0
-10.008 -37.8272 0.966759 0
-8.35201 -34.0864 0.971432 0
-31.408 -31.8832 0.936237 0
-21.344 -22.7408 0.710131 0
8.376 -39.272 0.973664 0
-2.824 -32.0224 0.973625 0
19.96 -32.8064 0.960214 0
49.248 -22.2864 0.897277 0
50.696 -30.8768 0.991531 0
-19.072 -34.976 0.946628 0
6.39199 -25.7728 0.898517 0
10.176 -36.1808 0.973308 0
26.248 -36.176 0.970917 0
-3.76 -37.1936 0.977894 0
-10.496 31.0032 1.03964e-24 3
23.432 24.0624 8.69123e-20 3
24.944 36.3968 1.96657e-29 3
48.056 34.8624 1.2629e-28 3
-12.848 33.7824 7.34786e-27 3
0.831986 26.0496 5.54272e-21 3
27.28 30.8384 4.78842e-25 3
-7.144 37.0096 1.79346e-29 3
-11.168 33.688 8.42774e-27 3
10.088 32.5168 4.25324e-26 3
-6.176 18.0912 2.10243e-15 1
-32.76 26.5552 4.77116e-21 3
23.832 21.4672 6.29888e-18 2
6.528 25.3568 1.63253e-20 3
-11.328 37.2 1.37308e-29 3
-0.176012 27.912 2.1562e-22 3
4.41599 21.3776 1.36387e-17 3
-68.232 33.4672 6.00495e-26 3
38.488 25.9872 2.0384e-21 3
20.84 27.8368 1.31637e-22 3
69.536 35.5712 1.14822e-29 3
-44.08 26.488 8.40842e-21 3
9.232 34.496 1.18745e-27 3
18.664 29.3728 9.16291e-24 3
-6.152 10.176 6.71658e-11 1
-32 37.9792 6.74113e-30 3
5.93599 29.1024 2.2691e-23 3
-0.743998 24.8944 4.15307e-20 3
-1.912 37.3968 7.88493e-30 3
7.528 31.7312 1.92038e-25 3
-6.112 36.6384 3.48439e-29 3
-30.752 20.2288 1.31499e-16 1
-42.168 28.2944 3.36725e-22 3
-27.184 22.3216 4.11955e-18 1
56.088 30.2864 4.20967e-25 3
-42.776 26.008 1.85525e-20 3
15.24 29.944 3.71273e-24 3
28.96 31.0448 3.09669e-25 3
-13.08 26.5232 2.75669e-21 3
-8.56 29.0176 3.42433e-23 3
68.4 25.904 7.57643e-22 3
-56.672 36.576 1.89909e-28 3
-47.816 20.9072 1.36122e-16 3
59.472 31.1344 7.51308e-26 3
31.464 46.3792 9.76771e-38 3
75.192 35.952 4.11992e-30 3
47.944 16.3232 2.07808e-14 2
-18.656 35.9616 1.61233e-28 3
6.632 29.8288 6.06751e-24 3
-22.296 33.8016 9.15665e-27 3
