1.5952 25.4112 1.86088e-20 3
-2.7952 13.6512 1.0492e-12 1
2.6768 6.0192 7.16439e-09 2
-1.0672 -30.768 0.96918 0
-6.8256 13.4736 1.21143e-12 1
7.064 33.1536 1.71446e-26 3
3.9104 -27.8208 0.941329 0
4.96 1.5744 5.51725e-07 2
7.6848 -19.5504 0.479099 2
-1.3344 -4.40641 0.000130094 2
6.0576 29.5008 1.26937e-23 3
3.5616 26.9232 1.2938e-21 3
7.2368 -7.7664 0.00112639 2
-6.6976 20.5392 5.71688e-17 1
1.8384 3.0624 1.51339e-07 2
-4.8288 41.472 4.96431e-33 3
-8.12 4.7136 2.90323e-08 1
-5.5664 7.5888 1.39817e-09 1
2.4144 22.4448 2.75348e-18 3
5.728 -3.696 5.45185e-05 2
-5.464 -2.04 1.86115e-05 1
-6.384 3.11999 1.52406e-07 1
0.294401 -1.3152 9.35356e-06 2
12.6752 -8.5488 0.00149398 2
-0.491203 3.984 6.4491e-08 2
4.8576 -7.4112 0.000992297 2
2.6512 21.6864 9.47222e-18 3
-0.595203 -3.1392 4.55003e-05 2
3.7792 1.5216 6.15117e-07 2
5.4608 4.5984 2.76043e-08 2
0.7216 18.96 6.82092e-16 1
-1.1152 -0.148802 3.42991e-06 2
4.7776 29.76 8.2777e-24 3
-3.5216 14.8992 2.03388e-13 1
1.4544 10.6512 4.16595e-11 2
-3.0672 -11.3136 0.0180847 2
-0.441601 20.9808 3.00825e-17 3
-4.0288 17.3568 6.85283e-15 1
6.2784 -9.0576 0.00291921 2
-5.376 -3.744 7.79746e-05 1
-1.7296 3.312 1.28935e-07 2
3.7584 24.2688 1.26711e-19 3
5.6672 -9.57599 0.00427788 2
16.568 20.6016 3.38881e-17 2
8.5872 14.208 3.98733e-13 2
1.9408 -24.9504 0.89243 0
-3.3936 4.9728 2.39256e-08 1
-1.0352 -14.5152 0.104018 2
-7.4432 1.9488 4.70359e-07 1
2.8 -2.44801 2.24743e-05 2
22.6096 24.0864 9.48511e-20 3
22.1888 35.0208 3.2333e-28 3
43.3552 -27.3168 0.961488 0
25.0128 -15.0672 0.0648368 2
21.2336 34.9872 3.57387e-28 3
17.704 22.3152 2.11801e-18 3
23.144 -17.4336 0.189366 2
23.5168 -11.0928 0.00643043 2
13.3712 -0.792 3.10074e-06 2
31.4736 18.072 1.12382e-15 2
26.08 2.2992 1.32334e-07 2
30.1376 -1.68 5.46077e-06 2
29.824 4.6848 1.25803e-08 2
31.6512 0.475199 8.09054e-07 2
17.816 -22.752 0.69532 0
25.9456 -1.9104 6.3298e-06 2
30.8032 -26.1312 0.886907 0
14.704 -3.7104 3.52624e-05 2
19.5216 3.8208 3.18849e-08 2
34.4 4.17118 2.39475e-08 2
31.624 4.5312 1.52656e-08 2
25.216 -13.5168 0.0280649 2
31.7904 -10.9152 0.00660094 2
15.9488 -5.16 0.000107432 2
16.9088 7.1568 1.06618e-09 2
12.752 21.552 8.73494e-18 3
16.5776 30.8592 7.79577e-25 3
32.976 5.304 7.08937e-09 2
30.5472 8.54399 1.98427e-10 2
28.6592 14.2608 2.01689e-13 2
26.88 0.503998 7.28848e-07 2
24.6784 17.616 2.2536e-15 2
29.5856 25.3296 9.17884e-21 3
23.6672 6.984 1.09157e-09 2
22.8976 -29.8512 0.939022 0
19.5232 10.2624 2.99251e-11 2
27.0224 -6.8304 0.00034028 2
30.7328 4.2048 2.09145e-08 2
18.752 20.6448 2.93159e-17 2
24.728 -3.94561 3.50653e-05 2
26.0384 3.792 3.02651e-08 2
22.5504 -3.0096 1.63084e-05 2
35.3088 5.54879 5.92315e-09 2
39.2896 4.4448 2.25701e-08 2
20.8752 -20.0352 0.434154 2
24.464 -15.648 0.0863099 2
29.8304 -34.6608 0.971755 0
28.9312 -1.6128 5.03313e-06 2
19.3504 -8.5056 0.00117813 2
26.3136 -31.2528 0.954003 0
-24.1776 1.008 9.82627e-07 1
-14.9232 -10.1808 0.00687682 1
-32.664 -12.0672 0.0267186 1
-22.7248 2.9664 1.45974e-07 1
-38.4464 -17.544 0.402653 1
-22.2448 -11.0064 0.0103808 1
-29.648 -22.2864 0.69843 0
-23.5984 10.8144 2.99983e-11 1
-22.6016 -33.8496 0.941948 0
-22.5968 -2.6208 2.34719e-05 1
-23.5024 -18.1776 0.312081 1
-13.9808 -11.232 0.0137051 1
-27.6896 0.0911987 2.58632e-06 1
-16.1056 23.5056 5.01332e-19 1
-21.0384 -5.256 0.000192613 1
-21.2224 -26.9184 0.882975 0
-14.5152 -42.6432 0.921032 0
-16.1888 22.7184 1.78734e-18 1
-15.328 21.0816 2.33126e-17 1
-39.3824 9.3312 6.01113e-10 1
-27.2064 14.8272 2.39387e-13 1
-25.0944 -12.3504 0.0235464 1
-29.5936 -11.6304 0.017753 1
-18.6896 6.8304 2.55118e-09 1
-29.9776 5.3856 1.73716e-08 1
-25.3232 5.4864 1.22534e-08 1
-28.5376 13.4112 1.60064e-12 1
-20.1536 -8.3376 0.00182952 1
-27.4016 17.8224 4.1224e-15 1
-19.88 11.0448 2.08374e-11 1
-17.1696 -18.4512 0.361142 1
-31.9344 -19.824 0.518818 0
-30.5824 10.5024 6.365e-11 1
-29.0816 15.1344 1.80287e-13 1
-23.7472 -5.1696 0.000185025 1
-15.3872 43.5888 1.06436e-34 3
-27.6896 -37.8192 0.930872 0
-36.4128 11.9616 1.92643e-11 1
-23.8032 18.4176 1.47781e-15 1
-24.9984 9.768 1.08089e-10 1
-29.5696 18.8688 1.04787e-15 1
-26.68 5.0544 2.03295e-08 1
-28.728 5.3424 1.68013e-08 1
-26.744 5.45279 1.34869e-08 1
-17.0272 6.84 2.52885e-09 1
-22.4816 -14.064 0.0580787 1
-17.0208 -3.4704 4.77699e-05 1
-21.6112 -2.2032 1.63245e-05 1
-30.9456 -3.4992 6.59175e-05 1
-22.6288 6.5952 3.47092e-09 1
-67.224 -30.4176 0.999541 0
-27.768 -26.2064 0.863113 0
-20.808 -32.4816 0.941536 0
-21.128 -20.6672 0.555728 0
-1.504 -31.6496 0.972507 0
-14.4 -19.84 0.526572 0
-29.808 -21.8976 0.672598 0
-7.896 -18.3328 0.431301 0
-16.304 -26.3888 0.888497 0
7.976 -18.6272 0.376945 2
8.672 -27.2064 0.919082 0
-28.016 -28.3088 0.903999 0
37.232 -27.9408 0.94691 0
10.4 -30.4576 0.953489 0
6.79998 -39.6592 0.973407 0
-36.32 -29.0688 0.935439 0
-10.944 -32.744 0.964954 0
30.16 -32.4272 0.965299 0
-19.776 -29.6112 0.925948 0
16.32 -17.32 0.192633 2
-11.92 -26.904 0.917569 0
9.408 -29.0992 0.943409 0
0.824003 -28.1088 0.949987 0
-9.25601 -33.36 0.969524 0
-5.184 -37.0528 0.976812 0
20.328 -24.3888 0.794319 0
-13.496 -25.4672 0.879454 0
4.912 -26.888 0.925195 0
-18.384 -28.5808 0.918326 0
-13.656 -21.5456 0.686112 0
-18.888 -29.3152 0.925237 0
12.52 -32.5328 0.962338 0
-99 -23.9872 1 0
12.128 -22.9616 0.740121 0
-64.528 -32.5216 0.999176 0
8.008 -26.376 0.90462 0
-10.008 -37.8272 0.967972 0
-8.35201 -34.0864 0.972083 0
-31.408 -31.8832 0.938191 0
-21.344 -22.7408 0.716993 0
8.376 -39.272 0.972708 0
-2.824 -32.0224 0.973473 0
19.96 -32.8064 0.959394 0
49.248 -22.2864 0.899971 0
50.696 -30.8768 0.991896 0
-19.072 -34.976 0.948976 0
6.39199 -25.7728 0.896562 0
10.176 -36.1808 0.972415 0
26.248 -36.176 0.970591 0
-3.76 -37.1936 0.977975 0
-10.496 31.0032 1.20457e-24 3
23.432 24.0624 9.63661e-20 3
24.944 36.3968 2.29487e-29 3
48.056 34.8624 1.43792e-28 3
-12.848 33.7824 8.65366e-27 3
0.831986 26.0496 6.2459e-21 3
27.28 30.8384 5.43968e-25 3
-7.144 37.0096 2.13349e-29 3
-11.168 33.688 9.90126e-27 3
10.088 32.5168 4.92307e-26 3
-6.176 18.0912 2.28156e-15 1
-32.76 26.5552 5.53524e-21 3
23.832 21.4672 6.90192e-18 2
6.528 25.3568 1.83778e-20 3
-11.328 37.2 1.64279e-29 3
-0.176012 27.912 2.44923e-22 3
4.41599 21.3776 1.51167e-17 3
-68.232 33.4672 7.25585e-26 3
38.488 25.9872 2.25386e-21 3
20.84 27.8368 1.48517e-22 3
69.536 35.5712 1.28782e-29 3
-44.08 26.488 9.75276e-21 3
9.232 34.496 1.38711e-27 3
18.664 29.3728 1.04185e-23 3
-6.152 10.176 7.11303e-11 1
-32 37.9792 8.2834e-30 3
5.93599 29.1024 2.59127e-23 3
-0.743998 24.8944 4.65415e-20 3
-1.912 37.3968 9.36353e-30 3
7.528 31.7312 2.21679e-25 3
-6.112 36.6384 4.13359e-29 3
-30.752 20.2288 1.49082e-16 1
-42.168 28.2944 3.9359e-22 3
-27.184 22.3216 4.69258e-18 1
56.088 30.2864 4.68093e-25 3
-42.776 26.008 2.1477e-20 3
15.24 29.944 4.24113e-24 3
28.96 31.0448 3.51639e-25 3
-13.08 26.5232 3.13654e-21 3
-8.56 29.0176 3.92287e-23 3
68.4 25.904 8.23897e-22 3
-56.672 36.576 2.32788e-28 3
-47.816 20.9072 1.54509e-16 3
59.472 31.1344 8.35763e-26 3
31.464 46.3792 1.22495e-37 3
75.192 35.952 4.60363e-30 3
47.944 16.3232 2.18932e-14 2
-18.656 35.9616 1.93513e-28 3
6.632 29.8288 6.94931e-24 3
-22.296 33.8016 1.09083e-26 3
