1.5952 25.4112 2.04388e-20 3
-2.7952 13.6512 1.10616e-12 1
2.6768 6.0192 7.50188e-09 2
-1.0672 -30.768 0.96868 0
-6.8256 13.4736 1.27428e-12 1
7.064 33.1536 1.93681e-26 3
3.9104 -27.8208 0.939677 0
4.96 1.5744 5.70886e-07 2
7.6848 -19.5504 0.47421 2
-1.3344 -4.40641 0.0001328 2
6.0576 29.5008 1.41584e-23 3
3.5616 26.9232 1.42993e-21 3
7.2368 -7.7664 0.00113363 2
-6.6976 20.5392 6.14104e-17 1
1.8384 3.0624 1.57214e-07 2
-4.8288 41.472 5.7982e-33 3
-8.12 4.7136 3.01381e-08 1
-5.5664 7.5888 1.45672e-09 1
2.4144 22.4448 2.99756e-18 3
5.728 -3.696 5.55404e-05 2
-5.464 -2.04 1.91167e-05 1
-6.384 3.11999 1.57759e-07 1
0.294401 -1.3152 9.61038e-06 2
12.6752 -8.5488 0.00149553 2
-0.491203 3.984 6.70338e-08 2
4.8576 -7.4112 0.00100137 2
2.6512 21.6864 1.02922e-17 3
-0.595203 -3.1392 4.65612e-05 2
3.7792 1.5216 6.36565e-07 2
5.4608 4.5984 2.88129e-08 2
0.7216 18.96 7.32731e-16 1
-1.1152 -0.148802 3.533e-06 2
4.7776 29.76 9.23897e-24 3
-3.5216 14.8992 2.14767e-13 1
1.4544 10.6512 4.40206e-11 2
-3.0672 -11.3136 0.0182525 2
-0.441601 20.9808 3.246e-17 3
-4.0288 17.3568 7.27743e-15 1
6.2784 -9.0576 0.00293025 2
-5.376 -3.744 7.98849e-05 1
-1.7296 3.312 1.3371e-07 2
3.7584 24.2688 1.38913e-19 3
5.6672 -9.57599 0.00429035 2
16.568 20.6016 3.68205e-17 2
8.5872 14.208 4.28373e-13 2
1.9408 -24.9504 0.890218 0
-3.3936 4.9728 2.48553e-08 1
-1.0352 -14.5152 0.104013 2
-7.4432 1.9488 4.86275e-07 1
2.8 -2.44801 2.30126e-05 2
22.6096 24.0864 1.03199e-19 3
22.1888 35.0208 3.64789e-28 3
43.3552 -27.3168 0.963032 0
25.0128 -15.0672 0.0644332 2
21.2336 34.9872 4.03507e-28 3
17.704 22.3152 2.30834e-18 3
23.144 -17.4336 0.18791 2
23.5168 -11.0928 0.0064014 2
13.3712 -0.792 3.1623e-06 2
31.4736 18.072 1.17656e-15 2
26.08 2.2992 1.34082e-07 2
30.1376 -1.68 5.48889e-06 2
29.824 4.6848 1.27536e-08 2
31.6512 0.475199 8.14674e-07 2
17.816 -22.752 0.691473 0
25.9456 -1.9104 6.37048e-06 2
30.8032 -26.1312 0.887414 0
14.704 -3.7104 3.56469e-05 2
19.5216 3.8208 3.26621e-08 2
34.4 4.17118 2.41767e-08 2
31.624 4.5312 1.54482e-08 2
25.216 -13.5168 0.027911 2
31.7904 -10.9152 0.00660214 2
15.9488 -5.16 0.000108136 2
16.9088 7.1568 1.10687e-09 2
12.752 21.552 9.55238e-18 3
16.5776 30.8592 8.70606e-25 3
32.976 5.304 7.1739e-09 2
30.5472 8.54399 2.0234e-10 2
28.6592 14.2608 2.09144e-13 2
26.88 0.503998 7.358e-07 2
24.6784 17.616 2.38456e-15 2
29.5856 25.3296 9.94337e-21 3
23.6672 6.984 1.12017e-09 2
22.8976 -29.8512 0.93843 0
19.5232 10.2624 3.12121e-11 2
27.0224 -6.8304 0.000340365 2
30.7328 4.2048 2.11701e-08 2
18.752 20.6448 3.17448e-17 2
24.728 -3.94561 3.52056e-05 2
26.0384 3.792 3.07506e-08 2
22.5504 -3.0096 1.64146e-05 2
35.3088 5.54879 5.98537e-09 2
39.2896 4.4448 2.27427e-08 2
20.8752 -20.0352 0.430926 2
24.464 -15.648 0.0857261 2
29.8304 -34.6608 0.972116 0
28.9312 -1.6128 5.06121e-06 2
19.3504 -8.5056 0.00117649 2
26.3136 -31.2528 0.953953 0
-24.1776 1.008 1.03382e-06 1
-14.9232 -10.1808 0.00709062 1
-32.664 -12.0672 0.0275363 1
-22.7248 2.9664 1.53924e-07 1
-38.4464 -17.544 0.40652 1
-22.2448 -11.0064 0.0107572 1
-29.648 -22.2864 0.70474 0
-23.5984 10.8144 3.22442e-11 1
-22.6016 -33.8496 0.944677 0
-22.5968 -2.6208 2.45256e-05 1
-23.5024 -18.1776 0.319581 1
-13.9808 -11.232 0.0141067 1
-27.6896 0.0911987 2.722e-06 1
-16.1056 23.5056 5.52862e-19 1
-21.0384 -5.256 0.000200416 1
-21.2224 -26.9184 0.887185 0
-14.5152 -42.6432 0.92642 0
-16.1888 22.7184 1.96548e-18 1
-15.328 21.0816 2.54346e-17 1
-39.3824 9.3312 6.49729e-10 1
-27.2064 14.8272 2.61856e-13 1
-25.0944 -12.3504 0.0243757 1
-29.5936 -11.6304 0.0183576 1
-18.6896 6.8304 2.69554e-09 1
-29.9776 5.3856 1.85244e-08 1
-25.3232 5.4864 1.30242e-08 1
-28.5376 13.4112 1.74593e-12 1
-20.1536 -8.3376 0.00189752 1
-27.4016 17.8224 4.55448e-15 1
-19.88 11.0448 2.22692e-11 1
-17.1696 -18.4512 0.368884 1
-31.9344 -19.824 0.525513 0
-30.5824 10.5024 6.89221e-11 1
-29.0816 15.1344 1.97904e-13 1
-23.7472 -5.1696 0.000192842 1
-15.3872 43.5888 1.28067e-34 3
-27.6896 -37.8192 0.934021 0
-36.4128 11.9616 2.10283e-11 1
-23.8032 18.4176 1.62605e-15 1
-24.9984 9.768 1.16086e-10 1
-29.5696 18.8688 1.16474e-15 1
-26.68 5.0544 2.16131e-08 1
-28.728 5.3424 1.79015e-08 1
-26.744 5.45279 1.4353e-08 1
-17.0272 6.84 2.66477e-09 1
-22.4816 -14.064 0.06002 1
-17.0208 -3.4704 4.96051e-05 1
-21.6112 -2.2032 1.70537e-05 1
-30.9456 -3.4992 6.89206e-05 1
-22.6288 6.5952 3.68692e-09 1
-67.224 -30.4176 0.999478 0
-27.768 -26.2064 0.867144 0
-20.808 -32.4816 0.944231 0
-21.128 -20.6672 0.564595 0
-1.504 -31.6496 0.972123 0
-14.4 -19.84 0.534294 0
-29.808 -21.8976 0.679138 0
-7.896 -18.3328 0.435035 0
-16.304 -26.3888 0.892364 0
7.976 -18.6272 0.372724 2
8.672 -27.2064 0.916801 0
-28.016 -28.3088 0.907069 0
37.232 -27.9408 0.948136 0
10.4 -30.4576 0.952054 0
6.79998 -39.6592 0.972422 0
-36.32 -29.0688 0.936525 0
-10.944 -32.744 0.966273 0
30.16 -32.4272 0.965663 0
-19.776 -29.6112 0.929013 0
16.32 -17.32 0.190423 2
-11.92 -26.904 0.920007 0
9.408 -29.0992 0.941692 0
0.824003 -28.1088 0.948878 0
-9.25601 -33.36 0.970515 0
-5.184 -37.0528 0.977197 0
20.328 -24.3888 0.791765 0
-13.496 -25.4672 0.883061 0
4.912 -26.888 0.923129 0
-18.384 -28.5808 0.921563 0
-13.656 -21.5456 0.692735 0
-18.888 -29.3152 0.928302 0
12.52 -32.5328 0.961225 0
-99 -23.9872 1 0
12.128 -22.9616 0.735579 0
-64.528 -32.5216 0.999076 0
8.008 -26.376 0.902037 0
-10.008 -37.8272 0.969454 0
-8.35201 -34.0864 0.972915 0
-31.408 -31.8832 0.940058 0
-21.344 -22.7408 0.724499 0
8.376 -39.272 0.971711 0
-2.824 -32.0224 0.973303 0
19.96 -32.8064 0.958779 0
49.248 -22.2864 0.904301 0
50.696 -30.8768 0.992517 0
-19.072 -34.976 0.951617 0
6.39199 -25.7728 0.893857 0
10.176 -36.1808 0.971469 0
26.248 -36.176 0.970709 0
-3.76 -37.1936 0.978116 0
-10.496 31.0032 1.35804e-24 3
23.432 24.0624 1.04723e-19 3
24.944 36.3968 2.59654e-29 3
48.056 34.8624 1.58463e-28 3
-12.848 33.7824 9.90326e-27 3
0.831986 26.0496 6.87237e-21 3
27.28 30.8384 6.01598e-25 3
-7.144 37.0096 2.45748e-29 3
-11.168 33.688 1.13003e-26 3
10.088 32.5168 5.54623e-26 3
-6.176 18.0912 2.42789e-15 1
-32.76 26.5552 6.29753e-21 3
23.832 21.4672 7.42874e-18 2
6.528 25.3568 2.02502e-20 3
-11.328 37.2 1.90409e-29 3
-0.176012 27.912 2.71243e-22 3
4.41599 21.3776 1.64565e-17 3
-68.232 33.4672 8.58538e-26 3
38.488 25.9872 2.42991e-21 3
20.84 27.8368 1.63724e-22 3
69.536 35.5712 1.39514e-29 3
-44.08 26.488 1.10946e-20 3
9.232 34.496 1.57442e-27 3
18.664 29.3728 1.15616e-23 3
-6.152 10.176 7.43904e-11 1
-32 37.9792 9.91596e-30 3
5.93599 29.1024 2.88647e-23 3
-0.743998 24.8944 5.09448e-20 3
-1.912 37.3968 1.0761e-29 3
7.528 31.7312 2.4915e-25 3
-6.112 36.6384 4.74935e-29 3
-30.752 20.2288 1.66551e-16 1
-42.168 28.2944 4.508e-22 3
-27.184 22.3216 5.25276e-18 1
56.088 30.2864 5.05499e-25 3
-42.776 26.008 2.43936e-20 3
15.24 29.944 4.7269e-24 3
28.96 31.0448 3.88544e-25 3
-13.08 26.5232 3.48268e-21 3
-8.56 29.0176 4.37682e-23 3
68.4 25.904 8.72982e-22 3
-56.672 36.576 2.78734e-28 3
-47.816 20.9072 1.72589e-16 3
59.472 31.1344 9.02161e-26 3
31.464 46.3792 1.47834e-37 3
75.192 35.952 4.96487e-30 3
47.944 16.3232 2.25055e-14 2
-18.656 35.9616 2.25695e-28 3
6.632 29.8288 7.76003e-24 3
-22.296 33.8016 1.266e-26 3
