1.5952 25.4112 1.03594e-20 3
-2.7952 13.6512 7.50722e-13 1
2.6768 6.0192 5.45852e-09 2
-1.0672 -30.768 0.971246 0
-6.8256 13.4736 8.64268e-13 1
7.064 33.1536 8.18558e-27 3
3.9104 -27.8208 0.945556 0
4.96 1.5744 4.37979e-07 2
7.6848 -19.5504 0.479772 2
-1.3344 -4.40641 0.000111335 2
6.0576 29.5008 6.52895e-24 3
3.5616 26.9232 6.98944e-22 3
7.2368 -7.7664 0.000991995 2
-6.6976 20.5392 3.52105e-17 1
1.8384 3.0624 1.19055e-07 2
-4.8288 41.472 1.88931e-33 3
-8.12 4.7136 2.30531e-08 1
-5.5664 7.5888 1.07907e-09 1
2.4144 22.4448 1.6354e-18 3
5.728 -3.696 4.58041e-05 2
-5.464 -2.04 1.57802e-05 1
-6.384 3.11999 1.23228e-07 1
0.294401 -1.3152 7.72414e-06 2
12.6752 -8.5488 0.00134848 2
-0.491203 3.984 5.0776e-08 2
4.8576 -7.4112 0.000867429 2
2.6512 21.6864 5.72232e-18 3
-0.595203 -3.1392 3.83692e-05 2
3.7792 1.5216 4.89103e-07 2
5.4608 4.5984 2.12244e-08 2
0.7216 18.96 4.39774e-16 2
-1.1152 -0.148802 2.81644e-06 2
4.7776 29.76 4.22793e-24 3
-3.5216 14.8992 1.42761e-13 1
1.4544 10.6512 3.04581e-11 2
-3.0672 -11.3136 0.0165896 2
-0.441601 20.9808 1.85214e-17 3
-4.0288 17.3568 4.5862e-15 1
6.2784 -9.0576 0.00260331 2
-5.376 -3.744 6.71143e-05 1
-1.7296 3.312 1.02744e-07 2
3.7584 24.2688 7.23071e-20 3
5.6672 -9.57599 0.00383345 2
16.568 20.6016 2.1434e-17 2
8.5872 14.208 2.75675e-13 2
1.9408 -24.9504 0.896613 0
-3.3936 4.9728 1.88912e-08 2
-1.0352 -14.5152 0.0985418 2
-7.4432 1.9488 3.84627e-07 1
2.8 -2.44801 1.86476e-05 2
22.6096 24.0864 5.6723e-20 3
22.1888 35.0208 1.53769e-28 3
43.3552 -27.3168 0.963127 0
25.0128 -15.0672 0.0643403 2
21.2336 34.9872 1.69627e-28 3
17.704 22.3152 1.29522e-18 3
23.144 -17.4336 0.191231 2
23.5168 -11.0928 0.00613632 2
13.3712 -0.792 2.57848e-06 2
31.4736 18.072 7.93208e-16 2
26.08 2.2992 1.1167e-07 2
30.1376 -1.68 4.82269e-06 2
29.824 4.6848 1.0477e-08 2
31.6512 0.475199 7.02283e-07 2
17.816 -22.752 0.707275 0
25.9456 -1.9104 5.55966e-06 2
30.8032 -26.1312 0.894961 0
14.704 -3.7104 3.04243e-05 2
19.5216 3.8208 2.58879e-08 2
34.4 4.17118 2.01897e-08 2
31.624 4.5312 1.27778e-08 2
25.216 -13.5168 0.0274637 2
31.7904 -10.9152 0.00632481 2
15.9488 -5.16 9.45756e-05 2
16.9088 7.1568 8.25578e-10 2
12.752 21.552 5.33643e-18 3
16.5776 30.8592 3.9891e-25 3
32.976 5.304 5.90637e-09 2
30.5472 8.54399 1.59625e-10 2
28.6592 14.2608 1.5135e-13 2
26.88 0.503998 6.27003e-07 2
24.6784 17.616 1.57449e-15 2
29.5856 25.3296 5.4371e-21 3
23.6672 6.984 8.72167e-10 2
22.8976 -29.8512 0.945806 0
19.5232 10.2624 2.26707e-11 2
27.0224 -6.8304 0.0003136 2
30.7328 4.2048 1.75286e-08 2
18.752 20.6448 1.86949e-17 2
24.728 -3.94561 3.13173e-05 2
26.0384 3.792 2.51689e-08 2
22.5504 -3.0096 1.4352e-05 2
35.3088 5.54879 4.93927e-09 2
39.2896 4.4448 1.90326e-08 2
20.8752 -20.0352 0.442627 2
24.464 -15.648 0.0860486 2
29.8304 -34.6608 0.975656 0
28.9312 -1.6128 4.43435e-06 2
19.3504 -8.5056 0.00108571 2
26.3136 -31.2528 0.959508 0
-24.1776 1.008 7.53522e-07 1
-14.9232 -10.1808 0.00605277 1
-32.664 -12.0672 0.0228714 1
-22.7248 2.9664 1.09955e-07 1
-38.4464 -17.544 0.376052 1
-22.2448 -11.0064 0.00887271 1
-29.648 -22.2864 0.669065 0
-23.5984 10.8144 2.01469e-11 1
-22.6016 -33.8496 0.932399 0
-22.5968 -2.6208 1.87896e-05 1
-23.5024 -18.1776 0.283806 1
-13.9808 -11.232 0.0122086 1
-27.6896 0.0911987 1.98871e-06 1
-16.1056 23.5056 2.73941e-19 1
-21.0384 -5.256 0.000158768 1
-21.2224 -26.9184 0.868978 0
-14.5152 -42.6432 0.906529 0
-16.1888 22.7184 9.92453e-19 1
-15.328 21.0816 1.34787e-17 1
-39.3824 9.3312 4.1539e-10 1
-27.2064 14.8272 1.479e-13 1
-25.0944 -12.3504 0.0201508 1
-29.5936 -11.6304 0.0150758 1
-18.6896 6.8304 1.86471e-09 1
-29.9776 5.3856 1.24829e-08 1
-25.3232 5.4864 8.85734e-09 1
-28.5376 13.4112 1.01259e-12 1
-20.1536 -8.3376 0.00154916 1
-27.4016 17.8224 2.39971e-15 1
-19.88 11.0448 1.42055e-11 1
-17.1696 -18.4512 0.336761 1
-31.9344 -19.824 0.485296 1
-30.5824 10.5024 4.22896e-11 1
-29.0816 15.1344 1.10288e-13 1
-23.7472 -5.1696 0.000150953 1
-15.3872 43.5888 3.55413e-35 3
-27.6896 -37.8192 0.917166 0
-36.4128 11.9616 1.25613e-11 1
-23.8032 18.4176 8.60743e-16 1
-24.9984 9.768 7.34402e-11 1
-29.5696 18.8688 5.94613e-16 1
-26.68 5.0544 1.47321e-08 1
-28.728 5.3424 1.20897e-08 1
-26.744 5.45279 9.7195e-09 1
-17.0272 6.84 1.86685e-09 1
-22.4816 -14.064 0.0506497 1
-17.0208 -3.4704 3.95364e-05 1
-21.6112 -2.2032 1.30649e-05 1
-30.9456 -3.4992 5.25703e-05 1
-22.6288 6.5952 2.4947e-09 1
-67.224 -30.4176 0.999672 0
-27.768 -26.2064 0.84569 0
-20.808 -32.4816 0.932821 0
-21.128 -20.6672 0.524982 0
-1.504 -31.6496 0.974357 0
-14.4 -19.84 0.504877 0
-29.808 -21.8976 0.642021 0
-7.896 -18.3328 0.419675 0
-16.304 -26.3888 0.878179 0
7.976 -18.6272 0.375396 2
8.672 -27.2064 0.925275 0
-28.016 -28.3088 0.890645 0
37.232 -27.9408 0.95067 0
10.4 -30.4576 0.958669 0
6.79998 -39.6592 0.978179 0
-36.32 -29.0688 0.927592 0
-10.944 -32.744 0.962652 0
30.16 -32.4272 0.969526 0
-19.776 -29.6112 0.916482 0
16.32 -17.32 0.192653 2
-11.92 -26.904 0.912677 0
9.408 -29.0992 0.948886 0
0.824003 -28.1088 0.953095 0
-9.25601 -33.36 0.96818 0
-5.184 -37.0528 0.977182 0
20.328 -24.3888 0.806335 0
-13.496 -25.4672 0.871103 0
4.912 -26.888 0.930111 0
-18.384 -28.5808 0.908915 0
-13.656 -21.5456 0.668887 0
-18.888 -29.3152 0.916137 0
12.52 -32.5328 0.967341 0
-99 -23.9872 1 0
12.128 -22.9616 0.749484 0
-64.528 -32.5216 0.999369 0
8.008 -26.376 0.910989 0
-10.008 -37.8272 0.965396 0
-8.35201 -34.0864 0.971175 0
-31.408 -31.8832 0.928673 0
-21.344 -22.7408 0.691152 0
8.376 -39.272 0.977671 0
-2.824 -32.0224 0.974889 0
19.96 -32.8064 0.964968 0
49.248 -22.2864 0.898316 0
50.696 -30.8768 0.992042 0
-19.072 -34.976 0.940967 0
6.39199 -25.7728 0.902512 0
10.176 -36.1808 0.976867 0
26.248 -36.176 0.975176 0
-3.76 -37.1936 0.978944 0
-10.496 31.0032 5.77129e-25 3
23.432 24.0624 5.78034e-20 3
24.944 36.3968 1.06613e-29 3
48.056 34.8624 7.37701e-29 3
-12.848 33.7824 3.85226e-27 3
0.831986 26.0496 3.42877e-21 3
27.28 30.8384 2.86813e-25 3
-7.144 37.0096 9.00358e-30 3
-11.168 33.688 4.45044e-27 3
10.088 32.5168 2.39628e-26 3
-6.176 18.0912 1.49296e-15 1
-32.76 26.5552 2.71991e-21 3
23.832 21.4672 4.40258e-18 3
6.528 25.3568 1.02702e-20 3
-11.328 37.2 6.76771e-30 3
-0.176012 27.912 1.29163e-22 3
4.41599 21.3776 9.18171e-18 3
-68.232 33.4672 3.00944e-26 3
38.488 25.9872 1.33561e-21 3
20.84 27.8368 8.173e-23 3
69.536 35.5712 7.03666e-30 3
-44.08 26.488 4.79597e-21 3
9.232 34.496 6.4567e-28 3
18.664 29.3728 5.52546e-24 3
-6.152 10.176 5.32463e-11 1
-32 37.9792 3.13449e-30 3
5.93599 29.1024 1.34331e-23 3
-0.743998 24.8944 2.61628e-20 3
-1.912 37.3968 3.98716e-30 3
7.528 31.7312 1.09175e-25 3
-6.112 36.6384 1.76778e-29 3
-30.752 20.2288 8.22421e-17 1
-42.168 28.2944 1.87029e-22 3
-27.184 22.3216 2.50386e-18 1
56.088 30.2864 2.68708e-25 3
-42.776 26.008 1.06618e-20 3
15.24 29.944 2.20287e-24 3
28.96 31.0448 1.85425e-25 3
-13.08 26.5232 1.63496e-21 3
-8.56 29.0176 1.97777e-23 3
68.4 25.904 5.26172e-22 3
-56.672 36.576 9.00328e-29 3
-47.816 20.9072 8.38926e-17 3
59.472 31.1344 4.78247e-26 3
31.464 46.3792 4.88614e-38 3
75.192 35.952 2.55421e-30 3
47.944 16.3232 1.58079e-14 2
-18.656 35.9616 7.95805e-29 3
6.632 29.8288 3.55364e-24 3
-22.296 33.8016 4.67627e-27 3
