1.5952 25.4112 1.9946e-20 3
-2.7952 13.6512 1.09129e-12 1
2.6768 6.0192 7.4102e-09 2
-1.0672 -30.768 0.968844 0
-6.8256 13.4736 1.25816e-12 1
7.064 33.1536 1.87576e-26 3
3.9104 -27.8208 0.940225 0
4.96 1.5744 5.65907e-07 2
7.6848 -19.5504 0.475969 2
-1.3344 -4.40641 0.000132127 2
6.0576 29.5008 1.37583e-23 3
3.5616 26.9232 1.39299e-21 3
7.2368 -7.7664 0.00113312 2
-6.6976 20.5392 6.03115e-17 1
1.8384 3.0624 1.5565e-07 2
-4.8288 41.472 5.56817e-33 3
-8.12 4.7136 2.98447e-08 1
-5.5664 7.5888 1.44136e-09 1
2.4144 22.4448 2.93181e-18 3
5.728 -3.696 5.53136e-05 2
-5.464 -2.04 1.89817e-05 1
-6.384 3.11999 1.56336e-07 1
0.294401 -1.3152 9.54465e-06 2
12.6752 -8.5488 0.00149725 2
-0.491203 3.984 6.63543e-08 2
4.8576 -7.4112 0.00100006 2
2.6512 21.6864 1.00709e-17 3
-0.595203 -3.1392 4.62946e-05 2
3.7792 1.5216 6.30965e-07 2
5.4608 4.5984 2.8488e-08 2
0.7216 18.96 7.19221e-16 1
-1.1152 -0.148802 3.50607e-06 2
4.7776 29.76 8.97666e-24 3
-3.5216 14.8992 2.11824e-13 1
1.4544 10.6512 4.33754e-11 2
-3.0672 -11.3136 0.0182158 2
-0.441601 20.9808 3.18313e-17 3
-4.0288 17.3568 7.16824e-15 1
6.2784 -9.0576 0.00293115 2
-5.376 -3.744 7.9375e-05 1
-1.7296 3.312 1.3244e-07 2
3.7584 24.2688 1.35606e-19 3
5.6672 -9.57599 0.00429269 2
16.568 20.6016 3.60028e-17 2
8.5872 14.208 4.19977e-13 2
1.9408 -24.9504 0.890975 0
-3.3936 4.9728 2.46084e-08 1
-1.0352 -14.5152 0.1041 2
-7.4432 1.9488 4.82014e-07 1
2.8 -2.44801 2.28812e-05 2
22.6096 24.0864 1.00942e-19 3
22.1888 35.0208 3.53496e-28 3
43.3552 -27.3168 0.96247 0
25.0128 -15.0672 0.0645893 2
21.2336 34.9872 3.90925e-28 3
17.704 22.3152 2.25572e-18 3
23.144 -17.4336 0.188418 2
23.5168 -11.0928 0.00641655 2
13.3712 -0.792 3.14888e-06 2
31.4736 18.072 1.16393e-15 2
26.08 2.2992 1.3381e-07 2
30.1376 -1.68 5.48943e-06 2
29.824 4.6848 1.27283e-08 2
31.6512 0.475199 8.14465e-07 2
17.816 -22.752 0.692709 0
25.9456 -1.9104 6.36871e-06 2
30.8032 -26.1312 0.887134 0
14.704 -3.7104 3.55878e-05 2
19.5216 3.8208 3.2487e-08 2
34.4 4.17118 2.41599e-08 2
31.624 4.5312 1.54262e-08 2
25.216 -13.5168 0.0279767 2
31.7904 -10.9152 0.00660624 2
15.9488 -5.16 0.000108091 2
16.9088 7.1568 1.09652e-09 2
12.752 21.552 9.32352e-18 3
16.5776 30.8592 8.45714e-25 3
32.976 5.304 7.16436e-09 2
30.5472 8.54399 2.01637e-10 2
28.6592 14.2608 2.07413e-13 2
26.88 0.503998 7.35031e-07 2
24.6784 17.616 2.35036e-15 2
29.5856 25.3296 9.74278e-21 3
23.6672 6.984 1.11381e-09 2
22.8976 -29.8512 0.938556 0
19.5232 10.2624 3.08813e-11 2
27.0224 -6.8304 0.000340767 2
30.7328 4.2048 2.11375e-08 2
18.752 20.6448 3.10733e-17 2
24.728 -3.94561 3.52167e-05 2
26.0384 3.792 3.06651e-08 2
22.5504 -3.0096 1.64088e-05 2
35.3088 5.54879 5.98035e-09 2
39.2896 4.4448 2.27422e-08 2
20.8752 -20.0352 0.431988 2
24.464 -15.648 0.0859448 2
29.8304 -34.6608 0.971939 0
28.9312 -1.6128 5.06112e-06 2
19.3504 -8.5056 0.00117855 2
26.3136 -31.2528 0.953901 0
-24.1776 1.008 1.01927e-06 1
-14.9232 -10.1808 0.007027 1
-32.664 -12.0672 0.0273021 1
-22.7248 2.9664 1.51679e-07 1
-38.4464 -17.544 0.405512 1
-22.2448 -11.0064 0.0106455 1
-29.648 -22.2864 0.702885 0
-23.5984 10.8144 3.16125e-11 1
-22.6016 -33.8496 0.943838 0
-22.5968 -2.6208 2.42239e-05 1
-23.5024 -18.1776 0.317309 1
-13.9808 -11.232 0.0139864 1
-27.6896 0.0911987 2.68321e-06 1
-16.1056 23.5056 5.38785e-19 1
-21.0384 -5.256 0.000198161 1
-21.2224 -26.9184 0.885883 0
-14.5152 -42.6432 0.924736 0
-16.1888 22.7184 1.91692e-18 1
-15.328 21.0816 2.48612e-17 1
-39.3824 9.3312 6.35506e-10 1
-27.2064 14.8272 2.55444e-13 1
-25.0944 -12.3504 0.0241303 1
-29.5936 -11.6304 0.0181819 1
-18.6896 6.8304 2.65564e-09 1
-29.9776 5.3856 1.81941e-08 1
-25.3232 5.4864 1.28056e-08 1
-28.5376 13.4112 1.7043e-12 1
-20.1536 -8.3376 0.00187755 1
-27.4016 17.8224 4.43107e-15 1
-19.88 11.0448 2.18734e-11 1
-17.1696 -18.4512 0.366481 1
-31.9344 -19.824 0.523584 0
-30.5824 10.5024 6.74049e-11 1
-29.0816 15.1344 1.92843e-13 1
-23.7472 -5.1696 0.000190585 1
-15.3872 43.5888 1.21901e-34 3
-27.6896 -37.8192 0.933079 0
-36.4128 11.9616 2.0513e-11 1
-23.8032 18.4176 1.5843e-15 1
-24.9984 9.768 1.13825e-10 1
-29.5696 18.8688 1.13116e-15 1
-26.68 5.0544 2.12479e-08 1
-28.728 5.3424 1.75871e-08 1
-26.744 5.45279 1.41065e-08 1
-17.0272 6.84 2.62749e-09 1
-22.4816 -14.064 0.0594366 1
-17.0208 -3.4704 4.9081e-05 1
-21.6112 -2.2032 1.68454e-05 1
-30.9456 -3.4992 6.80595e-05 1
-22.6288 6.5952 3.62625e-09 1
-67.224 -30.4176 0.999499 0
-27.768 -26.2064 0.865939 0
-20.808 -32.4816 0.943396 0
-21.128 -20.6672 0.56187 0
-1.504 -31.6496 0.972248 0
-14.4 -19.84 0.531873 0
-29.808 -21.8976 0.677219 0
-7.896 -18.3328 0.433909 0
-16.304 -26.3888 0.891145 0
7.976 -18.6272 0.37427 2
8.672 -27.2064 0.917547 0
-28.016 -28.3088 0.906151 0
37.232 -27.9408 0.947657 0
10.4 -30.4576 0.952506 0
6.79998 -39.6592 0.972719 0
-36.32 -29.0688 0.936236 0
-10.944 -32.744 0.96585 0
30.16 -32.4272 0.965481 0
-19.776 -29.6112 0.928058 0
16.32 -17.32 0.191224 2
-11.92 -26.904 0.919227 0
9.408 -29.0992 0.942243 0
0.824003 -28.1088 0.949248 0
-9.25601 -33.36 0.970196 0
-5.184 -37.0528 0.977071 0
20.328 -24.3888 0.792533 0
-13.496 -25.4672 0.881915 0
4.912 -26.888 0.923818 0
-18.384 -28.5808 0.920549 0
-13.656 -21.5456 0.690647 0
-18.888 -29.3152 0.927344 0
12.52 -32.5328 0.961562 0
-99 -23.9872 1 0
12.128 -22.9616 0.7371 0
-64.528 -32.5216 0.99911 0
8.008 -26.376 0.902891 0
-10.008 -37.8272 0.968981 0
-8.35201 -34.0864 0.972647 0
-31.408 -31.8832 0.939514 0
-21.344 -22.7408 0.722188 0
8.376 -39.272 0.972009 0
-2.824 -32.0224 0.973358 0
19.96 -32.8064 0.958928 0
49.248 -22.2864 0.9028 0
50.696 -30.8768 0.9923 0
-19.072 -34.976 0.950795 0
6.39199 -25.7728 0.894762 0
10.176 -36.1808 0.971754 0
26.248 -36.176 0.970609 0
-3.76 -37.1936 0.978068 0
-10.496 31.0032 1.31588e-24 3
23.432 24.0624 1.02471e-19 3
24.944 36.3968 2.51457e-29 3
48.056 34.8624 1.54694e-28 3
-12.848 33.7824 9.55543e-27 3
0.831986 26.0496 6.70379e-21 3
27.28 30.8384 5.8619e-25 3
-7.144 37.0096 2.3678e-29 3
-11.168 33.688 1.09124e-26 3
10.088 32.5168 5.37508e-26 3
-6.176 18.0912 2.39039e-15 1
-32.76 26.5552 6.07891e-21 3
23.832 21.4672 7.2874e-18 2
6.528 25.3568 1.97385e-20 3
-11.328 37.2 1.83108e-29 3
-0.176012 27.912 2.64138e-22 3
4.41599 21.3776 1.60905e-17 3
-68.232 33.4672 8.19369e-26 3
38.488 25.9872 2.38502e-21 3
20.84 27.8368 1.59601e-22 3
69.536 35.5712 1.36928e-29 3
-44.08 26.488 1.07096e-20 3
9.232 34.496 1.52283e-27 3
18.664 29.3728 1.12502e-23 3
-6.152 10.176 7.3544e-11 1
-32 37.9792 9.438e-30 3
5.93599 29.1024 2.80588e-23 3
-0.743998 24.8944 4.97691e-20 3
-1.912 37.3968 1.03763e-29 3
7.528 31.7312 2.41618e-25 3
-6.112 36.6384 4.57933e-29 3
-30.752 20.2288 1.61526e-16 1
-42.168 28.2944 4.34341e-22 3
-27.184 22.3216 5.09327e-18 1
56.088 30.2864 4.96209e-25 3
-42.776 26.008 2.35567e-20 3
15.24 29.944 4.59396e-24 3
28.96 31.0448 3.78721e-25 3
-13.08 26.5232 3.38834e-21 3
-8.56 29.0176 4.25339e-23 3
68.4 25.904 8.61367e-22 3
-56.672 36.576 2.65183e-28 3
-47.816 20.9072 1.67421e-16 3
59.472 31.1344 8.85806e-26 3
31.464 46.3792 1.47533e-37 3
75.192 35.952 4.87987e-30 3
47.944 16.3232 2.24004e-14 2
-18.656 35.9616 2.16551e-28 3
6.632 29.8288 7.53835e-24 3
-22.296 33.8016 1.21602e-26 3
