1.5952 25.4112 1.73568e-20 3
-2.7952 13.6512 1.00806e-12 1
2.6768 6.0192 6.93179e-09 2
-1.0672 -30.768 0.969432 0
-6.8256 13.4736 1.165e-12 1
7.064 33.1536 1.56782e-26 3
3.9104 -27.8208 0.942121 0
4.96 1.5744 5.3767e-07 2
7.6848 -19.5504 0.480924 2
-1.3344 -4.40641 0.000127993 2
6.0576 29.5008 1.1716e-23 3
3.5616 26.9232 1.20178e-21 3
7.2368 -7.7664 0.00111599 2
-6.6976 20.5392 5.40975e-17 1
1.8384 3.0624 1.4717e-07 2
-4.8288 41.472 4.42516e-33 3
-8.12 4.7136 2.82435e-08 1
-5.5664 7.5888 1.35588e-09 1
2.4144 22.4448 2.58614e-18 3
5.728 -3.696 5.36255e-05 2
-5.464 -2.04 1.82533e-05 1
-6.384 3.11999 1.48594e-07 1
0.294401 -1.3152 9.16104e-06 2
12.6752 -8.5488 0.001485 2
-0.491203 3.984 6.26943e-08 2
4.8576 -7.4112 0.000981783 2
2.6512 21.6864 8.91121e-18 3
-0.595203 -3.1392 4.46865e-05 2
3.7792 1.5216 5.99476e-07 2
5.4608 4.5984 2.67583e-08 2
0.7216 18.96 6.46774e-16 1
-1.1152 -0.148802 3.35466e-06 2
4.7776 29.76 7.63517e-24 3
-3.5216 14.8992 1.95082e-13 1
1.4544 10.6512 4.0052e-11 2
-3.0672 -11.3136 0.0179368 2
-0.441601 20.9808 2.84073e-17 3
-4.0288 17.3568 6.54142e-15 1
6.2784 -9.0576 0.00289721 2
-5.376 -3.744 7.66175e-05 1
-1.7296 3.312 1.25539e-07 2
3.7584 24.2688 1.18431e-19 3
5.6672 -9.57599 0.0042482 2
16.568 20.6016 3.19629e-17 2
8.5872 14.208 3.79646e-13 2
1.9408 -24.9504 0.893414 0
-3.3936 4.9728 2.32632e-08 1
-1.0352 -14.5152 0.103711 2
-7.4432 1.9488 4.59121e-07 1
2.8 -2.44801 2.2048e-05 2
22.6096 24.0864 8.9138e-20 3
22.1888 35.0208 2.95685e-28 3
43.3552 -27.3168 0.960941 0
25.0128 -15.0672 0.0649423 2
21.2336 34.9872 3.26704e-28 3
17.704 22.3152 1.99168e-18 3
23.144 -17.4336 0.189957 2
23.5168 -11.0928 0.00642349 2
13.3712 -0.792 3.04602e-06 2
31.4736 18.072 1.08151e-15 2
26.08 2.2992 1.30379e-07 2
30.1376 -1.68 5.41103e-06 2
29.824 4.6848 1.23806e-08 2
31.6512 0.475199 8.00302e-07 2
17.816 -22.752 0.697282 0
25.9456 -1.9104 6.26732e-06 2
30.8032 -26.1312 0.887059 0
14.704 -3.7104 3.48295e-05 2
19.5216 3.8208 3.12161e-08 2
34.4 4.17118 2.36219e-08 2
31.624 4.5312 1.50379e-08 2
25.216 -13.5168 0.0280822 2
31.7904 -10.9152 0.00658347 2
15.9488 -5.16 0.000106405 2
16.9088 7.1568 1.03559e-09 2
12.752 21.552 8.20277e-18 3
16.5776 30.8592 7.18883e-25 3
32.976 5.304 6.98154e-09 2
30.5472 8.54399 1.94409e-10 2
28.6592 14.2608 1.9549e-13 2
26.88 0.503998 7.19903e-07 2
24.6784 17.616 2.15879e-15 2
29.5856 25.3296 8.63497e-21 3
23.6672 6.984 1.06668e-09 2
22.8976 -29.8512 0.939549 0
19.5232 10.2624 2.89702e-11 2
27.0224 -6.8304 0.000338644 2
30.7328 4.2048 2.06024e-08 2
18.752 20.6448 2.76985e-17 2
24.728 -3.94561 3.47855e-05 2
26.0384 3.792 2.97595e-08 2
22.5504 -3.0096 1.61498e-05 2
35.3088 5.54879 5.83646e-09 2
39.2896 4.4448 2.22805e-08 2
20.8752 -20.0352 0.435706 2
24.464 -15.648 0.0864894 2
29.8304 -34.6608 0.971787 0
28.9312 -1.6128 4.98578e-06 2
19.3504 -8.5056 0.00117329 2
26.3136 -31.2528 0.954267 0
-24.1776 1.008 9.49637e-07 1
-14.9232 -10.1808 0.00674838 1
-32.664 -12.0672 0.0261945 1
-22.7248 2.9664 1.40803e-07 1
-38.4464 -17.544 0.399791 1
-22.2448 -11.0064 0.0101533 1
-29.648 -22.2864 0.694511 0
-23.5984 10.8144 2.85377e-11 1
-22.6016 -33.8496 0.940387 0
-22.5968 -2.6208 2.27989e-05 1
-23.5024 -18.1776 0.307698 1
-13.9808 -11.232 0.0134667 1
-27.6896 0.0911987 2.49968e-06 1
-16.1056 23.5056 4.66753e-19 1
-21.0384 -5.256 0.000187697 1
-21.2224 -26.9184 0.880602 0
-14.5152 -42.6432 0.918065 0
-16.1888 22.7184 1.6674e-18 1
-15.328 21.0816 2.18627e-17 1
-39.3824 9.3312 5.71428e-10 1
-27.2064 14.8272 2.25163e-13 1
-25.0944 -12.3504 0.0230429 1
-29.5936 -11.6304 0.0173745 1
-18.6896 6.8304 2.45436e-09 1
-29.9776 5.3856 1.66408e-08 1
-25.3232 5.4864 1.17562e-08 1
-28.5376 13.4112 1.50915e-12 1
-20.1536 -8.3376 0.00178772 1
-27.4016 17.8224 3.84996e-15 1
-19.88 11.0448 1.98812e-11 1
-17.1696 -18.4512 0.356829 1
-31.9344 -19.824 0.514525 0
-30.5824 10.5024 6.03456e-11 1
-29.0816 15.1344 1.69252e-13 1
-23.7472 -5.1696 0.000180096 1
-15.3872 43.5888 9.31777e-35 3
-27.6896 -37.8192 0.928964 0
-36.4128 11.9616 1.81867e-11 1
-23.8032 18.4176 1.38229e-15 1
-24.9984 9.768 1.02928e-10 1
-29.5696 18.8688 9.74968e-16 1
-26.68 5.0544 1.95061e-08 1
-28.728 5.3424 1.61008e-08 1
-26.744 5.45279 1.29316e-08 1
-17.0272 6.84 2.4366e-09 1
-22.4816 -14.064 0.0569305 1
-17.0208 -3.4704 4.6591e-05 1
-21.6112 -2.2032 1.5857e-05 1
-30.9456 -3.4992 6.4005e-05 1
-22.6288 6.5952 3.32962e-09 1
-67.224 -30.4176 0.999571 0
-27.768 -26.2064 0.860677 0
-20.808 -32.4816 0.940023 0
-21.128 -20.6672 0.550677 0
-1.504 -31.6496 0.972705 0
-14.4 -19.84 0.522365 0
-29.808 -21.8976 0.668527 0
-7.896 -18.3328 0.42913 0
-16.304 -26.3888 0.886412 0
7.976 -18.6272 0.378415 2
8.672 -27.2064 0.920208 0
-28.016 -28.3088 0.902144 0
37.232 -27.9408 0.946591 0
10.4 -30.4576 0.954257 0
6.79998 -39.6592 0.97398 0
-36.32 -29.0688 0.934649 0
-10.944 -32.744 0.964274 0
30.16 -32.4272 0.965345 0
-19.776 -29.6112 0.924247 0
16.32 -17.32 0.193426 2
-11.92 -26.904 0.916302 0
9.408 -29.0992 0.944294 0
0.824003 -28.1088 0.950516 0
-9.25601 -33.36 0.96902 0
-5.184 -37.0528 0.976627 0
20.328 -24.3888 0.795806 0
-13.496 -25.4672 0.877549 0
4.912 -26.888 0.926175 0
-18.384 -28.5808 0.916551 0
-13.656 -21.5456 0.68255 0
-18.888 -29.3152 0.923549 0
12.52 -32.5328 0.96298 0
-99 -23.9872 1 0
12.128 -22.9616 0.742228 0
-64.528 -32.5216 0.999222 0
8.008 -26.376 0.905864 0
-10.008 -37.8272 0.967199 0
-8.35201 -34.0864 0.971664 0
-31.408 -31.8832 0.937005 0
-21.344 -22.7408 0.712726 0
8.376 -39.272 0.973297 0
-2.824 -32.0224 0.973565 0
19.96 -32.8064 0.959878 0
49.248 -22.2864 0.898159 0
50.696 -30.8768 0.991646 0
-19.072 -34.976 0.947508 0
6.39199 -25.7728 0.897828 0
10.176 -36.1808 0.972967 0
26.248 -36.176 0.970749 0
-3.76 -37.1936 0.977916 0
-10.496 31.0032 1.1033e-24 3
23.432 24.0624 9.06175e-20 3
24.944 36.3968 2.09338e-29 3
48.056 34.8624 1.33182e-28 3
-12.848 33.7824 7.84811e-27 3
0.831986 26.0496 5.81721e-21 3
27.28 30.8384 5.0427e-25 3
-7.144 37.0096 1.92359e-29 3
-11.168 33.688 8.99317e-27 3
10.088 32.5168 4.51168e-26 3
-6.176 18.0912 2.17381e-15 1
-32.76 26.5552 5.06222e-21 3
23.832 21.4672 6.53615e-18 2
6.528 25.3568 1.71232e-20 3
-11.328 37.2 1.47592e-29 3
-0.176012 27.912 2.27031e-22 3
4.41599 21.3776 1.42149e-17 3
-68.232 33.4672 6.47296e-26 3
38.488 25.9872 2.12403e-21 3
20.84 27.8368 1.38214e-22 3
69.536 35.5712 1.20406e-29 3
-44.08 26.488 8.92053e-21 3
9.232 34.496 1.26426e-27 3
18.664 29.3728 9.65049e-24 3
-6.152 10.176 6.87493e-11 1
-32 37.9792 7.31729e-30 3
5.93599 29.1024 2.39398e-23 3
-0.743998 24.8944 4.34933e-20 3
-1.912 37.3968 8.45166e-30 3
7.528 31.7312 2.03486e-25 3
-6.112 36.6384 3.73319e-29 3
-30.752 20.2288 1.38223e-16 1
-42.168 28.2944 3.5833e-22 3
-27.184 22.3216 4.33926e-18 1
56.088 30.2864 4.39758e-25 3
-42.776 26.008 1.96669e-20 3
15.24 29.944 3.91747e-24 3
28.96 31.0448 3.26075e-25 3
-13.08 26.5232 2.90426e-21 3
-8.56 29.0176 3.61782e-23 3
68.4 25.904 7.84439e-22 3
-56.672 36.576 2.05895e-28 3
-47.816 20.9072 1.43167e-16 3
59.472 31.1344 7.85024e-26 3
31.464 46.3792 1.22224e-37 3
75.192 35.952 4.31432e-30 3
47.944 16.3232 2.12518e-14 2
-18.656 35.9616 1.73473e-28 3
6.632 29.8288 6.40896e-24 3
-22.296 33.8016 9.82113e-27 3
