1.5952 25.4112 1.81207e-20 3
-2.7952 13.6512 1.12342e-12 1
2.6768 6.0192 6.88375e-09 2
-1.0672 -30.768 0.975319 0
-6.8256 13.4736 1.25894e-12 1
7.064 33.1536 1.70631e-26 3
3.9104 -27.8208 0.95126 0
4.96 1.5744 4.96751e-07 2
7.6848 -19.5504 0.483051 2
-1.3344 -4.40641 0.000117202 2
6.0576 29.5008 1.25162e-23 3
3.5616 26.9232 1.26363e-21 3
7.2368 -7.7664 0.000989058 2
-6.6976 20.5392 5.58603e-17 1
1.8384 3.0624 1.40396e-07 2
-4.8288 41.472 4.70457e-33 3
-8.12 4.7136 2.88553e-08 1
-5.5664 7.5888 1.42252e-09 1
2.4144 22.4448 2.75225e-18 3
5.728 -3.696 4.75428e-05 2
-5.464 -2.04 1.76498e-05 1
-6.384 3.11999 1.49891e-07 1
0.294401 -1.3152 8.4271e-06 2
12.6752 -8.5488 0.00135546 2
-0.491203 3.984 6.1582e-08 2
4.8576 -7.4112 0.000865895 2
2.6512 21.6864 9.57665e-18 3
-0.595203 -3.1392 4.0897e-05 2
3.7792 1.5216 5.55403e-07 2
5.4608 4.5984 2.57161e-08 2
0.7216 18.96 7.16086e-16 3
-1.1152 -0.148802 3.1576e-06 2
4.7776 29.76 8.13307e-24 3
-3.5216 14.8992 2.16842e-13 1
1.4544 10.6512 4.33646e-11 2
-3.0672 -11.3136 0.016699 2
-0.441601 20.9808 3.03601e-17 3
-4.0288 17.3568 7.1442e-15 1
6.2784 -9.0576 0.0025716 2
-5.376 -3.744 7.33812e-05 2
-1.7296 3.312 1.23422e-07 2
3.7584 24.2688 1.24986e-19 3
5.6672 -9.57599 0.00377432 2
16.568 20.6016 3.70604e-17 3
8.5872 14.208 4.33785e-13 2
1.9408 -24.9504 0.90207 0
-3.3936 4.9728 2.36066e-08 2
-1.0352 -14.5152 0.0973378 2
-7.4432 1.9488 4.60361e-07 1
2.8 -2.44801 1.9789e-05 2
22.6096 24.0864 1.00396e-19 3
22.1888 35.0208 3.40649e-28 3
43.3552 -27.3168 0.973854 0
25.0128 -15.0672 0.0678782 2
21.2336 34.9872 3.75203e-28 3
17.704 22.3152 2.26246e-18 3
23.144 -17.4336 0.20245 2
23.5168 -11.0928 0.00634931 2
13.3712 -0.792 2.80468e-06 2
31.4736 18.072 1.27233e-15 2
26.08 2.2992 1.2822e-07 2
30.1376 -1.68 5.24214e-06 2
29.824 4.6848 1.24998e-08 2
31.6512 0.475199 7.81776e-07 2
17.816 -22.752 0.730366 0
25.9456 -1.9104 6.02579e-06 2
30.8032 -26.1312 0.917102 0
14.704 -3.7104 3.19081e-05 2
19.5216 3.8208 3.0661e-08 2
34.4 4.17118 2.36603e-08 2
31.624 4.5312 1.51533e-08 2
25.216 -13.5168 0.0287753 2
31.7904 -10.9152 0.00666959 2
15.9488 -5.16 9.80315e-05 2
16.9088 7.1568 1.057e-09 2
12.752 21.552 9.24685e-18 3
16.5776 30.8592 7.99773e-25 3
32.976 5.304 7.08739e-09 2
30.5472 8.54399 2.06594e-10 2
28.6592 14.2608 2.28267e-13 2
26.88 0.503998 7.00178e-07 2
24.6784 17.616 2.59136e-15 2
29.5856 25.3296 9.69007e-21 3
23.6672 6.984 1.1034e-09 2
22.8976 -29.8512 0.959551 0
19.5232 10.2624 3.14438e-11 2
27.0224 -6.8304 0.000328422 2
30.7328 4.2048 2.06958e-08 2
18.752 20.6448 3.22809e-17 3
24.728 -3.94561 3.32654e-05 2
26.0384 3.792 2.96735e-08 2
22.5504 -3.0096 1.53405e-05 2
35.3088 5.54879 5.92165e-09 2
39.2896 4.4448 2.21408e-08 2
20.8752 -20.0352 0.465195 2
24.464 -15.648 0.0908716 2
29.8304 -34.6608 0.985292 0
28.9312 -1.6128 4.82395e-06 2
19.3504 -8.5056 0.00111274 2
26.3136 -31.2528 0.971764 0
-24.1776 1.008 8.81747e-07 1
-14.9232 -10.1808 0.00655598 1
-32.664 -12.0672 0.0238625 1
-22.7248 2.9664 1.31798e-07 1
-38.4464 -17.544 0.379642 1
-22.2448 -11.0064 0.0094917 1
-29.648 -22.2864 0.674804 0
-23.5984 10.8144 2.67617e-11 1
-22.6016 -33.8496 0.938277 0
-22.5968 -2.6208 2.12682e-05 1
-23.5024 -18.1776 0.293178 1
-13.9808 -11.232 0.013147 1
-27.6896 0.0911987 2.29472e-06 1
-16.1056 23.5056 4.47745e-19 1
-21.0384 -5.256 0.000176321 1
-21.2224 -26.9184 0.876413 0
-14.5152 -42.6432 0.924945 0
-16.1888 22.7184 1.59754e-18 1
-15.328 21.0816 2.11002e-17 1
-39.3824 9.3312 5.42603e-10 1
-27.2064 14.8272 2.07903e-13 1
-25.0944 -12.3504 0.0212893 1
-29.5936 -11.6304 0.0158413 1
-18.6896 6.8304 2.3625e-09 1
-29.9776 5.3856 1.53124e-08 1
-25.3232 5.4864 1.09121e-08 1
-28.5376 13.4112 1.39336e-12 1
-20.1536 -8.3376 0.00168764 1
-27.4016 17.8224 3.52818e-15 1
-19.88 11.0448 1.90404e-11 1
-17.1696 -18.4512 0.350712 1
-31.9344 -19.824 0.490552 1
-30.5824 10.5024 5.57394e-11 1
-29.0816 15.1344 1.55679e-13 1
-23.7472 -5.1696 0.00016697 1
-15.3872 43.5888 9.36805e-35 3
-27.6896 -37.8192 0.924373 0
-36.4128 11.9616 1.69807e-11 1
-23.8032 18.4176 1.27954e-15 1
-24.9984 9.768 9.5955e-11 1
-29.5696 18.8688 8.88227e-16 1
-26.68 5.0544 1.80264e-08 1
-28.728 5.3424 1.48282e-08 1
-26.744 5.45279 1.19532e-08 1
-17.0272 6.84 2.37403e-09 1
-22.4816 -14.064 0.0534199 1
-17.0208 -3.4704 4.47933e-05 1
-21.6112 -2.2032 1.48685e-05 1
-30.9456 -3.4992 5.84022e-05 1
-22.6288 6.5952 3.12879e-09 1
-67.224 -30.4176 0.999683 0
-27.768 -26.2064 0.850556 0
-20.808 -32.4816 0.938712 0
-21.128 -20.6672 0.538112 0
-1.504 -31.6496 0.978342 0
-14.4 -19.84 0.52149 0
-29.808 -21.8976 0.647856 0
-7.896 -18.3328 0.43045 0
-16.304 -26.3888 0.886981 0
7.976 -18.6272 0.376847 2
8.672 -27.2064 0.934027 0
-28.016 -28.3088 0.894768 0
37.232 -27.9408 0.964513 0
10.4 -30.4576 0.966626 0
6.79998 -39.6592 0.986241 0
-36.32 -29.0688 0.9288 0
-10.944 -32.744 0.967859 0
30.16 -32.4272 0.980131 0
-19.776 -29.6112 0.922852 0
16.32 -17.32 0.198522 2
-11.92 -26.904 0.920346 0
9.408 -29.0992 0.956981 0
0.824003 -28.1088 0.957809 0
-9.25601 -33.36 0.97305 0
-5.184 -37.0528 0.982207 0
20.328 -24.3888 0.830078 0
-13.496 -25.4672 0.880697 0
4.912 -26.888 0.936572 0
-18.384 -28.5808 0.915899 0
-13.656 -21.5456 0.684429 0
-18.888 -29.3152 0.922728 0
12.52 -32.5328 0.97553 0
-99 -23.9872 1 0
12.128 -22.9616 0.764399 0
-64.528 -32.5216 0.999386 0
8.008 -26.376 0.919735 0
-10.008 -37.8272 0.972085 0
-8.35201 -34.0864 0.975932 0
-31.408 -31.8832 0.931558 0
-21.344 -22.7408 0.702691 0
8.376 -39.272 0.985999 0
-2.824 -32.0224 0.978853 0
19.96 -32.8064 0.975558 0
49.248 -22.2864 0.918391 0
50.696 -30.8768 0.995167 0
-19.072 -34.976 0.947617 0
6.39199 -25.7728 0.910291 0
10.176 -36.1808 0.984188 0
26.248 -36.176 0.985389 0
-3.76 -37.1936 0.983849 0
-10.496 31.0032 1.12089e-24 3
23.432 24.0624 1.02154e-19 3
24.944 36.3968 2.44355e-29 3
48.056 34.8624 1.66341e-28 3
-12.848 33.7824 7.98196e-27 3
0.831986 26.0496 6.05689e-21 3
27.28 30.8384 5.77331e-25 3
-7.144 37.0096 2.01749e-29 3
-11.168 33.688 9.20732e-27 3
10.088 32.5168 4.94547e-26 3
-6.176 18.0912 2.31214e-15 1
-32.76 26.5552 4.75478e-21 3
23.832 21.4672 7.56866e-18 3
6.528 25.3568 1.81898e-20 3
-11.328 37.2 1.5202e-29 3
-0.176012 27.912 2.36523e-22 3
4.41599 21.3776 1.54613e-17 3
-68.232 33.4672 6.40772e-26 3
38.488 25.9872 2.37608e-21 3
20.84 27.8368 1.54099e-22 3
69.536 35.5712 1.69781e-29 3
-44.08 26.488 8.40249e-21 3
9.232 34.496 1.39228e-27 3
18.664 29.3728 1.07439e-23 3
-6.152 10.176 7.35915e-11 1
-32 37.9792 7.17418e-30 3
5.93599 29.1024 2.55252e-23 3
-0.743998 24.8944 4.50707e-20 3
-1.912 37.3968 9.05214e-30 3
7.528 31.7312 2.20485e-25 3
-6.112 36.6384 3.93002e-29 3
-30.752 20.2288 1.25652e-16 1
-42.168 28.2944 3.42294e-22 3
-27.184 22.3216 3.9804e-18 1
56.088 30.2864 5.43956e-25 3
-42.776 26.008 1.84481e-20 3
15.24 29.944 4.32313e-24 3
28.96 31.0448 3.75052e-25 3
-13.08 26.5232 2.85553e-21 3
-8.56 29.0176 3.67116e-23 3
68.4 25.904 9.61322e-22 3
-56.672 36.576 2.01233e-28 3
-47.816 20.9072 1.28041e-16 3
59.472 31.1344 9.98377e-26 3
31.464 46.3792 1.43439e-37 3
75.192 35.952 6.32723e-30 3
47.944 16.3232 2.20463e-14 2
-18.656 35.9616 1.73468e-28 3
6.632 29.8288 6.8684e-24 3
-22.296 33.8016 9.68994e-27 3
