1.5952 25.4112 1.58756e-20 3
-2.7952 13.6512 9.57409e-13 1
2.6768 6.0192 6.6488e-09 2
-1.0672 -30.768 0.969704 0
-6.8256 13.4736 1.10722e-12 1
7.064 33.1536 1.3991e-26 3
3.9104 -27.8208 0.942907 0
4.96 1.5744 5.19977e-07 2
7.6848 -19.5504 0.482232 2
-1.3344 -4.40641 0.000125264 2
6.0576 29.5008 1.05785e-23 3
3.5616 26.9232 1.09374e-21 3
7.2368 -7.7664 0.00109982 2
-6.6976 20.5392 5.03411e-17 1
1.8384 3.0624 1.42007e-07 2
-4.8288 41.472 3.81981e-33 3
-8.12 4.7136 2.72672e-08 1
-5.5664 7.5888 1.3034e-09 1
2.4144 22.4448 2.38724e-18 3
5.728 -3.696 5.2413e-05 2
-5.464 -2.04 1.78078e-05 1
-6.384 3.11999 1.43869e-07 1
0.294401 -1.3152 8.91543e-06 2
12.6752 -8.5488 0.00146899 2
-0.491203 3.984 6.04758e-08 2
4.8576 -7.4112 0.000966184 2
2.6512 21.6864 8.2444e-18 3
-0.595203 -3.1392 4.3636e-05 2
3.7792 1.5216 5.79834e-07 2
5.4608 4.5984 2.57196e-08 2
0.7216 18.96 6.04284e-16 1
-1.1152 -0.148802 3.25991e-06 2
4.7776 29.76 6.88759e-24 3
-3.5216 14.8992 1.84822e-13 1
1.4544 10.6512 3.81191e-11 2
-3.0672 -11.3136 0.0177352 2
-0.441601 20.9808 2.63871e-17 3
-4.0288 17.3568 6.15711e-15 1
6.2784 -9.0576 0.00286111 2
-5.376 -3.744 7.49262e-05 1
-1.7296 3.312 1.21329e-07 2
3.7584 24.2688 1.08655e-19 3
5.6672 -9.57599 0.00419844 2
16.568 20.6016 2.97096e-17 2
8.5872 14.208 3.57402e-13 2
1.9408 -24.9504 0.894327 0
-3.3936 4.9728 2.24432e-08 1
-1.0352 -14.5152 0.103146 2
-7.4432 1.9488 4.45232e-07 1
2.8 -2.44801 2.14908e-05 2
22.6096 24.0864 8.23398e-20 3
22.1888 35.0208 2.63741e-28 3
43.3552 -27.3168 0.960604 0
25.0128 -15.0672 0.0649659 2
21.2336 34.9872 2.91296e-28 3
17.704 22.3152 1.84331e-18 3
23.144 -17.4336 0.190434 2
23.5168 -11.0928 0.00639809 2
13.3712 -0.792 2.97159e-06 2
31.4736 18.072 1.02714e-15 2
26.08 2.2992 1.27536e-07 2
30.1376 -1.68 5.33143e-06 2
29.824 4.6848 1.20888e-08 2
31.6512 0.475199 7.86616e-07 2
17.816 -22.752 0.699299 0
25.9456 -1.9104 6.16964e-06 2
30.8032 -26.1312 0.887572 0
14.704 -3.7104 3.4195e-05 2
19.5216 3.8208 3.03208e-08 2
34.4 4.17118 2.31232e-08 2
31.624 4.5312 1.46988e-08 2
25.216 -13.5168 0.0280481 2
31.7904 -10.9152 0.00655156 2
15.9488 -5.16 0.000104809 2
16.9088 7.1568 9.96916e-10 2
12.752 21.552 7.58402e-18 3
16.5776 30.8592 6.48345e-25 3
32.976 5.304 6.82027e-09 2
30.5472 8.54399 1.88738e-10 2
28.6592 14.2608 1.87383e-13 2
26.88 0.503998 7.0643e-07 2
24.6784 17.616 2.04201e-15 2
29.5856 25.3296 7.9772e-21 3
23.6672 6.984 1.03333e-09 2
22.8976 -29.8512 0.940283 0
19.5232 10.2624 2.77729e-11 2
27.0224 -6.8304 0.000335652 2
30.7328 4.2048 2.01398e-08 2
18.752 20.6448 2.57912e-17 2
24.728 -3.94561 3.43294e-05 2
26.0384 3.792 2.90394e-08 2
22.5504 -3.0096 1.59027e-05 2
35.3088 5.54879 5.70443e-09 2
39.2896 4.4448 2.1824e-08 2
20.8752 -20.0352 0.437222 2
24.464 -15.648 0.0865734 2
29.8304 -34.6608 0.97201 0
28.9312 -1.6128 4.91062e-06 2
19.3504 -8.5056 0.00116361 2
26.3136 -31.2528 0.954742 0
-24.1776 1.008 9.1073e-07 1
-14.9232 -10.1808 0.00660182 1
-32.664 -12.0672 0.0255715 1
-22.7248 2.9664 1.34683e-07 1
-38.4464 -17.544 0.396091 1
-22.2448 -11.0064 0.00989211 1
-29.648 -22.2864 0.689869 0
-23.5984 10.8144 2.68228e-11 1
-22.6016 -33.8496 0.938639 0
-22.5968 -2.6208 2.20065e-05 1
-23.5024 -18.1776 0.302741 1
-13.9808 -11.232 0.0131967 1
-27.6896 0.0911987 2.39796e-06 1
-16.1056 23.5056 4.2611e-19 1
-21.0384 -5.256 0.000181941 1
-21.2224 -26.9184 0.877977 0
-14.5152 -42.6432 0.914871 0
-16.1888 22.7184 1.52602e-18 1
-15.328 21.0816 2.01378e-17 1
-39.3824 9.3312 5.3772e-10 1
-27.2064 14.8272 2.08771e-13 1
-25.0944 -12.3504 0.0224627 1
-29.5936 -11.6304 0.0169307 1
-18.6896 6.8304 2.33834e-09 1
-29.9776 5.3856 1.57902e-08 1
-25.3232 5.4864 1.1172e-08 1
-28.5376 13.4112 1.40388e-12 1
-20.1536 -8.3376 0.00173936 1
-27.4016 17.8224 3.53776e-15 1
-19.88 11.0448 1.87431e-11 1
-17.1696 -18.4512 0.352124 1
-31.9344 -19.824 0.509357 0
-30.5824 10.5024 5.65422e-11 1
-29.0816 15.1344 1.56615e-13 1
-23.7472 -5.1696 0.000174322 1
-15.3872 43.5888 7.87545e-35 3
-27.6896 -37.8192 0.926727 0
-36.4128 11.9616 1.69654e-11 1
-23.8032 18.4176 1.27166e-15 1
-24.9984 9.768 9.68886e-11 1
-29.5696 18.8688 8.92019e-16 1
-26.68 5.0544 1.8541e-08 1
-28.728 5.3424 1.52836e-08 1
-26.744 5.45279 1.22811e-08 1
-17.0272 6.84 2.32538e-09 1
-22.4816 -14.064 0.0556274 1
-17.0208 -3.4704 4.51975e-05 1
-21.6112 -2.2032 1.53057e-05 1
-30.9456 -3.4992 6.17563e-05 1
-22.6288 6.5952 3.16251e-09 1
-67.224 -30.4176 0.9996 0
-27.768 -26.2064 0.857838 0
-20.808 -32.4816 0.938354 0
-21.128 -20.6672 0.545055 0
-1.504 -31.6496 0.972925 0
-14.4 -19.84 0.517866 0
-29.808 -21.8976 0.663699 0
-7.896 -18.3328 0.426742 0
-16.304 -26.3888 0.884195 0
7.976 -18.6272 0.379343 2
8.672 -27.2064 0.92134 0
-28.016 -28.3088 0.899976 0
37.232 -27.9408 0.946537 0
10.4 -30.4576 0.955081 0
6.79998 -39.6592 0.974633 0
-36.32 -29.0688 0.933617 0
-10.944 -32.744 0.963591 0
30.16 -32.4272 0.965594 0
-19.776 -29.6112 0.922389 0
16.32 -17.32 0.193952 2
-11.92 -26.904 0.915013 0
9.408 -29.0992 0.945216 0
0.824003 -28.1088 0.951047 0
-9.25601 -33.36 0.968526 0
-5.184 -37.0528 0.976466 0
20.328 -24.3888 0.797494 0
-13.496 -25.4672 0.875572 0
4.912 -26.888 0.927133 0
-18.384 -28.5808 0.914635 0
-13.656 -21.5456 0.678789 0
-18.888 -29.3152 0.921719 0
12.52 -32.5328 0.963704 0
-99 -23.9872 1 0
12.128 -22.9616 0.744221 0
-64.528 -32.5216 0.999267 0
8.008 -26.376 0.90709 0
-10.008 -37.8272 0.966416 0
-8.35201 -34.0864 0.971258 0
-31.408 -31.8832 0.935571 0
-21.344 -22.7408 0.70798 0
8.376 -39.272 0.973976 0
-2.824 -32.0224 0.973681 0
19.96 -32.8064 0.960518 0
49.248 -22.2864 0.896674 0
50.696 -30.8768 0.991457 0
-19.072 -34.976 0.945906 0
6.39199 -25.7728 0.899047 0
10.176 -36.1808 0.973596 0
26.248 -36.176 0.9711 0
-3.76 -37.1936 0.977887 0
-10.496 31.0032 9.86441e-25 3
23.432 24.0624 8.37601e-20 3
24.944 36.3968 1.8608e-29 3
48.056 34.8624 1.20433e-28 3
-12.848 33.7824 6.93337e-27 3
0.831986 26.0496 5.31041e-21 3
27.28 30.8384 4.57357e-25 3
-7.144 37.0096 1.68587e-29 3
-11.168 33.688 7.95839e-27 3
10.088 32.5168 4.03753e-26 3
-6.176 18.0912 2.04066e-15 1
-32.76 26.5552 4.53062e-21 3
23.832 21.4672 6.09626e-18 2
6.528 25.3568 1.56526e-20 3
-11.328 37.2 1.28835e-29 3
-0.176012 27.912 2.05994e-22 3
4.41599 21.3776 1.3151e-17 3
-68.232 33.4672 5.62578e-26 3
38.488 25.9872 1.96468e-21 3
20.84 27.8368 1.26085e-22 3
69.536 35.5712 1.10009e-29 3
-44.08 26.488 7.98527e-21 3
9.232 34.496 1.12355e-27 3
18.664 29.3728 8.75266e-24 3
-6.152 10.176 6.57892e-11 1
-32 37.9792 6.27584e-30 3
5.93599 29.1024 2.16424e-23 3
-0.743998 24.8944 3.98644e-20 3
-1.912 37.3968 7.41603e-30 3
7.528 31.7312 1.82467e-25 3
-6.112 36.6384 3.27846e-29 3
-30.752 20.2288 1.2591e-16 1
-42.168 28.2944 3.18923e-22 3
-27.184 22.3216 3.93651e-18 1
56.088 30.2864 4.0478e-25 3
-42.776 26.008 1.76308e-20 3
15.24 29.944 3.54094e-24 3
28.96 31.0448 2.95795e-25 3
-13.08 26.5232 2.63234e-21 3
-8.56 29.0176 3.26167e-23 3
68.4 25.904 7.34217e-22 3
-56.672 36.576 1.77018e-28 3
-47.816 20.9072 1.30252e-16 3
59.472 31.1344 7.22236e-26 3
31.464 46.3792 9.76102e-38 3
75.192 35.952 3.95166e-30 3
47.944 16.3232 2.03502e-14 2
-18.656 35.9616 1.512e-28 3
6.632 29.8288 5.78118e-24 3
-22.296 33.8016 8.61104e-27 3
