1.5952 25.4112 1.69709e-20 3
-2.7952 13.6512 9.95066e-13 1
2.6768 6.0192 6.85898e-09 2
-1.0672 -30.768 0.969504 0
-6.8256 13.4736 1.15024e-12 1
7.064 33.1536 1.52337e-26 3
3.9104 -27.8208 0.942338 0
4.96 1.5744 5.33174e-07 2
7.6848 -19.5504 0.481343 2
-1.3344 -4.40641 0.000127308 2
6.0576 29.5008 1.14177e-23 3
3.5616 26.9232 1.17356e-21 3
7.2368 -7.7664 0.00111216 2
-6.6976 20.5392 5.31309e-17 1
1.8384 3.0624 1.45851e-07 2
-4.8288 41.472 4.26395e-33 3
-8.12 4.7136 2.79939e-08 1
-5.5664 7.5888 1.34247e-09 1
2.4144 22.4448 2.53443e-18 3
5.728 -3.696 5.33255e-05 2
-5.464 -2.04 1.81397e-05 1
-6.384 3.11999 1.47386e-07 1
0.294401 -1.3152 9.09895e-06 2
12.6752 -8.5488 0.00148135 2
-0.491203 3.984 6.21266e-08 2
4.8576 -7.4112 0.000978034 2
2.6512 21.6864 8.73786e-18 3
-0.595203 -3.1392 4.44221e-05 2
3.7792 1.5216 5.94481e-07 2
5.4608 4.5984 2.64919e-08 2
0.7216 18.96 6.35777e-16 1
-1.1152 -0.148802 3.3306e-06 2
4.7776 29.76 7.43906e-24 3
-3.5216 14.8992 1.92452e-13 1
1.4544 10.6512 3.95523e-11 2
-3.0672 -11.3136 0.0178869 2
-0.441601 20.9808 2.78849e-17 3
-4.0288 17.3568 6.44284e-15 1
6.2784 -9.0576 0.00288879 2
-5.376 -3.744 7.61865e-05 1
-1.7296 3.312 1.24463e-07 2
3.7584 24.2688 1.15883e-19 3
5.6672 -9.57599 0.00423668 2
16.568 20.6016 3.13743e-17 2
8.5872 14.208 3.7383e-13 2
1.9408 -24.9504 0.893673 0
-3.3936 4.9728 2.30535e-08 1
-1.0352 -14.5152 0.103584 2
-7.4432 1.9488 4.55569e-07 1
2.8 -2.44801 2.19083e-05 2
22.6096 24.0864 8.73714e-20 3
22.1888 35.0208 2.8728e-28 3
43.3552 -27.3168 0.960824 0
25.0128 -15.0672 0.0649578 2
21.2336 34.9872 3.17384e-28 3
17.704 22.3152 1.95296e-18 3
23.144 -17.4336 0.190101 2
23.5168 -11.0928 0.00641851 2
13.3712 -0.792 3.0276e-06 2
31.4736 18.072 1.06776e-15 2
26.08 2.2992 1.2969e-07 2
30.1376 -1.68 5.39231e-06 2
29.824 4.6848 1.231e-08 2
31.6512 0.475199 7.97061e-07 2
17.816 -22.752 0.697832 0
25.9456 -1.9104 6.24418e-06 2
30.8032 -26.1312 0.88716 0
14.704 -3.7104 3.46763e-05 2
19.5216 3.8208 3.09932e-08 2
34.4 4.17118 2.3503e-08 2
31.624 4.5312 1.49563e-08 2
25.216 -13.5168 0.0280784 2
31.7904 -10.9152 0.00657624 2
15.9488 -5.16 0.000106027 2
16.9088 7.1568 1.02577e-09 2
12.752 21.552 8.04074e-18 3
16.5776 30.8592 7.00374e-25 3
32.976 5.304 6.94279e-09 2
30.5472 8.54399 1.9302e-10 2
28.6592 14.2608 1.93453e-13 2
26.88 0.503998 7.16675e-07 2
24.6784 17.616 2.12882e-15 2
29.5856 25.3296 8.46496e-21 3
23.6672 6.984 1.05837e-09 2
22.8976 -29.8512 0.939728 0
19.5232 10.2624 2.86652e-11 2
27.0224 -6.8304 0.000337967 2
30.7328 4.2048 2.0491e-08 2
18.752 20.6448 2.72015e-17 2
24.728 -3.94561 3.46789e-05 2
26.0384 3.792 2.95837e-08 2
22.5504 -3.0096 1.60912e-05 2
35.3088 5.54879 5.80492e-09 2
39.2896 4.4448 2.21727e-08 2
20.8752 -20.0352 0.436128 2
24.464 -15.648 0.0865231 2
29.8304 -34.6608 0.971827 0
28.9312 -1.6128 4.96807e-06 2
19.3504 -8.5056 0.00117115 2
26.3136 -31.2528 0.954374 0
-24.1776 1.008 9.39523e-07 1
-14.9232 -10.1808 0.00670983 1
-32.664 -12.0672 0.0260333 1
-22.7248 2.9664 1.39214e-07 1
-38.4464 -17.544 0.398863 1
-22.2448 -11.0064 0.0100848 1
-29.648 -22.2864 0.69331 0
-23.5984 10.8144 2.80907e-11 1
-22.6016 -33.8496 0.939925 0
-22.5968 -2.6208 2.25928e-05 1
-23.5024 -18.1776 0.306392 1
-13.9808 -11.232 0.0133955 1
-27.6896 0.0911987 2.4732e-06 1
-16.1056 23.5056 4.56145e-19 1
-21.0384 -5.256 0.000186198 1
-21.2224 -26.9184 0.879904 0
-14.5152 -42.6432 0.917206 0
-16.1888 22.7184 1.63053e-18 1
-15.328 21.0816 2.14145e-17 1
-39.3824 9.3312 5.62539e-10 1
-27.2064 14.8272 2.2086e-13 1
-25.0944 -12.3504 0.0228909 1
-29.5936 -11.6304 0.017259 1
-18.6896 6.8304 2.42435e-09 1
-29.9776 5.3856 1.64186e-08 1
-25.3232 5.4864 1.16041e-08 1
-28.5376 13.4112 1.4815e-12 1
-20.1536 -8.3376 0.00177507 1
-27.4016 17.8224 3.7678e-15 1
-19.88 11.0448 1.9586e-11 1
-17.1696 -18.4512 0.355571 1
-31.9344 -19.824 0.513195 0
-30.5824 10.5024 5.93474e-11 1
-29.0816 15.1344 1.65927e-13 1
-23.7472 -5.1696 0.000178592 1
-15.3872 43.5888 8.9292e-35 3
-27.6896 -37.8192 0.928383 0
-36.4128 11.9616 1.78642e-11 1
-23.8032 18.4176 1.35329e-15 1
-24.9984 9.768 1.01353e-10 1
-29.5696 18.8688 9.53086e-16 1
-26.68 5.0544 1.92546e-08 1
-28.728 5.3424 1.58875e-08 1
-26.744 5.45279 1.2762e-08 1
-17.0272 6.84 2.40789e-09 1
-22.4816 -14.064 0.0565874 1
-17.0208 -3.4704 4.62291e-05 1
-21.6112 -2.2032 1.57137e-05 1
-30.9456 -3.4992 6.34201e-05 1
-22.6288 6.5952 3.2862e-09 1
-67.224 -30.4176 0.999579 0
-27.768 -26.2064 0.859939 0
-20.808 -32.4816 0.939579 0
-21.128 -20.6672 0.549186 0
-1.504 -31.6496 0.972762 0
-14.4 -19.84 0.521152 0
-29.808 -21.8976 0.667278 0
-7.896 -18.3328 0.428491 0
-16.304 -26.3888 0.885812 0
7.976 -18.6272 0.378732 2
8.672 -27.2064 0.920519 0
-28.016 -28.3088 0.90158 0
37.232 -27.9408 0.946546 0
10.4 -30.4576 0.954478 0
6.79998 -39.6592 0.97415 0
-36.32 -29.0688 0.934392 0
-10.944 -32.744 0.964085 0
30.16 -32.4272 0.965391 0
-19.776 -29.6112 0.92375 0
16.32 -17.32 0.193601 2
-11.92 -26.904 0.915947 0
9.408 -29.0992 0.944544 0
0.824003 -28.1088 0.950662 0
-9.25601 -33.36 0.968882 0
-5.184 -37.0528 0.976578 0
20.328 -24.3888 0.796249 0
-13.496 -25.4672 0.877009 0
4.912 -26.888 0.926441 0
-18.384 -28.5808 0.916036 0
-13.656 -21.5456 0.68153 0
-18.888 -29.3152 0.923058 0
12.52 -32.5328 0.96317 0
-99 -23.9872 1 0
12.128 -22.9616 0.74279 0
-64.528 -32.5216 0.999234 0
8.008 -26.376 0.906204 0
-10.008 -37.8272 0.966983 0
-8.35201 -34.0864 0.971549 0
-31.408 -31.8832 0.936637 0
-21.344 -22.7408 0.711467 0
8.376 -39.272 0.973474 0
-2.824 -32.0224 0.973593 0
19.96 -32.8064 0.960037 0
49.248 -22.2864 0.897711 0
50.696 -30.8768 0.991586 0
-19.072 -34.976 0.94708 0
6.39199 -25.7728 0.89817 0
10.176 -36.1808 0.973132 0
26.248 -36.176 0.970824 0
-3.76 -37.1936 0.977904 0
-10.496 31.0032 1.07255e-24 3
23.432 24.0624 8.88372e-20 3
24.944 36.3968 2.03216e-29 3
48.056 34.8624 1.2987e-28 3
-12.848 33.7824 7.606e-27 3
0.831986 26.0496 5.68513e-21 3
27.28 30.8384 4.92031e-25 3
-7.144 37.0096 1.86055e-29 3
-11.168 33.688 8.71965e-27 3
10.088 32.5168 4.38688e-26 3
-6.176 18.0912 2.13969e-15 1
-32.76 26.5552 4.92119e-21 3
23.832 21.4672 6.4223e-18 2
6.528 25.3568 1.67389e-20 3
-11.328 37.2 1.42605e-29 3
-0.176012 27.912 2.21535e-22 3
4.41599 21.3776 1.39377e-17 3
-68.232 33.4672 6.24489e-26 3
38.488 25.9872 2.08303e-21 3
20.84 27.8368 1.35048e-22 3
69.536 35.5712 1.17735e-29 3
-44.08 26.488 8.67239e-21 3
9.232 34.496 1.22713e-27 3
18.664 29.3728 9.41551e-24 3
-6.152 10.176 6.79928e-11 1
-32 37.9792 7.03644e-30 3
5.93599 29.1024 2.33376e-23 3
-0.743998 24.8944 4.25501e-20 3
-1.912 37.3968 8.17737e-30 3
7.528 31.7312 1.97958e-25 3
-6.112 36.6384 3.61274e-29 3
-30.752 20.2288 1.34969e-16 1
-42.168 28.2944 3.47851e-22 3
-27.184 22.3216 4.233e-18 1
56.088 30.2864 4.30771e-25 3
-42.776 26.008 1.9127e-20 3
15.24 29.944 3.81874e-24 3
28.96 31.0448 3.18184e-25 3
-13.08 26.5232 2.83315e-21 3
-8.56 29.0176 3.52454e-23 3
68.4 25.904 7.71677e-22 3
-56.672 36.576 1.98097e-28 3
-47.816 20.9072 1.39761e-16 3
59.472 31.1344 7.68906e-26 3
31.464 46.3792 9.77267e-38 3
75.192 35.952 4.22148e-30 3
47.944 16.3232 2.10306e-14 2
-18.656 35.9616 1.67531e-28 3
6.632 29.8288 6.24429e-24 3
-22.296 33.8016 9.49864e-27 3
