1.5952 25.4112 2.08211e-20 3
-2.7952 13.6512 1.11734e-12 1
2.6768 6.0192 7.57513e-09 2
-1.0672 -30.768 0.968518 0
-6.8256 13.4736 1.28603e-12 1
7.064 33.1536 1.98534e-26 3
3.9104 -27.8208 0.939124 0
4.96 1.5744 5.74587e-07 2
7.6848 -19.5504 0.472293 2
-1.3344 -4.40641 0.000133264 2
6.0576 29.5008 1.44749e-23 3
3.5616 26.9232 1.45889e-21 3
7.2368 -7.7664 0.00113226 2
-6.6976 20.5392 6.2214e-17 1
1.8384 3.0624 1.58428e-07 2
-4.8288 41.472 5.97952e-33 3
-8.12 4.7136 3.03654e-08 1
-5.5664 7.5888 1.4684e-09 1
2.4144 22.4448 3.04887e-18 3
5.728 -3.696 5.56597e-05 2
-5.464 -2.04 1.92226e-05 1
-6.384 3.11999 1.58868e-07 1
0.294401 -1.3152 9.65803e-06 2
12.6752 -8.5488 0.00149162 2
-0.491203 3.984 6.75642e-08 2
4.8576 -7.4112 0.001001 2
2.6512 21.6864 1.04657e-17 3
-0.595203 -3.1392 4.67482e-05 2
3.7792 1.5216 6.40761e-07 2
5.4608 4.5984 2.90683e-08 2
0.7216 18.96 7.43171e-16 1
-1.1152 -0.148802 3.5533e-06 2
4.7776 29.76 9.44588e-24 3
-3.5216 14.8992 2.16939e-13 1
1.4544 10.6512 4.45409e-11 2
-3.0672 -11.3136 0.0182711 2
-0.441601 20.9808 3.29366e-17 3
-4.0288 17.3568 7.35686e-15 1
6.2784 -9.0576 0.00292481 2
-5.376 -3.744 8.02842e-05 1
-1.7296 3.312 1.34697e-07 2
3.7584 24.2688 1.41513e-19 3
5.6672 -9.57599 0.00428155 2
16.568 20.6016 3.74985e-17 2
8.5872 14.208 4.35489e-13 2
1.9408 -24.9504 0.889427 0
-3.3936 4.9728 2.50465e-08 1
-1.0352 -14.5152 0.103837 2
-7.4432 1.9488 4.89626e-07 1
2.8 -2.44801 2.30996e-05 2
22.6096 24.0864 1.04981e-19 3
22.1888 35.0208 3.73682e-28 3
43.3552 -27.3168 0.963659 0
25.0128 -15.0672 0.0642591 2
21.2336 34.9872 4.13442e-28 3
17.704 22.3152 2.35131e-18 3
23.144 -17.4336 0.187387 2
23.5168 -11.0928 0.00638111 2
13.3712 -0.792 3.16913e-06 2
31.4736 18.072 1.18482e-15 2
26.08 2.2992 1.34072e-07 2
30.1376 -1.68 5.47918e-06 2
29.824 4.6848 1.27494e-08 2
31.6512 0.475199 8.13347e-07 2
17.816 -22.752 0.690286 0
25.9456 -1.9104 6.36138e-06 2
30.8032 -26.1312 0.887832 0
14.704 -3.7104 3.56412e-05 2
19.5216 3.8208 3.27614e-08 2
34.4 4.17118 2.41387e-08 2
31.624 4.5312 1.54348e-08 2
25.216 -13.5168 0.0278324 2
31.7904 -10.9152 0.00659419 2
15.9488 -5.16 0.000108002 2
16.9088 7.1568 1.11439e-09 2
12.752 21.552 9.74235e-18 3
16.5776 30.8592 8.9035e-25 3
32.976 5.304 7.16642e-09 2
30.5472 8.54399 2.02503e-10 2
28.6592 14.2608 2.10215e-13 2
26.88 0.503998 7.35147e-07 2
24.6784 17.616 2.41054e-15 2
29.5856 25.3296 1.00947e-20 3
23.6672 6.984 1.1237e-09 2
22.8976 -29.8512 0.938389 0
19.5232 10.2624 3.14571e-11 2
27.0224 -6.8304 0.000339566 2
30.7328 4.2048 2.11549e-08 2
18.752 20.6448 3.22946e-17 2
24.728 -3.94561 3.51406e-05 2
26.0384 3.792 3.07671e-08 2
22.5504 -3.0096 1.63929e-05 2
35.3088 5.54879 5.97593e-09 2
39.2896 4.4448 2.26901e-08 2
20.8752 -20.0352 0.429889 2
24.464 -15.648 0.0854877 2
29.8304 -34.6608 0.972361 0
28.9312 -1.6128 5.05273e-06 2
19.3504 -8.5056 0.00117299 2
26.3136 -31.2528 0.954087 0
-24.1776 1.008 1.04619e-06 1
-14.9232 -10.1808 0.0071485 1
-32.664 -12.0672 0.0277372 1
-22.7248 2.9664 1.55814e-07 1
-38.4464 -17.544 0.407263 1
-22.2448 -11.0064 0.0108578 1
-29.648 -22.2864 0.706395 0
-23.5984 10.8144 3.27702e-11 1
-22.6016 -33.8496 0.945472 0
-22.5968 -2.6208 2.47851e-05 1
-23.5024 -18.1776 0.321688 1
-13.9808 -11.232 0.0142171 1
-27.6896 0.0911987 2.75522e-06 1
-16.1056 23.5056 5.63989e-19 1
-21.0384 -5.256 0.000202385 1
-21.2224 -26.9184 0.888427 0
-14.5152 -42.6432 0.928049 0
-16.1888 22.7184 2.00381e-18 1
-15.328 21.0816 2.58819e-17 1
-39.3824 9.3312 6.62241e-10 1
-27.2064 14.8272 2.67285e-13 1
-25.0944 -12.3504 0.024596 1
-29.5936 -11.6304 0.0185112 1
-18.6896 6.8304 2.72813e-09 1
-29.9776 5.3856 1.88073e-08 1
-25.3232 5.4864 1.32087e-08 1
-28.5376 13.4112 1.7814e-12 1
-20.1536 -8.3376 0.00191531 1
-27.4016 17.8224 4.65868e-15 1
-19.88 11.0448 2.25914e-11 1
-17.1696 -18.4512 0.37118 1
-31.9344 -19.824 0.527185 0
-30.5824 10.5024 7.02255e-11 1
-29.0816 15.1344 2.02223e-13 1
-23.7472 -5.1696 0.000194807 1
-15.3872 43.5888 1.33139e-34 3
-27.6896 -37.8192 0.934883 0
-36.4128 11.9616 2.14794e-11 1
-23.8032 18.4176 1.66065e-15 1
-24.9984 9.768 1.17985e-10 1
-29.5696 18.8688 1.19331e-15 1
-26.68 5.0544 2.19232e-08 1
-28.728 5.3424 1.81701e-08 1
-26.744 5.45279 1.45621e-08 1
-17.0272 6.84 2.69488e-09 1
-22.4816 -14.064 0.0605546 1
-17.0208 -3.4704 5.0056e-05 1
-21.6112 -2.2032 1.72325e-05 1
-30.9456 -3.4992 6.96606e-05 1
-22.6288 6.5952 3.73753e-09 1
-67.224 -30.4176 0.999456 0
-27.768 -26.2064 0.868245 0
-20.808 -32.4816 0.94503 0
-21.128 -20.6672 0.567169 0
-1.504 -31.6496 0.972 0
-14.4 -19.84 0.536638 0
-29.808 -21.8976 0.680847 0
-7.896 -18.3328 0.436078 0
-16.304 -26.3888 0.893552 0
7.976 -18.6272 0.371013 2
8.672 -27.2064 0.916062 0
-28.016 -28.3088 0.907907 0
37.232 -27.9408 0.948706 0
10.4 -30.4576 0.951628 0
6.79998 -39.6592 0.972159 0
-36.32 -29.0688 0.936747 0
-10.944 -32.744 0.966693 0
30.16 -32.4272 0.965919 0
-19.776 -29.6112 0.92993 0
16.32 -17.32 0.189556 2
-11.92 -26.904 0.920778 0
9.408 -29.0992 0.941161 0
0.824003 -28.1088 0.948502 0
-9.25601 -33.36 0.970834 0
-5.184 -37.0528 0.977326 0
20.328 -24.3888 0.791093 0
-13.496 -25.4672 0.884189 0
4.912 -26.888 0.922432 0
-18.384 -28.5808 0.922543 0
-13.656 -21.5456 0.694771 0
-18.888 -29.3152 0.929227 0
12.52 -32.5328 0.960925 0
-99 -23.9872 1 0
12.128 -22.9616 0.734039 0
-64.528 -32.5216 0.999041 0
8.008 -26.376 0.901181 0
-10.008 -37.8272 0.969922 0
-8.35201 -34.0864 0.973184 0
-31.408 -31.8832 0.940538 0
-21.344 -22.7408 0.726688 0
8.376 -39.272 0.971453 0
-2.824 -32.0224 0.973251 0
19.96 -32.8064 0.958695 0
49.248 -22.2864 0.905897 0
50.696 -30.8768 0.992748 0
-19.072 -34.976 0.952409 0
6.39199 -25.7728 0.892937 0
10.176 -36.1808 0.971219 0
26.248 -36.176 0.970883 0
-3.76 -37.1936 0.978169 0
-10.496 31.0032 1.3915e-24 3
23.432 24.0624 1.0649e-19 3
24.944 36.3968 2.66083e-29 3
48.056 34.8624 1.61175e-28 3
-12.848 33.7824 1.0184e-26 3
0.831986 26.0496 7.00284e-21 3
27.28 30.8384 6.13447e-25 3
-7.144 37.0096 2.52892e-29 3
-11.168 33.688 1.16112e-26 3
10.088 32.5168 5.68253e-26 3
-6.176 18.0912 2.45495e-15 1
-32.76 26.5552 6.48226e-21 3
23.832 21.4672 7.53979e-18 2
6.528 25.3568 2.06572e-20 3
-11.328 37.2 1.96303e-29 3
-0.176012 27.912 2.7676e-22 3
4.41599 21.3776 1.67489e-17 3
-68.232 33.4672 8.92557e-26 3
38.488 25.9872 2.46207e-21 3
20.84 27.8368 1.66975e-22 3
69.536 35.5712 1.41178e-29 3
-44.08 26.488 1.14198e-20 3
9.232 34.496 1.61553e-27 3
18.664 29.3728 1.18079e-23 3
-6.152 10.176 7.50214e-11 1
-32 37.9792 1.03267e-29 3
5.93599 29.1024 2.95017e-23 3
-0.743998 24.8944 5.18451e-20 3
-1.912 37.3968 1.10658e-29 3
7.528 31.7312 2.55127e-25 3
-6.112 36.6384 4.8846e-29 3
-30.752 20.2288 1.70829e-16 1
-42.168 28.2944 4.64734e-22 3
-27.184 22.3216 5.38642e-18 1
56.088 30.2864 5.11855e-25 3
-42.776 26.008 2.51005e-20 3
15.24 29.944 4.83266e-24 3
28.96 31.0448 3.96056e-25 3
-13.08 26.5232 3.55689e-21 3
-8.56 29.0176 4.4733e-23 3
68.4 25.904 8.80262e-22 3
-56.672 36.576 2.90496e-28 3
-47.816 20.9072 1.76949e-16 3
59.472 31.1344 9.13196e-26 3
31.464 46.3792 1.4817e-37 3
75.192 35.952 5.01707e-30 3
47.944 16.3232 2.25191e-14 2
-18.656 35.9616 2.33268e-28 3
6.632 29.8288 7.93557e-24 3
-22.296 33.8016 1.30769e-26 3
