5.19641 23.3078 1
1.5952 25.4112 1


5.19641 23.3078 1
-2.7952 13.6512 1


5.19641 23.3078 1
2.6768 6.0192 1


5.19641 23.3078 1
-6.8256 13.4736 1


5.19641 23.3078 1
7.064 33.1536 1


5.19641 23.3078 1
4.96 1.5744 1


5.19641 23.3078 1
6.0576 29.5008 1


5.19641 23.3078 1
3.5616 26.9232 1


5.19641 23.3078 1
-6.6976 20.5392 1


5.19641 23.3078 1
1.8384 3.0624 1


5.19641 23.3078 1
-4.8288 41.472 1


5.19641 23.3078 1
-8.12 4.7136 1


5.19641 23.3078 1
-5.5664 7.5888 1


5.19641 23.3078 1
2.4144 22.4448 1


5.19641 23.3078 1
-6.384 3.11999 1


5.19641 23.3078 1
-0.491203 3.984 1


5.19641 23.3078 1
2.6512 21.6864 1


5.19641 23.3078 1
3.7792 1.5216 1


5.19641 23.3078 1
5.4608 4.5984 1


5.19641 23.3078 1
0.7216 18.96 1


5.19641 23.3078 1
4.7776 29.76 1


5.19641 23.3078 1
-3.5216 14.8992 1


5.19641 23.3078 1
1.4544 10.6512 1


5.19641 23.3078 1
-0.441601 20.9808 1


5.19641 23.3078 1
-4.0288 17.3568 1


5.19641 23.3078 1
-1.7296 3.312 1


5.19641 23.3078 1
3.7584 24.2688 1


5.19641 23.3078 1
16.568 20.6016 1


5.19641 23.3078 1
8.5872 14.208 1


5.19641 23.3078 1
-3.3936 4.9728 1


5.19641 23.3078 1
22.6096 24.0864 1


5.19641 23.3078 1
22.1888 35.0208 1


5.19641 23.3078 1
21.2336 34.9872 1


5.19641 23.3078 1
17.704 22.3152 1


5.19641 23.3078 1
12.752 21.552 1


5.19641 23.3078 1
16.5776 30.8592 1


5.19641 23.3078 1
24.6784 17.616 1


5.19641 23.3078 1
29.5856 25.3296 1


5.19641 23.3078 1
18.752 20.6448 1


5.19641 23.3078 1
-15.3872 43.5888 1


5.19641 23.3078 1
-10.496 31.0032 1


5.19641 23.3078 1
23.432 24.0624 1


5.19641 23.3078 1
24.944 36.3968 1


5.19641 23.3078 1
-12.848 33.7824 1


5.19641 23.3078 1
0.831986 26.0496 1


5.19641 23.3078 1
27.28 30.8384 1


5.19641 23.3078 1
-7.144 37.0096 1


5.19641 23.3078 1
-11.168 33.688 1


5.19641 23.3078 1
10.088 32.5168 1


5.19641 23.3078 1
-6.176 18.0912 1


5.19641 23.3078 1
23.832 21.4672 1


5.19641 23.3078 1
6.528 25.3568 1


5.19641 23.3078 1
-11.328 37.2 1


5.19641 23.3078 1
-0.176012 27.912 1


5.19641 23.3078 1
4.41599 21.3776 1


5.19641 23.3078 1
20.84 27.8368 1


5.19641 23.3078 1
9.232 34.496 1


5.19641 23.3078 1
18.664 29.3728 1


5.19641 23.3078 1
-6.152 10.176 1


5.19641 23.3078 1
5.93599 29.1024 1


5.19641 23.3078 1
-0.743998 24.8944 1


5.19641 23.3078 1
-1.912 37.3968 1


5.19641 23.3078 1
7.528 31.7312 1


5.19641 23.3078 1
-6.112 36.6384 1


5.19641 23.3078 1
15.24 29.944 1


5.19641 23.3078 1
28.96 31.0448 1


5.19641 23.3078 1
-13.08 26.5232 1


5.19641 23.3078 1
-8.56 29.0176 1


5.19641 23.3078 1
31.464 46.3792 1


5.19641 23.3078 1
6.632 29.8288 1


31.1875 -3.45724 1
12.6752 -8.5488 1


31.1875 -3.45724 1
43.3552 -27.3168 1


31.1875 -3.45724 1
25.0128 -15.0672 1


31.1875 -3.45724 1
23.144 -17.4336 1


31.1875 -3.45724 1
23.5168 -11.0928 1


31.1875 -3.45724 1
13.3712 -0.792 1


31.1875 -3.45724 1
31.4736 18.072 1


31.1875 -3.45724 1
26.08 2.2992 1


31.1875 -3.45724 1
30.1376 -1.68 1


31.1875 -3.45724 1
29.824 4.6848 1


31.1875 -3.45724 1
31.6512 0.475199 1


31.1875 -3.45724 1
17.816 -22.752 1


31.1875 -3.45724 1
25.9456 -1.9104 1


31.1875 -3.45724 1
30.8032 -26.1312 1


31.1875 -3.45724 1
14.704 -3.7104 1


31.1875 -3.45724 1
19.5216 3.8208 1


31.1875 -3.45724 1
34.4 4.17118 1


31.1875 -3.45724 1
31.624 4.5312 1


31.1875 -3.45724 1
25.216 -13.5168 1


31.1875 -3.45724 1
31.7904 -10.9152 1


31.1875 -3.45724 1
15.9488 -5.16 1


31.1875 -3.45724 1
16.9088 7.1568 1


31.1875 -3.45724 1
32.976 5.304 1


31.1875 -3.45724 1
30.5472 8.54399 1


31.1875 -3.45724 1
28.6592 14.2608 1


31.1875 -3.45724 1
26.88 0.503998 1


31.1875 -3.45724 1
23.6672 6.984 1


31.1875 -3.45724 1
22.8976 -29.8512 1


31.1875 -3.45724 1
19.5232 10.2624 1


31.1875 -3.45724 1
27.0224 -6.8304 1


31.1875 -3.45724 1
30.7328 4.2048 1


31.1875 -3.45724 1
24.728 -3.94561 1


31.1875 -3.45724 1
26.0384 3.792 1


31.1875 -3.45724 1
22.5504 -3.0096 1


31.1875 -3.45724 1
35.3088 5.54879 1


31.1875 -3.45724 1
39.2896 4.4448 1


31.1875 -3.45724 1
20.8752 -20.0352 1


31.1875 -3.45724 1
24.464 -15.648 1


31.1875 -3.45724 1
29.8304 -34.6608 1


31.1875 -3.45724 1
28.9312 -1.6128 1


31.1875 -3.45724 1
19.3504 -8.5056 1


31.1875 -3.45724 1
26.3136 -31.2528 1


31.1875 -3.45724 1
37.232 -27.9408 1


31.1875 -3.45724 1
30.16 -32.4272 1


31.1875 -3.45724 1
16.32 -17.32 1


31.1875 -3.45724 1
20.328 -24.3888 1


31.1875 -3.45724 1
19.96 -32.8064 1


31.1875 -3.45724 1
49.248 -22.2864 1


31.1875 -3.45724 1
50.696 -30.8768 1


31.1875 -3.45724 1
26.248 -36.176 1


31.1875 -3.45724 1
48.056 34.8624 1


31.1875 -3.45724 1
38.488 25.9872 1


31.1875 -3.45724 1
69.536 35.5712 1


31.1875 -3.45724 1
56.088 30.2864 1


31.1875 -3.45724 1
68.4 25.904 1


31.1875 -3.45724 1
59.472 31.1344 1


31.1875 -3.45724 1
75.192 35.952 1


31.1875 -3.45724 1
47.944 16.3232 1


-9.6319 -21.4561 1
-1.0672 -30.768 1


-9.6319 -21.4561 1
3.9104 -27.8208 1


-9.6319 -21.4561 1
7.6848 -19.5504 1


-9.6319 -21.4561 1
-1.3344 -4.40641 1


-9.6319 -21.4561 1
7.2368 -7.7664 1


-9.6319 -21.4561 1
5.728 -3.696 1


-9.6319 -21.4561 1
-5.464 -2.04 1


-9.6319 -21.4561 1
0.294401 -1.3152 1


-9.6319 -21.4561 1
4.8576 -7.4112 1


-9.6319 -21.4561 1
-0.595203 -3.1392 1


-9.6319 -21.4561 1
-1.1152 -0.148802 1


-9.6319 -21.4561 1
-3.0672 -11.3136 1


-9.6319 -21.4561 1
6.2784 -9.0576 1


-9.6319 -21.4561 1
-5.376 -3.744 1


-9.6319 -21.4561 1
5.6672 -9.57599 1


-9.6319 -21.4561 1
1.9408 -24.9504 1


-9.6319 -21.4561 1
-1.0352 -14.5152 1


-9.6319 -21.4561 1
-7.4432 1.9488 1


-9.6319 -21.4561 1
2.8 -2.44801 1


-9.6319 -21.4561 1
-14.9232 -10.1808 1


-9.6319 -21.4561 1
-32.664 -12.0672 1


-9.6319 -21.4561 1
-38.4464 -17.544 1


-9.6319 -21.4561 1
-22.2448 -11.0064 1


-9.6319 -21.4561 1
-29.648 -22.2864 1


-9.6319 -21.4561 1
-22.6016 -33.8496 1


-9.6319 -21.4561 1
-23.5024 -18.1776 1


-9.6319 -21.4561 1
-13.9808 -11.232 1


-9.6319 -21.4561 1
-21.0384 -5.256 1


-9.6319 -21.4561 1
-21.2224 -26.9184 1


-9.6319 -21.4561 1
-14.5152 -42.6432 1


-9.6319 -21.4561 1
-25.0944 -12.3504 1


-9.6319 -21.4561 1
-29.5936 -11.6304 1


-9.6319 -21.4561 1
-20.1536 -8.3376 1


-9.6319 -21.4561 1
-17.1696 -18.4512 1


-9.6319 -21.4561 1
-31.9344 -19.824 1


-9.6319 -21.4561 1
-27.6896 -37.8192 1


-9.6319 -21.4561 1
-22.4816 -14.064 1


-9.6319 -21.4561 1
-17.0208 -3.4704 1


-9.6319 -21.4561 1
-27.768 -26.2064 1


-9.6319 -21.4561 1
-20.808 -32.4816 1


-9.6319 -21.4561 1
-21.128 -20.6672 1


-9.6319 -21.4561 1
-1.504 -31.6496 1


-9.6319 -21.4561 1
-14.4 -19.84 1


-9.6319 -21.4561 1
-29.808 -21.8976 1


-9.6319 -21.4561 1
-7.896 -18.3328 1


-9.6319 -21.4561 1
-16.304 -26.3888 1


-9.6319 -21.4561 1
7.976 -18.6272 1


-9.6319 -21.4561 1
8.672 -27.2064 1


-9.6319 -21.4561 1
-28.016 -28.3088 1


-9.6319 -21.4561 1
10.4 -30.4576 1


-9.6319 -21.4561 1
6.79998 -39.6592 1


-9.6319 -21.4561 1
-36.32 -29.0688 1


-9.6319 -21.4561 1
-10.944 -32.744 1


-9.6319 -21.4561 1
-19.776 -29.6112 1


-9.6319 -21.4561 1
-11.92 -26.904 1


-9.6319 -21.4561 1
9.408 -29.0992 1


-9.6319 -21.4561 1
0.824003 -28.1088 1


-9.6319 -21.4561 1
-9.25601 -33.36 1


-9.6319 -21.4561 1
-5.184 -37.0528 1


-9.6319 -21.4561 1
-13.496 -25.4672 1


-9.6319 -21.4561 1
4.912 -26.888 1


-9.6319 -21.4561 1
-18.384 -28.5808 1


-9.6319 -21.4561 1
-13.656 -21.5456 1


-9.6319 -21.4561 1
-18.888 -29.3152 1


-9.6319 -21.4561 1
12.52 -32.5328 1


-9.6319 -21.4561 1
12.128 -22.9616 1


-9.6319 -21.4561 1
8.008 -26.376 1


-9.6319 -21.4561 1
-10.008 -37.8272 1


-9.6319 -21.4561 1
-8.35201 -34.0864 1


-9.6319 -21.4561 1
-31.408 -31.8832 1


-9.6319 -21.4561 1
-21.344 -22.7408 1


-9.6319 -21.4561 1
8.376 -39.272 1


-9.6319 -21.4561 1
-2.824 -32.0224 1


-9.6319 -21.4561 1
-19.072 -34.976 1


-9.6319 -21.4561 1
6.39199 -25.7728 1


-9.6319 -21.4561 1
10.176 -36.1808 1


-9.6319 -21.4561 1
-3.76 -37.1936 1


-76.9173 -28.9755 1
-67.224 -30.4176 1


-76.9173 -28.9755 1
-99 -23.9872 1


-76.9173 -28.9755 1
-64.528 -32.5216 1


-29.1133 14.6514 1
-24.1776 1.008 1


-29.1133 14.6514 1
-22.7248 2.9664 1


-29.1133 14.6514 1
-23.5984 10.8144 1


-29.1133 14.6514 1
-22.5968 -2.6208 1


-29.1133 14.6514 1
-27.6896 0.0911987 1


-29.1133 14.6514 1
-16.1056 23.5056 1


-29.1133 14.6514 1
-16.1888 22.7184 1


-29.1133 14.6514 1
-15.328 21.0816 1


-29.1133 14.6514 1
-39.3824 9.3312 1


-29.1133 14.6514 1
-27.2064 14.8272 1


-29.1133 14.6514 1
-18.6896 6.8304 1


-29.1133 14.6514 1
-29.9776 5.3856 1


-29.1133 14.6514 1
-25.3232 5.4864 1


-29.1133 14.6514 1
-28.5376 13.4112 1


-29.1133 14.6514 1
-27.4016 17.8224 1


-29.1133 14.6514 1
-19.88 11.0448 1


-29.1133 14.6514 1
-30.5824 10.5024 1


-29.1133 14.6514 1
-29.0816 15.1344 1


-29.1133 14.6514 1
-23.7472 -5.1696 1


-29.1133 14.6514 1
-36.4128 11.9616 1


-29.1133 14.6514 1
-23.8032 18.4176 1


-29.1133 14.6514 1
-24.9984 9.768 1


-29.1133 14.6514 1
-29.5696 18.8688 1


-29.1133 14.6514 1
-26.68 5.0544 1


-29.1133 14.6514 1
-28.728 5.3424 1


-29.1133 14.6514 1
-26.744 5.45279 1


-29.1133 14.6514 1
-17.0272 6.84 1


-29.1133 14.6514 1
-21.6112 -2.2032 1


-29.1133 14.6514 1
-30.9456 -3.4992 1


-29.1133 14.6514 1
-22.6288 6.5952 1


-29.1133 14.6514 1
-32.76 26.5552 1


-29.1133 14.6514 1
-68.232 33.4672 1


-29.1133 14.6514 1
-44.08 26.488 1


-29.1133 14.6514 1
-32 37.9792 1


-29.1133 14.6514 1
-30.752 20.2288 1


-29.1133 14.6514 1
-42.168 28.2944 1


-29.1133 14.6514 1
-27.184 22.3216 1


-29.1133 14.6514 1
-42.776 26.008 1


-29.1133 14.6514 1
-56.672 36.576 1


-29.1133 14.6514 1
-47.816 20.9072 1


-29.1133 14.6514 1
-18.656 35.9616 1


-29.1133 14.6514 1
-22.296 33.8016 1


