-26.712 5.2536
5.9968 29.3016
-29.728 -22.092
-16.1472 23.112
2.5328 22.0656
24.7384 -15.3576
5.9728 -9.31679
23.0208 24.0744
6.3144 29.5652
-18.636 -28.948
31.1784 4.368
21.7112 35.004
7.8304 -19.0888
-1.2856 -31.2088
1.21359 25.7304
8.34 -26.7912
-22.104 -2.412
-6.628 36.824
-8.80401 -33.7232
4.3696 1.548
29.5344 -1.6464
-29.3528 5.364
-19.206 -29.2796
4.4112 -27.3544
-43.428 26.248
30.5012 4.5264
-26.0176 5.37
-1.1104 3.648
-14.452 -10.7064
-4.472 -37.1232
-3.1584 14.2752
5.49307 29.6187
-0.964801 -3.7728
26.0592 3.0456
7.296 32.4424
-6.9136 2.5344
15.9088 30.4016
7.58799 -39.4656
34.8544 4.85999
-17.8584 6.8352
9.904 -29.7784
-12.008 33.7352
28.12 30.9416
-5.42 -2.892
-2.0548 -31.6156
-24.2984 10.2912
-30.1608 19.5488
-28.8096 14.2728
-28.008 14.55
-0.4104 -0.732
-14.028 -20.6928
24.9772 -14.4372
15.3264 -4.4352
33.9152 5.082
18.228 21.48
17.398 21.0408
6.6048 -8.5416
3.4744 21.7216
5.62587 -8.1056
-21.236 -21.704
-27.892 -27.2576
0.234798 25.3124
-12.708 -26.1856
9.66 33.5064
-15.7376 22.0968
7.36599 -26.282
-21.7048 -33.1656
29.9952 -33.544
-5.1024 17.724
0.14 19.9704
-9.87401 -33.2336
23.6392 -3.4776
-42.798 27.2712
-23.4512 1.9872
-7.5168 3.624
3.45947 23.0525
0.192525 26.6819
26.4128 -0.703202
8.478 32.9744
-2.252 4.3104
-5.8592 8.8824
19.752 28.6048
-22.3928 -5.2128
23.4264 22.7708
-9.528 30.0104
-22.2484 -3.8124
3.104 2.3052
30.5928 -0.5856
19.072 -23.5704
-22.3632 -12.5352
-23.7288 -12.4428
-0.6876 -2.2524
-31.1288 -11.8488
-27.8009 5.3476
4.0688 5.3088
-20.1192 -28.0437
-30.8312 -20.958
4.264 -3.072
-20.3884 -34.0708
24.0208 -16.0888
-5.9 19.1316
-28.7812 18.6856
1.9692 26.495
3.79733 3.6808
