1.5952 25.4112 1.0328e-20 3
-2.7952 13.6512 7.71101e-13 1
2.6768 6.0192 5.4122e-09 2
-1.0672 -30.768 0.973335 0
-6.8256 13.4736 8.74949e-13 1
7.064 33.1536 8.27208e-27 3
3.9104 -27.8208 0.948076 0
4.96 1.5744 4.21698e-07 2
7.6848 -19.5504 0.475897 2
-1.3344 -4.40641 0.000106692 2
6.0576 29.5008 6.56379e-24 3
3.5616 26.9232 6.98957e-22 3
7.2368 -7.7664 0.000934323 2
-6.6976 20.5392 3.48206e-17 1
1.8384 3.0624 1.16108e-07 2
-4.8288 41.472 1.87383e-33 3
-8.12 4.7136 2.30443e-08 1
-5.5664 7.5888 1.08683e-09 1
2.4144 22.4448 1.64758e-18 3
5.728 -3.696 4.32667e-05 2
-5.464 -2.04 1.54816e-05 1
-6.384 3.11999 1.22641e-07 1
0.294401 -1.3152 7.41723e-06 2
12.6752 -8.5488 0.00128277 2
-0.491203 3.984 5.00447e-08 2
4.8576 -7.4112 0.00081615 2
2.6512 21.6864 5.7932e-18 3
-0.595203 -3.1392 3.67604e-05 2
3.7792 1.5216 4.71463e-07 2
5.4608 4.5984 2.07797e-08 2
0.7216 18.96 4.50459e-16 3
-1.1152 -0.148802 2.7296e-06 2
4.7776 29.76 4.24381e-24 3
-3.5216 14.8992 1.46157e-13 1
1.4544 10.6512 3.11891e-11 2
-3.0672 -11.3136 0.016016 2
-0.441601 20.9808 1.86447e-17 3
-4.0288 17.3568 4.64865e-15 1
6.2784 -9.0576 0.00245224 2
-5.376 -3.744 6.56329e-05 2
-1.7296 3.312 1.01256e-07 2
3.7584 24.2688 7.25752e-20 3
5.6672 -9.57599 0.00361186 2
16.568 20.6016 2.24311e-17 2
8.5872 14.208 2.89403e-13 2
1.9408 -24.9504 0.898358 0
-3.3936 4.9728 1.88271e-08 2
-1.0352 -14.5152 0.0951768 2
-7.4432 1.9488 3.82369e-07 1
2.8 -2.44801 1.7723e-05 2
22.6096 24.0864 5.81652e-20 3
22.1888 35.0208 1.57903e-28 3
43.3552 -27.3168 0.969322 0
25.0128 -15.0672 0.0647606 2
21.2336 34.9872 1.74075e-28 3
17.704 22.3152 1.34082e-18 3
23.144 -17.4336 0.194252 2
23.5168 -11.0928 0.00602376 2
13.3712 -0.792 2.46707e-06 2
31.4736 18.072 8.2009e-16 2
26.08 2.2992 1.08743e-07 2
30.1376 -1.68 4.67243e-06 2
29.824 4.6848 1.02707e-08 2
31.6512 0.475199 6.81203e-07 2
17.816 -22.752 0.717363 0
25.9456 -1.9104 5.37671e-06 2
30.8032 -26.1312 0.907204 0
14.704 -3.7104 2.90062e-05 2
19.5216 3.8208 2.53107e-08 2
34.4 4.17118 1.96903e-08 2
31.624 4.5312 1.25046e-08 2
25.216 -13.5168 0.0273975 2
31.7904 -10.9152 0.00628799 2
15.9488 -5.16 9.02947e-05 2
16.9088 7.1568 8.21787e-10 2
12.752 21.552 5.53291e-18 3
16.5776 30.8592 4.06343e-25 3
32.976 5.304 5.7887e-09 2
30.5472 8.54399 1.59158e-10 2
28.6592 14.2608 1.5649e-13 2
26.88 0.503998 6.08183e-07 2
24.6784 17.616 1.65448e-15 2
29.5856 25.3296 5.53284e-21 3
23.6672 6.984 8.66606e-10 2
22.8976 -29.8512 0.953435 0
19.5232 10.2624 2.30567e-11 2
27.0224 -6.8304 0.000305068 2
30.7328 4.2048 1.71458e-08 2
18.752 20.6448 1.95571e-17 2
24.728 -3.94561 3.02594e-05 2
26.0384 3.792 2.4627e-08 2
22.5504 -3.0096 1.38345e-05 2
35.3088 5.54879 4.83261e-09 2
39.2896 4.4448 1.84656e-08 2
20.8752 -20.0352 0.451119 2
24.464 -15.648 0.0868092 2
29.8304 -34.6608 0.98133 0
28.9312 -1.6128 4.29487e-06 2
19.3504 -8.5056 0.00104753 2
26.3136 -31.2528 0.966495 0
-24.1776 1.008 7.37497e-07 1
-14.9232 -10.1808 0.006042 1
-32.664 -12.0672 0.0222419 1
-22.7248 2.9664 1.07756e-07 1
-38.4464 -17.544 0.368386 1
-22.2448 -11.0064 0.00875479 1
-29.648 -22.2864 0.664058 0
-23.5984 10.8144 1.97041e-11 1
-22.6016 -33.8496 0.933331 0
-22.5968 -2.6208 1.84404e-05 1
-23.5024 -18.1776 0.281809 1
-13.9808 -11.232 0.0122107 1
-27.6896 0.0911987 1.94127e-06 1
-16.1056 23.5056 2.65378e-19 1
-21.0384 -5.256 0.000156377 1
-21.2224 -26.9184 0.870081 0
-14.5152 -42.6432 0.913594 0
-16.1888 22.7184 9.61258e-19 1
-15.328 21.0816 1.30831e-17 1
-39.3824 9.3312 4.12658e-10 1
-27.2064 14.8272 1.44174e-13 1
-25.0944 -12.3504 0.0197936 1
-29.5936 -11.6304 0.0146997 1
-18.6896 6.8304 1.83601e-09 1
-29.9776 5.3856 1.22005e-08 1
-25.3232 5.4864 8.66029e-09 1
-28.5376 13.4112 9.89059e-13 1
-20.1536 -8.3376 0.00153136 1
-27.4016 17.8224 2.32875e-15 1
-19.88 11.0448 1.39392e-11 1
-17.1696 -18.4512 0.338547 1
-31.9344 -19.824 0.478362 1
-30.5824 10.5024 4.14095e-11 1
-29.0816 15.1344 1.07564e-13 1
-23.7472 -5.1696 0.000148038 1
-15.3872 43.5888 3.47717e-35 3
-27.6896 -37.8192 0.916866 0
-36.4128 11.9616 1.23978e-11 1
-23.8032 18.4176 8.34187e-16 1
-24.9984 9.768 7.18048e-11 1
-29.5696 18.8688 5.76524e-16 1
-26.68 5.0544 1.43957e-08 1
-28.728 5.3424 1.18123e-08 1
-26.744 5.45279 9.49792e-09 1
-17.0272 6.84 1.84332e-09 1
-22.4816 -14.064 0.0501065 1
-17.0208 -3.4704 3.91514e-05 1
-21.6112 -2.2032 1.28386e-05 1
-30.9456 -3.4992 5.12244e-05 1
-22.6288 6.5952 2.44397e-09 1
-67.224 -30.4176 0.999676 0
-27.768 -26.2064 0.843723 0
-20.808 -32.4816 0.934154 0
-21.128 -20.6672 0.525039 0
-1.504 -31.6496 0.976438 0
-14.4 -19.84 0.509135 0
-29.808 -21.8976 0.636702 0
-7.896 -18.3328 0.42164 0
-16.304 -26.3888 0.881221 0
7.976 -18.6272 0.370479 2
8.672 -27.2064 0.929235 0
-28.016 -28.3088 0.889264 0
37.232 -27.9408 0.958627 0
10.4 -30.4576 0.96271 0
6.79998 -39.6592 0.982605 0
-36.32 -29.0688 0.925227 0
-10.944 -32.744 0.965218 0
30.16 -32.4272 0.9757 0
-19.776 -29.6112 0.918074 0
16.32 -17.32 0.192219 2
-11.92 -26.904 0.916207 0
9.408 -29.0992 0.95284 0
0.824003 -28.1088 0.955265 0
-9.25601 -33.36 0.970685 0
-5.184 -37.0528 0.979891 0
20.328 -24.3888 0.818074 0
-13.496 -25.4672 0.875053 0
4.912 -26.888 0.932812 0
-18.384 -28.5808 0.910981 0
-13.656 -21.5456 0.673961 0
-18.888 -29.3152 0.918 0
12.52 -32.5328 0.971695 0
-99 -23.9872 1 0
12.128 -22.9616 0.75475 0
-64.528 -32.5216 0.999365 0
8.008 -26.376 0.914712 0
-10.008 -37.8272 0.968686 0
-8.35201 -34.0864 0.973661 0
-31.408 -31.8832 0.92717 0
-21.344 -22.7408 0.691705 0
8.376 -39.272 0.982255 0
-2.824 -32.0224 0.976995 0
19.96 -32.8064 0.97089 0
49.248 -22.2864 0.90914 0
50.696 -30.8768 0.993905 0
-19.072 -34.976 0.942924 0
6.39199 -25.7728 0.905531 0
10.176 -36.1808 0.980833 0
26.248 -36.176 0.981166 0
-3.76 -37.1936 0.981607 0
-10.496 31.0032 5.68511e-25 3
23.432 24.0624 5.9252e-20 3
24.944 36.3968 1.09779e-29 3
48.056 34.8624 7.70781e-29 3
-12.848 33.7824 3.80145e-27 3
0.831986 26.0496 3.41201e-21 3
27.28 30.8384 2.93626e-25 3
-7.144 37.0096 8.94428e-30 3
-11.168 33.688 4.39721e-27 3
10.088 32.5168 2.42892e-26 3
-6.176 18.0912 1.49519e-15 1
-32.76 26.5552 2.65164e-21 3
23.832 21.4672 4.56499e-18 3
6.528 25.3568 1.0341e-20 3
-11.328 37.2 6.69328e-30 3
-0.176012 27.912 1.2841e-22 3
4.41599 21.3776 9.3631e-18 3
-68.232 33.4672 3.01463e-26 3
38.488 25.9872 1.3511e-21 3
20.84 27.8368 8.3325e-23 3
69.536 35.5712 7.61479e-30 3
-44.08 26.488 4.67572e-21 3
9.232 34.496 6.55004e-28 3
18.664 29.3728 5.63033e-24 3
-6.152 10.176 5.39106e-11 1
-32 37.9792 3.11048e-30 3
5.93599 29.1024 1.34978e-23 3
-0.743998 24.8944 2.59697e-20 3
-1.912 37.3968 3.98887e-30 3
7.528 31.7312 1.10228e-25 3
-6.112 36.6384 1.75849e-29 3
-30.752 20.2288 7.9631e-17 1
-42.168 28.2944 1.83388e-22 3
-27.184 22.3216 2.41982e-18 1
56.088 30.2864 2.79935e-25 3
-42.776 26.008 1.03817e-20 3
15.24 29.944 2.23967e-24 3
28.96 31.0448 1.89958e-25 3
-13.08 26.5232 1.59328e-21 3
-8.56 29.0176 1.94544e-23 3
68.4 25.904 5.46529e-22 3
-56.672 36.576 8.96533e-29 3
-47.816 20.9072 8.0194e-17 3
59.472 31.1344 5.02403e-26 3
31.464 46.3792 4.86999e-38 3
75.192 35.952 2.79609e-30 3
47.944 16.3232 1.54204e-14 2
-18.656 35.9616 7.84703e-29 3
6.632 29.8288 3.57659e-24 3
-22.296 33.8016 4.60658e-27 3
