1.5952 25.4112 1.67667e-20 3
-2.7952 13.6512 9.88138e-13 1
2.6768 6.0192 6.82024e-09 2
-1.0672 -30.768 0.969541 0
-6.8256 13.4736 1.14234e-12 1
7.064 33.1536 1.49999e-26 3
3.9104 -27.8208 0.942449 0
4.96 1.5744 5.30768e-07 2
7.6848 -19.5504 0.481542 2
-1.3344 -4.40641 0.000126939 2
6.0576 29.5008 1.12604e-23 3
3.5616 26.9232 1.15864e-21 3
7.2368 -7.7664 0.00111003 2
-6.6976 20.5392 5.26158e-17 1
1.8384 3.0624 1.45147e-07 2
-4.8288 41.472 4.17967e-33 3
-8.12 4.7136 2.78606e-08 1
-5.5664 7.5888 1.3353e-09 1
2.4144 22.4448 2.50704e-18 3
5.728 -3.696 5.31625e-05 2
-5.464 -2.04 1.8079e-05 1
-6.384 3.11999 1.46742e-07 1
0.294401 -1.3152 9.06563e-06 2
12.6752 -8.5488 0.00147928 2
-0.491203 3.984 6.18237e-08 2
4.8576 -7.4112 0.000975967 2
2.6512 21.6864 8.64603e-18 3
-0.595203 -3.1392 4.42799e-05 2
3.7792 1.5216 5.91809e-07 2
5.4608 4.5984 2.635e-08 2
0.7216 18.96 6.29938e-16 1
-1.1152 -0.148802 3.31771e-06 2
4.7776 29.76 7.33576e-24 3
-3.5216 14.8992 1.91048e-13 1
1.4544 10.6512 3.92868e-11 2
-3.0672 -11.3136 0.0178599 2
-0.441601 20.9808 2.76073e-17 3
-4.0288 17.3568 6.39026e-15 1
6.2784 -9.0576 0.00288407 2
-5.376 -3.744 7.59561e-05 1
-1.7296 3.312 1.23889e-07 2
3.7584 24.2688 1.14534e-19 3
5.6672 -9.57599 0.00423019 2
16.568 20.6016 3.10634e-17 2
8.5872 14.208 3.7076e-13 2
1.9408 -24.9504 0.893804 0
-3.3936 4.9728 2.29416e-08 1
-1.0352 -14.5152 0.103511 2
-7.4432 1.9488 4.53673e-07 1
2.8 -2.44801 2.1833e-05 2
22.6096 24.0864 8.64356e-20 3
22.1888 35.0208 2.82857e-28 3
43.3552 -27.3168 0.96077 0
25.0128 -15.0672 0.0649635 2
21.2336 34.9872 3.12477e-28 3
17.704 22.3152 1.93249e-18 3
23.144 -17.4336 0.190171 2
23.5168 -11.0928 0.00641543 2
13.3712 -0.792 3.0176e-06 2
31.4736 18.072 1.06036e-15 2
26.08 2.2992 1.29311e-07 2
30.1376 -1.68 5.38184e-06 2
29.824 4.6848 1.22711e-08 2
31.6512 0.475199 7.95255e-07 2
17.816 -22.752 0.698115 0
25.9456 -1.9104 6.23131e-06 2
30.8032 -26.1312 0.887222 0
14.704 -3.7104 3.45919e-05 2
19.5216 3.8208 3.08725e-08 2
34.4 4.17118 2.34369e-08 2
31.624 4.5312 1.49113e-08 2
25.216 -13.5168 0.028075 2
31.7904 -10.9152 0.00657214 2
15.9488 -5.16 0.000105816 2
16.9088 7.1568 1.02051e-09 2
12.752 21.552 7.95528e-18 3
16.5776 30.8592 6.90622e-25 3
32.976 5.304 6.92136e-09 2
30.5472 8.54399 1.9226e-10 2
28.6592 14.2608 1.92354e-13 2
26.88 0.503998 7.14887e-07 2
24.6784 17.616 2.11285e-15 2
29.5856 25.3296 8.37461e-21 3
23.6672 6.984 1.05387e-09 2
22.8976 -29.8512 0.939826 0
19.5232 10.2624 2.85019e-11 2
27.0224 -6.8304 0.00033758 2
30.7328 4.2048 2.04295e-08 2
18.752 20.6448 2.69387e-17 2
24.728 -3.94561 3.46191e-05 2
26.0384 3.792 2.94875e-08 2
22.5504 -3.0096 1.60586e-05 2
35.3088 5.54879 5.78743e-09 2
39.2896 4.4448 2.21124e-08 2
20.8752 -20.0352 0.436343 2
24.464 -15.648 0.0865377 2
29.8304 -34.6608 0.971853 0
28.9312 -1.6128 4.95818e-06 2
19.3504 -8.5056 0.00116992 2
26.3136 -31.2528 0.954435 0
-24.1776 1.008 9.34174e-07 1
-14.9232 -10.1808 0.00668958 1
-32.664 -12.0672 0.0259478 1
-22.7248 2.9664 1.38372e-07 1
-38.4464 -17.544 0.398363 1
-22.2448 -11.0064 0.0100487 1
-29.648 -22.2864 0.692673 0
-23.5984 10.8144 2.78545e-11 1
-22.6016 -33.8496 0.939682 0
-22.5968 -2.6208 2.24838e-05 1
-23.5024 -18.1776 0.305706 1
-13.9808 -11.232 0.0133581 1
-27.6896 0.0911987 2.4592e-06 1
-16.1056 23.5056 4.50538e-19 1
-21.0384 -5.256 0.000185406 1
-21.2224 -26.9184 0.87954 0
-14.5152 -42.6432 0.916758 0
-16.1888 22.7184 1.61104e-18 1
-15.328 21.0816 2.11771e-17 1
-39.3824 9.3312 5.57874e-10 1
-27.2064 14.8272 2.18594e-13 1
-25.0944 -12.3504 0.0228109 1
-29.5936 -11.6304 0.017198 1
-18.6896 6.8304 2.40843e-09 1
-29.9776 5.3856 1.63013e-08 1
-25.3232 5.4864 1.15237e-08 1
-28.5376 13.4112 1.46695e-12 1
-20.1536 -8.3376 0.0017684 1
-27.4016 17.8224 3.72459e-15 1
-19.88 11.0448 1.94295e-11 1
-17.1696 -18.4512 0.354916 1
-31.9344 -19.824 0.512489 0
-30.5824 10.5024 5.88215e-11 1
-29.0816 15.1344 1.64179e-13 1
-23.7472 -5.1696 0.000177798 1
-15.3872 43.5888 8.72762e-35 3
-27.6896 -37.8192 0.928075 0
-36.4128 11.9616 1.76951e-11 1
-23.8032 18.4176 1.33801e-15 1
-24.9984 9.768 1.00521e-10 1
-29.5696 18.8688 9.41593e-16 1
-26.68 5.0544 1.91217e-08 1
-28.728 5.3424 1.57748e-08 1
-26.744 5.45279 1.26724e-08 1
-17.0272 6.84 2.39264e-09 1
-22.4816 -14.064 0.0564073 1
-17.0208 -3.4704 4.60376e-05 1
-21.6112 -2.2032 1.56379e-05 1
-30.9456 -3.4992 6.31108e-05 1
-22.6288 6.5952 3.26321e-09 1
-67.224 -30.4176 0.999583 0
-27.768 -26.2064 0.859548 0
-20.808 -32.4816 0.939347 0
-21.128 -20.6672 0.548406 0
-1.504 -31.6496 0.972792 0
-14.4 -19.84 0.520523 0
-29.808 -21.8976 0.666616 0
-7.896 -18.3328 0.428159 0
-16.304 -26.3888 0.885502 0
7.976 -18.6272 0.378878 2
8.672 -27.2064 0.920679 0
-28.016 -28.3088 0.901282 0
37.232 -27.9408 0.946531 0
10.4 -30.4576 0.954593 0
6.79998 -39.6592 0.97424 0
-36.32 -29.0688 0.934253 0
-10.944 -32.744 0.963988 0
30.16 -32.4272 0.96542 0
-19.776 -29.6112 0.923492 0
16.32 -17.32 0.193683 2
-11.92 -26.904 0.915765 0
9.408 -29.0992 0.944673 0
0.824003 -28.1088 0.950737 0
-9.25601 -33.36 0.968811 0
-5.184 -37.0528 0.976554 0
20.328 -24.3888 0.796482 0
-13.496 -25.4672 0.876731 0
4.912 -26.888 0.926577 0
-18.384 -28.5808 0.915769 0
-13.656 -21.5456 0.681003 0
-18.888 -29.3152 0.922803 0
12.52 -32.5328 0.96327 0
-99 -23.9872 1 0
12.128 -22.9616 0.743075 0
-64.528 -32.5216 0.999241 0
8.008 -26.376 0.906377 0
-10.008 -37.8272 0.966872 0
-8.35201 -34.0864 0.971491 0
-31.408 -31.8832 0.936441 0
-21.344 -22.7408 0.710809 0
8.376 -39.272 0.973567 0
-2.824 -32.0224 0.973609 0
19.96 -32.8064 0.960123 0
49.248 -22.2864 0.897491 0
50.696 -30.8768 0.991558 0
-19.072 -34.976 0.946857 0
6.39199 -25.7728 0.898343 0
10.176 -36.1808 0.973219 0
26.248 -36.176 0.970868 0
-3.76 -37.1936 0.977898 0
-10.496 31.0032 1.05638e-24 3
23.432 24.0624 8.78934e-20 3
24.944 36.3968 1.99994e-29 3
48.056 34.8624 1.28116e-28 3
-12.848 33.7824 7.47896e-27 3
0.831986 26.0496 5.61525e-21 3
27.28 30.8384 4.85558e-25 3
-7.144 37.0096 1.82752e-29 3
-11.168 33.688 8.57603e-27 3
10.088 32.5168 4.32118e-26 3
-6.176 18.0912 2.12147e-15 1
-32.76 26.5552 4.84731e-21 3
23.832 21.4672 6.36185e-18 2
6.528 25.3568 1.65359e-20 3
-11.328 37.2 1.39994e-29 3
-0.176012 27.912 2.18632e-22 3
4.41599 21.3776 1.3791e-17 3
-68.232 33.4672 6.12637e-26 3
38.488 25.9872 2.06119e-21 3
20.84 27.8368 1.33374e-22 3
69.536 35.5712 1.1631e-29 3
-44.08 26.488 8.54244e-21 3
9.232 34.496 1.20762e-27 3
18.664 29.3728 9.29148e-24 3
-6.152 10.176 6.75887e-11 1
-32 37.9792 6.89056e-30 3
5.93599 29.1024 2.30198e-23 3
-0.743998 24.8944 4.20501e-20 3
-1.912 37.3968 8.03344e-30 3
7.528 31.7312 1.95048e-25 3
-6.112 36.6384 3.54958e-29 3
-30.752 20.2288 1.33262e-16 1
-42.168 28.2944 3.42371e-22 3
-27.184 22.3216 4.17719e-18 1
56.088 30.2864 4.25975e-25 3
-42.776 26.008 1.88442e-20 3
15.24 29.944 3.76665e-24 3
28.96 31.0448 3.14007e-25 3
-13.08 26.5232 2.7956e-21 3
-8.56 29.0176 3.47531e-23 3
68.4 25.904 7.64829e-22 3
-56.672 36.576 1.94053e-28 3
-47.816 20.9072 1.37971e-16 3
59.472 31.1344 7.60299e-26 3
31.464 46.3792 9.77017e-38 3
75.192 35.952 4.17185e-30 3
47.944 16.3232 2.09096e-14 2
-18.656 35.9616 1.64427e-28 3
6.632 29.8288 6.15743e-24 3
-22.296 33.8016 9.33004e-27 3
