1.5952 25.4112 2.07797e-20 3
-2.7952 13.6512 1.11615e-12 1
2.6768 6.0192 7.56703e-09 2
-1.0672 -30.768 0.968538 0
-6.8256 13.4736 1.28482e-12 1
7.064 33.1536 1.98e-26 3
3.9104 -27.8208 0.939195 0
4.96 1.5744 5.74202e-07 2
7.6848 -19.5504 0.472547 2
-1.3344 -4.40641 0.00013322 2
6.0576 29.5008 1.444e-23 3
3.5616 26.9232 1.45572e-21 3
7.2368 -7.7664 0.00113256 2
-6.6976 20.5392 6.21312e-17 1
1.8384 3.0624 1.58297e-07 2
-4.8288 41.472 5.95967e-33 3
-8.12 4.7136 3.03408e-08 1
-5.5664 7.5888 1.46715e-09 1
2.4144 22.4448 3.04329e-18 3
5.728 -3.696 5.56519e-05 2
-5.464 -2.04 1.92111e-05 1
-6.384 3.11999 1.58747e-07 1
0.294401 -1.3152 9.65319e-06 2
12.6752 -8.5488 0.00149227 2
-0.491203 3.984 6.75068e-08 2
4.8576 -7.4112 0.00100116 2
2.6512 21.6864 1.04468e-17 3
-0.595203 -3.1392 4.67298e-05 2
3.7792 1.5216 6.40321e-07 2
5.4608 4.5984 2.90403e-08 2
0.7216 18.96 7.42041e-16 1
-1.1152 -0.148802 3.55117e-06 2
4.7776 29.76 9.42312e-24 3
-3.5216 14.8992 2.16713e-13 1
1.4544 10.6512 4.44828e-11 2
-3.0672 -11.3136 0.0182701 2
-0.441601 20.9808 3.28857e-17 3
-4.0288 17.3568 7.34871e-15 1
6.2784 -9.0576 0.00292581 2
-5.376 -3.744 8.02411e-05 1
-1.7296 3.312 1.3459e-07 2
3.7584 24.2688 1.41228e-19 3
5.6672 -9.57599 0.00428311 2
16.568 20.6016 3.74214e-17 2
8.5872 14.208 4.34665e-13 2
1.9408 -24.9504 0.88953 0
-3.3936 4.9728 2.50259e-08 1
-1.0352 -14.5152 0.103865 2
-7.4432 1.9488 4.8926e-07 1
2.8 -2.44801 2.30916e-05 2
22.6096 24.0864 1.04784e-19 3
22.1888 35.0208 3.72705e-28 3
43.3552 -27.3168 0.963575 0
25.0128 -15.0672 0.0642822 2
21.2336 34.9872 4.12356e-28 3
17.704 22.3152 2.34645e-18 3
23.144 -17.4336 0.187454 2
23.5168 -11.0928 0.00638402 2
13.3712 -0.792 3.16869e-06 2
31.4736 18.072 1.18405e-15 2
26.08 2.2992 1.34091e-07 2
30.1376 -1.68 5.48099e-06 2
29.824 4.6848 1.27518e-08 2
31.6512 0.475199 8.13612e-07 2
17.816 -22.752 0.690432 0
25.9456 -1.9104 6.36324e-06 2
30.8032 -26.1312 0.887769 0
14.704 -3.7104 3.56462e-05 2
19.5216 3.8208 3.27538e-08 2
34.4 4.17118 2.4147e-08 2
31.624 4.5312 1.54387e-08 2
25.216 -13.5168 0.0278432 2
31.7904 -10.9152 0.00659544 2
15.9488 -5.16 0.000108031 2
16.9088 7.1568 1.11362e-09 2
12.752 21.552 9.72073e-18 3
16.5776 30.8592 8.88169e-25 3
32.976 5.304 7.16841e-09 2
30.5472 8.54399 2.02514e-10 2
28.6592 14.2608 2.10119e-13 2
26.88 0.503998 7.3532e-07 2
24.6784 17.616 2.40774e-15 2
29.5856 25.3296 1.00785e-20 3
23.6672 6.984 1.12343e-09 2
22.8976 -29.8512 0.938388 0
19.5232 10.2624 3.14313e-11 2
27.0224 -6.8304 0.000339693 2
30.7328 4.2048 2.11598e-08 2
18.752 20.6448 3.22322e-17 2
24.728 -3.94561 3.51523e-05 2
26.0384 3.792 3.07694e-08 2
22.5504 -3.0096 1.63974e-05 2
35.3088 5.54879 5.97803e-09 2
39.2896 4.4448 2.27002e-08 2
20.8752 -20.0352 0.430018 2
24.464 -15.648 0.0855191 2
29.8304 -34.6608 0.972325 0
28.9312 -1.6128 5.05435e-06 2
19.3504 -8.5056 0.00117353 2
26.3136 -31.2528 0.954064 0
-24.1776 1.008 1.04477e-06 1
-14.9232 -10.1808 0.00714154 1
-32.664 -12.0672 0.027714 1
-22.7248 2.9664 1.55598e-07 1
-38.4464 -17.544 0.407187 1
-22.2448 -11.0064 0.0108458 1
-29.648 -22.2864 0.706199 0
-23.5984 10.8144 3.27105e-11 1
-22.6016 -33.8496 0.945374 0
-22.5968 -2.6208 2.47549e-05 1
-23.5024 -18.1776 0.321432 1
-13.9808 -11.232 0.0142037 1
-27.6896 0.0911987 2.75137e-06 1
-16.1056 23.5056 5.62767e-19 1
-21.0384 -5.256 0.000202154 1
-21.2224 -26.9184 0.888273 0
-14.5152 -42.6432 0.927844 0
-16.1888 22.7184 1.99962e-18 1
-15.328 21.0816 2.58334e-17 1
-39.3824 9.3312 6.60763e-10 1
-27.2064 14.8272 2.66661e-13 1
-25.0944 -12.3504 0.0245698 1
-29.5936 -11.6304 0.0184932 1
-18.6896 6.8304 2.72446e-09 1
-29.9776 5.3856 1.87745e-08 1
-25.3232 5.4864 1.31875e-08 1
-28.5376 13.4112 1.77731e-12 1
-20.1536 -8.3376 0.0019132 1
-27.4016 17.8224 4.64671e-15 1
-19.88 11.0448 2.25554e-11 1
-17.1696 -18.4512 0.370895 1
-31.9344 -19.824 0.52699 0
-30.5824 10.5024 7.00742e-11 1
-29.0816 15.1344 2.01723e-13 1
-23.7472 -5.1696 0.000194577 1
-15.3872 43.5888 1.32571e-34 3
-27.6896 -37.8192 0.934778 0
-36.4128 11.9616 2.14262e-11 1
-23.8032 18.4176 1.65672e-15 1
-24.9984 9.768 1.17768e-10 1
-29.5696 18.8688 1.19e-15 1
-26.68 5.0544 2.18874e-08 1
-28.728 5.3424 1.8139e-08 1
-26.744 5.45279 1.4538e-08 1
-17.0272 6.84 2.69152e-09 1
-22.4816 -14.064 0.0604901 1
-17.0208 -3.4704 5.00036e-05 1
-21.6112 -2.2032 1.72117e-05 1
-30.9456 -3.4992 6.95747e-05 1
-22.6288 6.5952 3.73177e-09 1
-67.224 -30.4176 0.999459 0
-27.768 -26.2064 0.868112 0
-20.808 -32.4816 0.944931 0
-21.128 -20.6672 0.566852 0
-1.504 -31.6496 0.972015 0
-14.4 -19.84 0.536345 0
-29.808 -21.8976 0.680645 0
-7.896 -18.3328 0.435951 0
-16.304 -26.3888 0.893403 0
7.976 -18.6272 0.371242 2
8.672 -27.2064 0.916155 0
-28.016 -28.3088 0.907806 0
37.232 -27.9408 0.948627 0
10.4 -30.4576 0.95168 0
6.79998 -39.6592 0.97219 0
-36.32 -29.0688 0.936723 0
-10.944 -32.744 0.96664 0
30.16 -32.4272 0.965881 0
-19.776 -29.6112 0.929816 0
16.32 -17.32 0.189671 2
-11.92 -26.904 0.92068 0
9.408 -29.0992 0.941227 0
0.824003 -28.1088 0.94855 0
-9.25601 -33.36 0.970794 0
-5.184 -37.0528 0.977309 0
20.328 -24.3888 0.79117 0
-13.496 -25.4672 0.884047 0
4.912 -26.888 0.922521 0
-18.384 -28.5808 0.92242 0
-13.656 -21.5456 0.694515 0
-18.888 -29.3152 0.929111 0
12.52 -32.5328 0.96096 0
-99 -23.9872 1 0
12.128 -22.9616 0.734235 0
-64.528 -32.5216 0.999046 0
8.008 -26.376 0.90129 0
-10.008 -37.8272 0.969862 0
-8.35201 -34.0864 0.973149 0
-31.408 -31.8832 0.940482 0
-21.344 -22.7408 0.726417 0
8.376 -39.272 0.971483 0
-2.824 -32.0224 0.973258 0
19.96 -32.8064 0.958701 0
49.248 -22.2864 0.905688 0
50.696 -30.8768 0.992718 0
-19.072 -34.976 0.95231 0
6.39199 -25.7728 0.893054 0
10.176 -36.1808 0.971248 0
26.248 -36.176 0.970855 0
-3.76 -37.1936 0.978161 0
-10.496 31.0032 1.38782e-24 3
23.432 24.0624 1.06296e-19 3
24.944 36.3968 2.65379e-29 3
48.056 34.8624 1.60895e-28 3
-12.848 33.7824 1.01528e-26 3
0.831986 26.0496 6.98871e-21 3
27.28 30.8384 6.1217e-25 3
-7.144 37.0096 2.52101e-29 3
-11.168 33.688 1.15768e-26 3
10.088 32.5168 5.66749e-26 3
-6.176 18.0912 2.45218e-15 1
-32.76 26.5552 6.46112e-21 3
23.832 21.4672 7.52758e-18 2
6.528 25.3568 2.06123e-20 3
-11.328 37.2 1.95645e-29 3
-0.176012 27.912 2.76163e-22 3
4.41599 21.3776 1.67165e-17 3
-68.232 33.4672 8.88583e-26 3
38.488 25.9872 2.45878e-21 3
20.84 27.8368 1.66617e-22 3
69.536 35.5712 1.4102e-29 3
-44.08 26.488 1.13825e-20 3
9.232 34.496 1.61098e-27 3
18.664 29.3728 1.17809e-23 3
-6.152 10.176 7.4955e-11 1
-32 37.9792 1.02792e-29 3
5.93599 29.1024 2.94318e-23 3
-0.743998 24.8944 5.17487e-20 3
-1.912 37.3968 1.10324e-29 3
7.528 31.7312 2.54468e-25 3
-6.112 36.6384 4.86973e-29 3
-30.752 20.2288 1.70335e-16 1
-42.168 28.2944 4.63134e-22 3
-27.184 22.3216 5.37114e-18 1
56.088 30.2864 5.11227e-25 3
-42.776 26.008 2.50193e-20 3
15.24 29.944 4.82097e-24 3
28.96 31.0448 3.95248e-25 3
-13.08 26.5232 3.54878e-21 3
-8.56 29.0176 4.4628e-23 3
68.4 25.904 8.79601e-22 3
-56.672 36.576 2.89126e-28 3
-47.816 20.9072 1.7645e-16 3
59.472 31.1344 9.12122e-26 3
31.464 46.3792 1.48125e-37 3
75.192 35.952 5.01236e-30 3
47.944 16.3232 2.25229e-14 2
-18.656 35.9616 2.32414e-28 3
6.632 29.8288 7.91623e-24 3
-22.296 33.8016 1.30294e-26 3
