1.5952 25.4112 1.78801e-20 3
-2.7952 13.6512 1.02544e-12 1
2.6768 6.0192 7.02961e-09 2
-1.0672 -30.768 0.969331 0
-6.8256 13.4736 1.18469e-12 1
7.064 33.1536 1.62864e-26 3
3.9104 -27.8208 0.941809 0
4.96 1.5744 5.43638e-07 2
7.6848 -19.5504 0.480256 2
-1.3344 -4.40641 0.000128893 2
6.0576 29.5008 1.21228e-23 3
3.5616 26.9232 1.24016e-21 3
7.2368 -7.7664 0.00112073 2
-6.6976 20.5392 5.5394e-17 1
1.8384 3.0624 1.48932e-07 2
-4.8288 41.472 4.6474e-33 3
-8.12 4.7136 2.8577e-08 1
-5.5664 7.5888 1.37378e-09 1
2.4144 22.4448 2.65617e-18 3
5.728 -3.696 5.40138e-05 2
-5.464 -2.04 1.84048e-05 1
-6.384 3.11999 1.50206e-07 1
0.294401 -1.3152 9.2431e-06 2
12.6752 -8.5488 0.0014893 2
-0.491203 3.984 6.34528e-08 2
4.8576 -7.4112 0.000986492 2
2.6512 21.6864 9.14593e-18 3
-0.595203 -3.1392 4.50346e-05 2
3.7792 1.5216 6.06113e-07 2
5.4608 4.5984 2.71149e-08 2
0.7216 18.96 6.61599e-16 1
-1.1152 -0.148802 3.38661e-06 2
4.7776 29.76 7.90251e-24 3
-3.5216 14.8992 1.98598e-13 1
1.4544 10.6512 4.07258e-11 2
-3.0672 -11.3136 0.0180011 2
-0.441601 20.9808 2.91115e-17 3
-4.0288 17.3568 6.67324e-15 1
6.2784 -9.0576 0.00290742 2
-5.376 -3.744 7.71916e-05 1
-1.7296 3.312 1.26974e-07 2
3.7584 24.2688 1.21889e-19 3
5.6672 -9.57599 0.00426209 2
16.568 20.6016 3.27642e-17 2
8.5872 14.208 3.87571e-13 2
1.9408 -24.9504 0.893033 0
-3.3936 4.9728 2.35432e-08 1
-1.0352 -14.5152 0.10386 2
-7.4432 1.9488 4.63867e-07 1
2.8 -2.44801 2.22311e-05 2
22.6096 24.0864 9.1529e-20 3
22.1888 35.0208 3.07173e-28 3
43.3552 -27.3168 0.961137 0
25.0128 -15.0672 0.0649094 2
21.2336 34.9872 3.39451e-28 3
17.704 22.3152 2.04432e-18 3
23.144 -17.4336 0.189736 2
23.5168 -11.0928 0.00642822 2
13.3712 -0.792 3.06985e-06 2
31.4736 18.072 1.09965e-15 2
26.08 2.2992 1.31251e-07 2
30.1376 -1.68 5.43398e-06 2
29.824 4.6848 1.24699e-08 2
31.6512 0.475199 8.04309e-07 2
17.816 -22.752 0.6965 0
25.9456 -1.9104 6.2959e-06 2
30.8032 -26.1312 0.886962 0
14.704 -3.7104 3.50228e-05 2
19.5216 3.8208 3.15062e-08 2
34.4 4.17118 2.37699e-08 2
31.624 4.5312 1.51404e-08 2
25.216 -13.5168 0.0280809 2
31.7904 -10.9152 0.00659196 2
15.9488 -5.16 0.000106873 2
16.9088 7.1568 1.04862e-09 2
12.752 21.552 8.42386e-18 3
16.5776 30.8592 7.44133e-25 3
32.976 5.304 7.03014e-09 2
30.5472 8.54399 1.96184e-10 2
28.6592 14.2608 1.98163e-13 2
26.88 0.503998 7.23942e-07 2
24.6784 17.616 2.19888e-15 2
29.5856 25.3296 8.8639e-21 3
23.6672 6.984 1.07749e-09 2
22.8976 -29.8512 0.939319 0
19.5232 10.2624 2.93758e-11 2
27.0224 -6.8304 0.000339438 2
30.7328 4.2048 2.07427e-08 2
18.752 20.6448 2.83732e-17 2
24.728 -3.94561 3.49155e-05 2
26.0384 3.792 2.99834e-08 2
22.5504 -3.0096 1.62223e-05 2
35.3088 5.54879 5.87582e-09 2
39.2896 4.4448 2.24136e-08 2
20.8752 -20.0352 0.435097 2
24.464 -15.648 0.0864287 2
29.8304 -34.6608 0.971755 0
28.9312 -1.6128 5.00758e-06 2
19.3504 -8.5056 0.00117573 2
26.3136 -31.2528 0.954141 0
-24.1776 1.008 9.63367e-07 1
-14.9232 -10.1808 0.00680126 1
-32.664 -12.0672 0.0264128 1
-22.7248 2.9664 1.42958e-07 1
-38.4464 -17.544 0.401013 1
-22.2448 -11.0064 0.0102471 1
-29.648 -22.2864 0.696139 0
-23.5984 10.8144 2.91455e-11 1
-22.6016 -33.8496 0.941025 0
-22.5968 -2.6208 2.30787e-05 1
-23.5024 -18.1776 0.309496 1
-13.9808 -11.232 0.0135646 1
-27.6896 0.0911987 2.53569e-06 1
-16.1056 23.5056 4.81172e-19 1
-21.0384 -5.256 0.000189737 1
-21.2224 -26.9184 0.881569 0
-14.5152 -42.6432 0.919267 0
-16.1888 22.7184 1.71745e-18 1
-15.328 21.0816 2.24694e-17 1
-39.3824 9.3312 5.8365e-10 1
-27.2064 14.8272 2.31049e-13 1
-25.0944 -12.3504 0.0232507 1
-29.5936 -11.6304 0.0175316 1
-18.6896 6.8304 2.49489e-09 1
-29.9776 5.3856 1.69438e-08 1
-25.3232 5.4864 1.1963e-08 1
-28.5376 13.4112 1.54699e-12 1
-20.1536 -8.3376 0.001805 1
-27.4016 17.8224 3.96257e-15 1
-19.88 11.0448 2.02807e-11 1
-17.1696 -18.4512 0.35858 1
-31.9344 -19.824 0.516317 0
-30.5824 10.5024 6.17124e-11 1
-29.0816 15.1344 1.7381e-13 1
-23.7472 -5.1696 0.000182142 1
-15.3872 43.5888 9.85924e-35 3
-27.6896 -37.8192 0.929753 0
-36.4128 11.9616 1.86302e-11 1
-23.8032 18.4176 1.42191e-15 1
-24.9984 9.768 1.05073e-10 1
-29.5696 18.8688 1.00504e-15 1
-26.68 5.0544 1.98482e-08 1
-28.728 5.3424 1.63915e-08 1
-26.744 5.45279 1.31623e-08 1
-17.0272 6.84 2.47528e-09 1
-22.4816 -14.064 0.0574022 1
-17.0208 -3.4704 4.70817e-05 1
-21.6112 -2.2032 1.60515e-05 1
-30.9456 -3.4992 6.47998e-05 1
-22.6288 6.5952 3.38853e-09 1
-67.224 -30.4176 0.999559 0
-27.768 -26.2064 0.861684 0
-20.808 -32.4816 0.940639 0
-21.128 -20.6672 0.552739 0
-1.504 -31.6496 0.972625 0
-14.4 -19.84 0.524065 0
-29.808 -21.8976 0.670218 0
-7.896 -18.3328 0.430015 0
-16.304 -26.3888 0.887253 0
7.976 -18.6272 0.37789 2
8.672 -27.2064 0.919762 0
-28.016 -28.3088 0.902911 0
37.232 -27.9408 0.946691 0
10.4 -30.4576 0.953948 0
6.79998 -39.6592 0.973745 0
-36.32 -29.0688 0.934986 0
-10.944 -32.744 0.964545 0
30.16 -32.4272 0.965306 0
-19.776 -29.6112 0.924938 0
16.32 -17.32 0.19314 2
-11.92 -26.904 0.916808 0
9.408 -29.0992 0.94394 0
0.824003 -28.1088 0.950307 0
-9.25601 -33.36 0.96922 0
-5.184 -37.0528 0.976699 0
20.328 -24.3888 0.795197 0
-13.496 -25.4672 0.878313 0
4.912 -26.888 0.92579 0
-18.384 -28.5808 0.91727 0
-13.656 -21.5456 0.683985 0
-18.888 -29.3152 0.924233 0
12.52 -32.5328 0.962717 0
-99 -23.9872 1 0
12.128 -22.9616 0.741406 0
-64.528 -32.5216 0.999204 0
8.008 -26.376 0.905374 0
-10.008 -37.8272 0.967508 0
-8.35201 -34.0864 0.97183 0
-31.408 -31.8832 0.9375 0
-21.344 -22.7408 0.714467 0
8.376 -39.272 0.973055 0
-2.824 -32.0224 0.973526 0
19.96 -32.8064 0.95967 0
49.248 -22.2864 0.898845 0
50.696 -30.8768 0.991739 0
-19.072 -34.976 0.948104 0
6.39199 -25.7728 0.897333 0
10.176 -36.1808 0.972741 0
26.248 -36.176 0.970667 0
-3.76 -37.1936 0.977937 0
-10.496 31.0032 1.14533e-24 3
23.432 24.0624 9.30258e-20 3
24.944 36.3968 2.17711e-29 3
48.056 34.8624 1.37645e-28 3
-12.848 33.7824 8.18093e-27 3
0.831986 26.0496 5.99639e-21 3
27.28 30.8384 5.20875e-25 3
-7.144 37.0096 2.0103e-29 3
-11.168 33.688 9.36877e-27 3
10.088 32.5168 4.68241e-26 3
-6.176 18.0912 2.21941e-15 1
-32.76 26.5552 5.25681e-21 3
23.832 21.4672 6.68969e-18 2
6.528 25.3568 1.7646e-20 3
-11.328 37.2 1.54469e-29 3
-0.176012 27.912 2.34495e-22 3
4.41599 21.3776 1.45913e-17 3
-68.232 33.4672 6.79154e-26 3
38.488 25.9872 2.17894e-21 3
20.84 27.8368 1.42515e-22 3
69.536 35.5712 1.23969e-29 3
-44.08 26.488 9.26292e-21 3
9.232 34.496 1.31516e-27 3
18.664 29.3728 9.97057e-24 3
-6.152 10.176 6.97587e-11 1
-32 37.9792 7.71034e-30 3
5.93599 29.1024 2.47611e-23 3
-0.743998 24.8944 4.47702e-20 3
-1.912 37.3968 8.82872e-30 3
7.528 31.7312 2.11043e-25 3
-6.112 36.6384 3.89867e-29 3
-30.752 20.2288 1.42698e-16 1
-42.168 28.2944 3.72812e-22 3
-27.184 22.3216 4.48514e-18 1
56.088 30.2864 4.51773e-25 3
-42.776 26.008 2.04117e-20 3
15.24 29.944 4.05212e-24 3
28.96 31.0448 3.36771e-25 3
-13.08 26.5232 3.00106e-21 3
-8.56 29.0176 3.74487e-23 3
68.4 25.904 8.01334e-22 3
-56.672 36.576 2.1682e-28 3
-47.816 20.9072 1.47848e-16 3
59.472 31.1344 8.06563e-26 3
31.464 46.3792 1.22324e-37 3
75.192 35.952 4.43776e-30 3
47.944 16.3232 2.15351e-14 2
-18.656 35.9616 1.81703e-28 3
6.632 29.8288 6.63367e-24 3
-22.296 33.8016 1.02675e-26 3
