1.5952 25.4112 1.95366e-20 3
-2.7952 13.6512 1.07863e-12 1
2.6768 6.0192 7.33482e-09 2
-1.0672 -30.768 0.968959 0
-6.8256 13.4736 1.24422e-12 1
7.064 33.1536 1.82578e-26 3
3.9104 -27.8208 0.940606 0
4.96 1.5744 5.61656e-07 2
7.6848 -19.5504 0.477113 2
-1.3344 -4.40641 0.00013153 2
6.0576 29.5008 1.34295e-23 3
3.5616 26.9232 1.36248e-21 3
7.2368 -7.7664 0.00113169 2
-6.6976 20.5392 5.93683e-17 1
1.8384 3.0624 1.54341e-07 2
-4.8288 41.472 5.38006e-33 3
-8.12 4.7136 2.95987e-08 1
-5.5664 7.5888 1.42835e-09 1
2.4144 22.4448 2.87719e-18 3
5.728 -3.696 5.50918e-05 2
-5.464 -2.04 1.88692e-05 1
-6.384 3.11999 1.55144e-07 1
0.294401 -1.3152 9.48782e-06 2
12.6752 -8.5488 0.00149718 2
-0.491203 3.984 6.5788e-08 2
4.8576 -7.4112 0.000998176 2
2.6512 21.6864 9.88738e-18 3
-0.595203 -3.1392 4.60605e-05 2
3.7792 1.5216 6.26204e-07 2
5.4608 4.5984 2.82185e-08 2
0.7216 18.96 7.07918e-16 1
-1.1152 -0.148802 3.48318e-06 2
4.7776 29.76 8.76089e-24 3
-3.5216 14.8992 2.09298e-13 1
1.4544 10.6512 4.28474e-11 2
-3.0672 -11.3136 0.0181793 2
-0.441601 20.9808 3.1301e-17 3
-4.0288 17.3568 7.07398e-15 1
6.2784 -9.0576 0.00292918 2
-5.376 -3.744 7.89496e-05 1
-1.7296 3.312 1.31377e-07 2
3.7584 24.2688 1.32874e-19 3
5.6672 -9.57599 0.00429062 2
16.568 20.6016 3.53443e-17 2
8.5872 14.208 4.1331e-13 2
1.9408 -24.9504 0.891487 0
-3.3936 4.9728 2.44016e-08 1
-1.0352 -14.5152 0.104112 2
-7.4432 1.9488 4.78469e-07 1
2.8 -2.44801 2.27628e-05 2
22.6096 24.0864 9.90745e-20 3
22.1888 35.0208 3.44182e-28 3
43.3552 -27.3168 0.962108 0
25.0128 -15.0672 0.0646853 2
21.2336 34.9872 3.80562e-28 3
17.704 22.3152 2.213e-18 3
23.144 -17.4336 0.188757 2
23.5168 -11.0928 0.00642397 2
13.3712 -0.792 3.13555e-06 2
31.4736 18.072 1.15236e-15 2
26.08 2.2992 1.33446e-07 2
30.1376 -1.68 5.4842e-06 2
29.824 4.6848 1.26923e-08 2
31.6512 0.475199 8.13378e-07 2
17.816 -22.752 0.693592 0
25.9456 -1.9104 6.3608e-06 2
30.8032 -26.1312 0.887004 0
14.704 -3.7104 3.55077e-05 2
19.5216 3.8208 3.23182e-08 2
34.4 4.17118 2.41145e-08 2
31.624 4.5312 1.5389e-08 2
25.216 -13.5168 0.0280141 2
31.7904 -10.9152 0.00660654 2
15.9488 -5.16 0.000107953 2
16.9088 7.1568 1.08752e-09 2
12.752 21.552 9.13973e-18 3
16.5776 30.8592 8.25283e-25 3
32.976 5.304 7.14722e-09 2
30.5472 8.54399 2.0081e-10 2
28.6592 14.2608 2.05785e-13 2
26.88 0.503998 7.33623e-07 2
24.6784 17.616 2.32128e-15 2
29.5856 25.3296 9.57244e-21 3
23.6672 6.984 1.10761e-09 2
22.8976 -29.8512 0.938685 0
19.5232 10.2624 3.05963e-11 2
27.0224 -6.8304 0.000340802 2
30.7328 4.2048 2.10851e-08 2
18.752 20.6448 3.05286e-17 2
24.728 -3.94561 3.51917e-05 2
26.0384 3.792 3.05626e-08 2
22.5504 -3.0096 1.6388e-05 2
35.3088 5.54879 5.96797e-09 2
39.2896 4.4448 2.27095e-08 2
20.8752 -20.0352 0.432732 2
24.464 -15.648 0.0860828 2
29.8304 -34.6608 0.971849 0
28.9312 -1.6128 5.05582e-06 2
19.3504 -8.5056 0.00117912 2
26.3136 -31.2528 0.953905 0
-24.1776 1.008 1.00775e-06 1
-14.9232 -10.1808 0.00697863 1
-32.664 -12.0672 0.0271182 1
-22.7248 2.9664 1.49893e-07 1
-38.4464 -17.544 0.404656 1
-22.2448 -11.0064 0.0105605 1
-29.648 -22.2864 0.701464 0
-23.5984 10.8144 3.11077e-11 1
-22.6016 -33.8496 0.943219 0
-22.5968 -2.6208 2.39868e-05 1
-23.5024 -18.1776 0.315609 1
-13.9808 -11.232 0.0138954 1
-27.6896 0.0911987 2.65267e-06 1
-16.1056 23.5056 5.27224e-19 1
-21.0384 -5.256 0.000196403 1
-21.2224 -26.9184 0.884927 0
-14.5152 -42.6432 0.923511 0
-16.1888 22.7184 1.87698e-18 1
-15.328 21.0816 2.43862e-17 1
-39.3824 9.3312 6.24509e-10 1
-27.2064 14.8272 2.50378e-13 1
-25.0944 -12.3504 0.0239429 1
-29.5936 -11.6304 0.0180457 1
-18.6896 6.8304 2.62331e-09 1
-29.9776 5.3856 1.79343e-08 1
-25.3232 5.4864 1.26323e-08 1
-28.5376 13.4112 1.67153e-12 1
-20.1536 -8.3376 0.0018622 1
-27.4016 17.8224 4.3336e-15 1
-19.88 11.0448 2.15525e-11 1
-17.1696 -18.4512 0.364719 1
-31.9344 -19.824 0.52208 0
-30.5824 10.5024 6.62155e-11 1
-29.0816 15.1344 1.88867e-13 1
-23.7472 -5.1696 0.000188823 1
-15.3872 43.5888 1.16994e-34 3
-27.6896 -37.8192 0.932369 0
-36.4128 11.9616 2.01141e-11 1
-23.8032 18.4176 1.55093e-15 1
-24.9984 9.768 1.12026e-10 1
-29.5696 18.8688 1.10477e-15 1
-26.68 5.0544 2.0959e-08 1
-28.728 5.3424 1.73394e-08 1
-26.744 5.45279 1.39116e-08 1
-17.0272 6.84 2.59708e-09 1
-22.4816 -14.064 0.0589969 1
-17.0208 -3.4704 4.86683e-05 1
-21.6112 -2.2032 1.66813e-05 1
-30.9456 -3.4992 6.73835e-05 1
-22.6288 6.5952 3.57773e-09 1
-67.224 -30.4176 0.999514 0
-27.768 -26.2064 0.865029 0
-20.808 -32.4816 0.942784 0
-21.128 -20.6672 0.559857 0
-1.504 -31.6496 0.972336 0
-14.4 -19.84 0.530113 0
-29.808 -21.8976 0.675746 0
-7.896 -18.3328 0.433062 0
-16.304 -26.3888 0.890263 0
7.976 -18.6272 0.375261 2
8.672 -27.2064 0.918072 0
-28.016 -28.3088 0.905458 0
37.232 -27.9408 0.947365 0
10.4 -30.4576 0.952834 0
6.79998 -39.6592 0.972943 0
-36.32 -29.0688 0.935995 0
-10.944 -32.744 0.965548 0
30.16 -32.4272 0.96539 0
-19.776 -29.6112 0.927361 0
16.32 -17.32 0.191742 2
-11.92 -26.904 0.91867 0
9.408 -29.0992 0.942636 0
0.824003 -28.1088 0.949504 0
-9.25601 -33.36 0.969969 0
-5.184 -37.0528 0.976983 0
20.328 -24.3888 0.793113 0
-13.496 -25.4672 0.88109 0
4.912 -26.888 0.924294 0
-18.384 -28.5808 0.919812 0
-13.656 -21.5456 0.689135 0
-18.888 -29.3152 0.926646 0
12.52 -32.5328 0.961815 0
-99 -23.9872 1 0
12.128 -22.9616 0.738149 0
-64.528 -32.5216 0.999133 0
8.008 -26.376 0.903486 0
-10.008 -37.8272 0.968642 0
-8.35201 -34.0864 0.972456 0
-31.408 -31.8832 0.939095 0
-21.344 -22.7408 0.720483 0
8.376 -39.272 0.972235 0
-2.824 -32.0224 0.973397 0
19.96 -32.8064 0.959064 0
49.248 -22.2864 0.901794 0
50.696 -30.8768 0.992155 0
-19.072 -34.976 0.950194 0
6.39199 -25.7728 0.895386 0
10.176 -36.1808 0.971969 0
26.248 -36.176 0.970575 0
-3.76 -37.1936 0.978036 0
-10.496 31.0032 1.28137e-24 3
23.432 24.0624 1.00603e-19 3
24.944 36.3968 2.44681e-29 3
48.056 34.8624 1.5143e-28 3
-12.848 33.7824 9.27375e-27 3
0.831986 26.0496 6.56352e-21 3
27.28 30.8384 5.73302e-25 3
-7.144 37.0096 2.2948e-29 3
-11.168 33.688 1.05973e-26 3
10.088 32.5168 5.23503e-26 3
-6.176 18.0912 2.35791e-15 1
-32.76 26.5552 5.90658e-21 3
23.832 21.4672 7.16972e-18 2
6.528 25.3568 1.93184e-20 3
-11.328 37.2 1.77211e-29 3
-0.176012 27.912 2.58241e-22 3
4.41599 21.3776 1.57901e-17 3
-68.232 33.4672 7.89148e-26 3
38.488 25.9872 2.34595e-21 3
20.84 27.8368 1.56194e-22 3
69.536 35.5712 1.34562e-29 3
-44.08 26.488 1.04063e-20 3
9.232 34.496 1.4807e-27 3
18.664 29.3728 1.09938e-23 3
-6.152 10.176 7.28205e-11 1
-32 37.9792 9.06696e-30 3
5.93599 29.1024 2.73963e-23 3
-0.743998 24.8944 4.87849e-20 3
-1.912 37.3968 1.00616e-29 3
7.528 31.7312 2.35446e-25 3
-6.112 36.6384 4.44067e-29 3
-30.752 20.2288 1.57579e-16 1
-42.168 28.2944 4.21395e-22 3
-27.184 22.3216 4.96686e-18 1
56.088 30.2864 4.87932e-25 3
-42.776 26.008 2.28975e-20 3
15.24 29.944 4.48492e-24 3
28.96 31.0448 3.70469e-25 3
-13.08 26.5232 3.31069e-21 3
-8.56 29.0176 4.15159e-23 3
68.4 25.904 8.50589e-22 3
-56.672 36.576 2.5473e-28 3
-47.816 20.9072 1.63339e-16 3
59.472 31.1344 8.71128e-26 3
31.464 46.3792 1.22781e-37 3
75.192 35.952 4.80044e-30 3
47.944 16.3232 2.22712e-14 2
-18.656 35.9616 2.09269e-28 3
6.632 29.8288 7.35632e-24 3
-22.296 33.8016 1.17639e-26 3
