1.5952 25.4112 1.83372e-20 3
-2.7952 13.6512 1.04041e-12 1
2.6768 6.0192 7.11431e-09 2
-1.0672 -30.768 0.969238 0
-6.8256 13.4736 1.20156e-12 1
7.064 33.1536 1.68233e-26 3
3.9104 -27.8208 0.941514 0
4.96 1.5744 5.48741e-07 2
7.6848 -19.5504 0.479563 2
-1.3344 -4.40641 0.000129653 2
6.0576 29.5008 1.24803e-23 3
3.5616 26.9232 1.27377e-21 3
7.2368 -7.7664 0.00112441 2
-6.6976 20.5392 5.65117e-17 1
1.8384 3.0624 1.50448e-07 2
-4.8288 41.472 4.84517e-33 3
-8.12 4.7136 2.88638e-08 1
-5.5664 7.5888 1.38915e-09 1
2.4144 22.4448 2.71724e-18 3
5.728 -3.696 5.43354e-05 2
-5.464 -2.04 1.8535e-05 1
-6.384 3.11999 1.51591e-07 1
0.294401 -1.3152 9.3129e-06 2
12.6752 -8.5488 0.00149243 2
-0.491203 3.984 6.41065e-08 2
4.8576 -7.4112 0.00099024 2
2.6512 21.6864 9.35073e-18 3
-0.595203 -3.1392 4.53293e-05 2
3.7792 1.5216 6.11793e-07 2
5.4608 4.5984 2.74227e-08 2
0.7216 18.96 6.74477e-16 1
-1.1152 -0.148802 3.41393e-06 2
4.7776 29.76 8.13743e-24 3
-3.5216 14.8992 2.01617e-13 1
1.4544 10.6512 4.13121e-11 2
-3.0672 -11.3136 0.0180544 2
-0.441601 20.9808 2.97218e-17 3
-4.0288 17.3568 6.78643e-15 1
6.2784 -9.0576 0.00291516 2
-5.376 -3.744 7.7685e-05 1
-1.7296 3.312 1.28209e-07 2
3.7584 24.2688 1.24912e-19 3
5.6672 -9.57599 0.00427249 2
16.568 20.6016 3.34679e-17 2
8.5872 14.208 3.94553e-13 2
1.9408 -24.9504 0.892665 0
-3.3936 4.9728 2.3784e-08 1
-1.0352 -14.5152 0.103966 2
-7.4432 1.9488 4.67954e-07 1
2.8 -2.44801 2.23853e-05 2
22.6096 24.0864 9.36139e-20 3
22.1888 35.0208 3.17284e-28 3
43.3552 -27.3168 0.961346 0
25.0128 -15.0672 0.0648675 2
21.2336 34.9872 3.50675e-28 3
17.704 22.3152 2.09048e-18 3
23.144 -17.4336 0.189512 2
23.5168 -11.0928 0.00643022 2
13.3712 -0.792 3.08954e-06 2
31.4736 18.072 1.11497e-15 2
26.08 2.2992 1.31949e-07 2
30.1376 -1.68 5.45151e-06 2
29.824 4.6848 1.25411e-08 2
31.6512 0.475199 8.07401e-07 2
17.816 -22.752 0.695773 0
25.9456 -1.9104 6.31798e-06 2
30.8032 -26.1312 0.886916 0
14.704 -3.7104 3.51772e-05 2
19.5216 3.8208 3.17473e-08 2
34.4 4.17118 2.38853e-08 2
31.624 4.5312 1.52214e-08 2
25.216 -13.5168 0.0280728 2
31.7904 -10.9152 0.00659798 2
15.9488 -5.16 0.000107237 2
16.9088 7.1568 1.05971e-09 2
12.752 21.552 8.6185e-18 3
16.5776 30.8592 7.66321e-25 3
32.976 5.304 7.06845e-09 2
30.5472 8.54399 1.97624e-10 2
28.6592 14.2608 2.00402e-13 2
26.88 0.503998 7.27119e-07 2
24.6784 17.616 2.23335e-15 2
29.5856 25.3296 9.06202e-21 3
23.6672 6.984 1.08646e-09 2
22.8976 -29.8512 0.939129 0
19.5232 10.2624 2.97223e-11 2
27.0224 -6.8304 0.000340003 2
30.7328 4.2048 2.08536e-08 2
18.752 20.6448 2.89637e-17 2
24.728 -3.94561 3.50137e-05 2
26.0384 3.792 3.01644e-08 2
22.5504 -3.0096 1.62784e-05 2
35.3088 5.54879 5.90652e-09 2
39.2896 4.4448 2.25158e-08 2
20.8752 -20.0352 0.434518 2
24.464 -15.648 0.0863589 2
29.8304 -34.6608 0.971749 0
28.9312 -1.6128 5.02426e-06 2
19.3504 -8.5056 0.00117737 2
26.3136 -31.2528 0.954049 0
-24.1776 1.008 9.75426e-07 1
-14.9232 -10.1808 0.00684837 1
-32.664 -12.0672 0.0266043 1
-22.7248 2.9664 1.44847e-07 1
-38.4464 -17.544 0.40205 1
-22.2448 -11.0064 0.0103305 1
-29.648 -22.2864 0.697572 0
-23.5984 10.8144 2.96794e-11 1
-22.6016 -33.8496 0.941599 0
-22.5968 -2.6208 2.33248e-05 1
-23.5024 -18.1776 0.311106 1
-13.9808 -11.232 0.0136521 1
-27.6896 0.0911987 2.56737e-06 1
-16.1056 23.5056 4.93805e-19 1
-21.0384 -5.256 0.000191536 1
-21.2224 -26.9184 0.882443 0
-14.5152 -42.6432 0.920362 0
-16.1888 22.7184 1.76127e-18 1
-15.328 21.0816 2.29985e-17 1
-39.3824 9.3312 5.94538e-10 1
-27.2064 14.8272 2.36259e-13 1
-25.0944 -12.3504 0.0234353 1
-29.5936 -11.6304 0.0176701 1
-18.6896 6.8304 2.53021e-09 1
-29.9776 5.3856 1.72113e-08 1
-25.3232 5.4864 1.21448e-08 1
-28.5376 13.4112 1.5805e-12 1
-20.1536 -8.3376 0.00182031 1
-27.4016 17.8224 4.06238e-15 1
-19.88 11.0448 2.06298e-11 1
-17.1696 -18.4512 0.36017 1
-31.9344 -19.824 0.517885 0
-30.5824 10.5024 6.29226e-11 1
-29.0816 15.1344 1.77853e-13 1
-23.7472 -5.1696 0.000183945 1
-15.3872 43.5888 1.03471e-34 3
-27.6896 -37.8192 0.930452 0
-36.4128 11.9616 1.90255e-11 1
-23.8032 18.4176 1.45686e-15 1
-24.9984 9.768 1.06961e-10 1
-29.5696 18.8688 1.03177e-15 1
-26.68 5.0544 2.01493e-08 1
-28.728 5.3424 1.66478e-08 1
-26.744 5.45279 1.33654e-08 1
-17.0272 6.84 2.50892e-09 1
-22.4816 -14.064 0.0578236 1
-17.0208 -3.4704 4.75127e-05 1
-21.6112 -2.2032 1.62223e-05 1
-30.9456 -3.4992 6.54991e-05 1
-22.6288 6.5952 3.44015e-09 1
-67.224 -30.4176 0.999548 0
-27.768 -26.2064 0.862576 0
-20.808 -32.4816 0.941197 0
-21.128 -20.6672 0.554597 0
-1.504 -31.6496 0.972552 0
-14.4 -19.84 0.525617 0
-29.808 -21.8976 0.671708 0
-7.896 -18.3328 0.430815 0
-16.304 -26.3888 0.888023 0
7.976 -18.6272 0.377328 2
8.672 -27.2064 0.919344 0
-28.016 -28.3088 0.903591 0
37.232 -27.9408 0.946817 0
10.4 -30.4576 0.953664 0
6.79998 -39.6592 0.973535 0
-36.32 -29.0688 0.935273 0
-10.944 -32.744 0.964797 0
30.16 -32.4272 0.965295 0
-19.776 -29.6112 0.925565 0
16.32 -17.32 0.192837 2
-11.92 -26.904 0.917277 0
9.408 -29.0992 0.943612 0
0.824003 -28.1088 0.950111 0
-9.25601 -33.36 0.969407 0
-5.184 -37.0528 0.976768 0
20.328 -24.3888 0.79465 0
-13.496 -25.4672 0.879018 0
4.912 -26.888 0.925426 0
-18.384 -28.5808 0.917924 0
-13.656 -21.5456 0.685301 0
-18.888 -29.3152 0.924855 0
12.52 -32.5328 0.962481 0
-99 -23.9872 1 0
12.128 -22.9616 0.74062 0
-64.528 -32.5216 0.999187 0
8.008 -26.376 0.904911 0
-10.008 -37.8272 0.967794 0
-8.35201 -34.0864 0.971986 0
-31.408 -31.8832 0.937933 0
-21.344 -22.7408 0.716037 0
8.376 -39.272 0.972839 0
-2.824 -32.0224 0.973493 0
19.96 -32.8064 0.959495 0
49.248 -22.2864 0.899527 0
50.696 -30.8768 0.991834 0
-19.072 -34.976 0.948645 0
6.39199 -25.7728 0.896861 0
10.176 -36.1808 0.972538 0
26.248 -36.176 0.970613 0
-3.76 -37.1936 0.97796 0
-10.496 31.0032 1.18238e-24 3
23.432 24.0624 9.51223e-20 3
24.944 36.3968 2.25084e-29 3
48.056 34.8624 1.41509e-28 3
-12.848 33.7824 8.47625e-27 3
0.831986 26.0496 6.15289e-21 3
27.28 30.8384 5.35365e-25 3
-7.144 37.0096 2.08723e-29 3
-11.168 33.688 9.70143e-27 3
10.088 32.5168 4.83298e-26 3
-6.176 18.0912 2.25859e-15 1
-32.76 26.5552 5.43038e-21 3
23.832 21.4672 6.82301e-18 2
6.528 25.3568 1.81045e-20 3
-11.328 37.2 1.60588e-29 3
-0.176012 27.912 2.41033e-22 3
4.41599 21.3776 1.49207e-17 3
-68.232 33.4672 7.07984e-26 3
38.488 25.9872 2.22615e-21 3
20.84 27.8368 1.46279e-22 3
69.536 35.5712 1.27008e-29 3
-44.08 26.488 9.56831e-21 3
9.232 34.496 1.36014e-27 3
18.664 29.3728 1.02511e-23 3
-6.152 10.176 7.06235e-11 1
-32 37.9792 8.06616e-30 3
5.93599 29.1024 2.54823e-23 3
-0.743998 24.8944 4.58821e-20 3
-1.912 37.3968 9.16288e-30 3
7.528 31.7312 2.177e-25 3
-6.112 36.6384 4.04548e-29 3
-30.752 20.2288 1.4668e-16 1
-42.168 28.2944 3.85756e-22 3
-27.184 22.3216 4.61462e-18 1
56.088 30.2864 4.62071e-25 3
-42.776 26.008 2.10757e-20 3
15.24 29.944 4.17046e-24 3
28.96 31.0448 3.46104e-25 3
-13.08 26.5232 3.08594e-21 3
-8.56 29.0176 3.85636e-23 3
68.4 25.904 8.15622e-22 3
-56.672 36.576 2.26728e-28 3
-47.816 20.9072 1.52006e-16 3
59.472 31.1344 8.24999e-26 3
31.464 46.3792 1.22427e-37 3
75.192 35.952 4.54267e-30 3
47.944 16.3232 2.17649e-14 2
-18.656 35.9616 1.89061e-28 3
6.632 29.8288 6.83128e-24 3
-22.296 33.8016 1.06667e-26 3
