1.5952 25.4112 1.10989e-20 3
-2.7952 13.6512 8.10605e-13 1
2.6768 6.0192 5.57945e-09 2
-1.0672 -30.768 0.973715 0
-6.8256 13.4736 9.17433e-13 1
7.064 33.1536 9.08381e-27 3
3.9104 -27.8208 0.948631 0
4.96 1.5744 4.29632e-07 2
7.6848 -19.5504 0.476484 2
-1.3344 -4.40641 0.000107679 2
6.0576 29.5008 7.13337e-24 3
3.5616 26.9232 7.54173e-22 3
7.2368 -7.7664 0.000937434 2
-6.6976 20.5392 3.69705e-17 1
1.8384 3.0624 1.18789e-07 2
-4.8288 41.472 2.10795e-33 3
-8.12 4.7136 2.37178e-08 1
-5.5664 7.5888 1.1255e-09 1
2.4144 22.4448 1.76061e-18 3
5.728 -3.696 4.36312e-05 2
-5.464 -2.04 1.57233e-05 1
-6.384 3.11999 1.25795e-07 1
0.294401 -1.3152 7.51993e-06 2
12.6752 -8.5488 0.00128742 2
-0.491203 3.984 5.13488e-08 2
4.8576 -7.4112 0.000819069 2
2.6512 21.6864 6.1843e-18 3
-0.595203 -3.1392 3.71618e-05 2
3.7792 1.5216 4.80374e-07 2
5.4608 4.5984 2.1329e-08 2
0.7216 18.96 4.78805e-16 3
-1.1152 -0.148802 2.77543e-06 2
4.7776 29.76 4.61457e-24 3
-3.5216 14.8992 1.53967e-13 1
1.4544 10.6512 3.25899e-11 2
-3.0672 -11.3136 0.0160618 2
-0.441601 20.9808 1.98564e-17 3
-4.0288 17.3568 4.91599e-15 1
6.2784 -9.0576 0.00245743 2
-5.376 -3.744 6.64756e-05 2
-1.7296 3.312 1.03764e-07 2
3.7584 24.2688 7.78407e-20 3
5.6672 -9.57599 0.00361791 2
16.568 20.6016 2.39935e-17 2
8.5872 14.208 3.05836e-13 2
1.9408 -24.9504 0.898914 0
-3.3936 4.9728 1.93771e-08 2
-1.0352 -14.5152 0.0952136 2
-7.4432 1.9488 3.91419e-07 1
2.8 -2.44801 1.79166e-05 2
22.6096 24.0864 6.24761e-20 3
22.1888 35.0208 1.74548e-28 3
43.3552 -27.3168 0.970306 0
25.0128 -15.0672 0.0651541 2
21.2336 34.9872 1.92396e-28 3
17.704 22.3152 1.43703e-18 3
23.144 -17.4336 0.195419 2
23.5168 -11.0928 0.00605474 2
13.3712 -0.792 2.50049e-06 2
31.4736 18.072 8.69072e-16 2
26.08 2.2992 1.10824e-07 2
30.1376 -1.68 4.72986e-06 2
29.824 4.6848 1.05136e-08 2
31.6512 0.475199 6.9162e-07 2
17.816 -22.752 0.719606 0
25.9456 -1.9104 5.44164e-06 2
30.8032 -26.1312 0.909242 0
14.704 -3.7104 2.92663e-05 2
19.5216 3.8208 2.58957e-08 2
34.4 4.17118 2.01158e-08 2
31.624 4.5312 1.27916e-08 2
25.216 -13.5168 0.0275546 2
31.7904 -10.9152 0.00633064 2
15.9488 -5.16 9.0955e-05 2
16.9088 7.1568 8.48357e-10 2
12.752 21.552 5.92395e-18 3
16.5776 30.8592 4.4373e-25 3
32.976 5.304 5.9299e-09 2
30.5472 8.54399 1.64451e-10 2
28.6592 14.2608 1.64526e-13 2
26.88 0.503998 6.17763e-07 2
24.6784 17.616 1.75753e-15 2
29.5856 25.3296 5.95058e-21 3
23.6672 6.984 8.93153e-10 2
22.8976 -29.8512 0.954696 0
19.5232 10.2624 2.4013e-11 2
27.0224 -6.8304 0.00030728 2
30.7328 4.2048 1.75303e-08 2
18.752 20.6448 2.09148e-17 2
24.728 -3.94561 3.05479e-05 2
26.0384 3.792 2.51759e-08 2
22.5504 -3.0096 1.39803e-05 2
35.3088 5.54879 4.95037e-09 2
39.2896 4.4448 1.88529e-08 2
20.8752 -20.0352 0.453364 2
24.464 -15.648 0.0873362 2
29.8304 -34.6608 0.982196 0
28.9312 -1.6128 4.34823e-06 2
19.3504 -8.5056 0.00105285 2
26.3136 -31.2528 0.96761 0
-24.1776 1.008 7.53945e-07 1
-14.9232 -10.1808 0.00610609 1
-32.664 -12.0672 0.0224146 1
-22.7248 2.9664 1.10488e-07 1
-38.4464 -17.544 0.369407 1
-22.2448 -11.0064 0.00884263 1
-29.648 -22.2864 0.665263 0
-23.5984 10.8144 2.04761e-11 1
-22.6016 -33.8496 0.934096 0
-22.5968 -2.6208 1.87672e-05 1
-23.5024 -18.1776 0.283238 1
-13.9808 -11.232 0.0123289 1
-27.6896 0.0911987 1.98143e-06 1
-16.1056 23.5056 2.83332e-19 1
-21.0384 -5.256 0.000158717 1
-21.2224 -26.9184 0.871052 0
-14.5152 -42.6432 0.915631 0
-16.1888 22.7184 1.02429e-18 1
-15.328 21.0816 1.38887e-17 1
-39.3824 9.3312 4.27449e-10 1
-27.2064 14.8272 1.50965e-13 1
-25.0944 -12.3504 0.0199671 1
-29.5936 -11.6304 0.0148254 1
-18.6896 6.8304 1.89521e-09 1
-29.9776 5.3856 1.25507e-08 1
-25.3232 5.4864 8.91316e-09 1
-28.5376 13.4112 1.03269e-12 1
-20.1536 -8.3376 0.00155005 1
-27.4016 17.8224 2.4533e-15 1
-19.88 11.0448 1.44973e-11 1
-17.1696 -18.4512 0.340293 1
-31.9344 -19.824 0.479619 1
-30.5824 10.5024 4.29904e-11 1
-29.0816 15.1344 1.12691e-13 1
-23.7472 -5.1696 0.000150227 1
-15.3872 43.5888 3.94592e-35 3
-27.6896 -37.8192 0.917918 0
-36.4128 11.9616 1.29059e-11 1
-23.8032 18.4176 8.80048e-16 1
-24.9984 9.768 7.44639e-11 1
-29.5696 18.8688 6.08644e-16 1
-26.68 5.0544 1.4804e-08 1
-28.728 5.3424 1.21513e-08 1
-26.744 5.45279 9.77365e-09 1
-17.0272 6.84 1.90317e-09 1
-22.4816 -14.064 0.0505094 1
-17.0208 -3.4704 3.98195e-05 1
-21.6112 -2.2032 1.30738e-05 1
-30.9456 -3.4992 5.20352e-05 1
-22.6288 6.5952 2.52065e-09 1
-67.224 -30.4176 0.999676 0
-27.768 -26.2064 0.844579 0
-20.808 -32.4816 0.934887 0
-21.128 -20.6672 0.526856 0
-1.504 -31.6496 0.976808 0
-14.4 -19.84 0.511054 0
-29.808 -21.8976 0.637942 0
-7.896 -18.3328 0.422848 0
-16.304 -26.3888 0.882214 0
7.976 -18.6272 0.370904 2
8.672 -27.2064 0.930085 0
-28.016 -28.3088 0.889966 0
37.232 -27.9408 0.95989 0
10.4 -30.4576 0.963463 0
6.79998 -39.6592 0.983357 0
-36.32 -29.0688 0.925576 0
-10.944 -32.744 0.965735 0
30.16 -32.4272 0.976657 0
-19.776 -29.6112 0.918852 0
16.32 -17.32 0.192931 2
-11.92 -26.904 0.916986 0
9.408 -29.0992 0.953614 0
0.824003 -28.1088 0.955716 0
-9.25601 -33.36 0.971157 0
-5.184 -37.0528 0.980364 0
20.328 -24.3888 0.820318 0
-13.496 -25.4672 0.876069 0
4.912 -26.888 0.933448 0
-18.384 -28.5808 0.911804 0
-13.656 -21.5456 0.675686 0
-18.888 -29.3152 0.918786 0
12.52 -32.5328 0.97246 0
-99 -23.9872 1 0
12.128 -22.9616 0.756265 0
-64.528 -32.5216 0.999366 0
8.008 -26.376 0.915573 0
-10.008 -37.8272 0.969354 0
-8.35201 -34.0864 0.974118 0
-31.408 -31.8832 0.9277 0
-21.344 -22.7408 0.693285 0
8.376 -39.272 0.98303 0
-2.824 -32.0224 0.977363 0
19.96 -32.8064 0.971862 0
49.248 -22.2864 0.911063 0
50.696 -30.8768 0.994189 0
-19.072 -34.976 0.943712 0
6.39199 -25.7728 0.90631 0
10.176 -36.1808 0.981516 0
26.248 -36.176 0.982086 0
-3.76 -37.1936 0.982065 0
-10.496 31.0032 6.19808e-25 3
23.432 24.0624 6.3632e-20 3
24.944 36.3968 1.21853e-29 3
48.056 34.8624 8.52705e-29 3
-12.848 33.7824 4.17899e-27 3
0.831986 26.0496 3.67177e-21 3
27.28 30.8384 3.20657e-25 3
-7.144 37.0096 9.92602e-30 3
-11.168 33.688 4.83231e-27 3
10.088 32.5168 2.66331e-26 3
-6.176 18.0912 1.58123e-15 1
-32.76 26.5552 2.85529e-21 3
23.832 21.4672 4.88132e-18 3
6.528 25.3568 1.11237e-20 3
-11.328 37.2 7.43335e-30 3
-0.176012 27.912 1.38835e-22 3
4.41599 21.3776 9.99875e-18 3
-68.232 33.4672 3.32439e-26 3
38.488 25.9872 1.45317e-21 3
20.84 27.8368 9.02683e-23 3
69.536 35.5712 8.47547e-30 3
-44.08 26.488 5.03612e-21 3
9.232 34.496 7.22217e-28 3
18.664 29.3728 6.12401e-24 3
-6.152 10.176 5.61492e-11 1
-32 37.9792 3.4636e-30 3
5.93599 29.1024 1.4653e-23 3
-0.743998 24.8944 2.78609e-20 3
-1.912 37.3968 4.43162e-30 3
7.528 31.7312 1.20562e-25 3
-6.112 36.6384 1.94933e-29 3
-30.752 20.2288 8.4318e-17 1
-42.168 28.2944 1.9856e-22 3
-27.184 22.3216 2.57556e-18 1
56.088 30.2864 3.05466e-25 3
-42.776 26.008 1.11648e-20 3
15.24 29.944 2.43941e-24 3
28.96 31.0448 2.0756e-25 3
-13.08 26.5232 1.71483e-21 3
-8.56 29.0176 2.10877e-23 3
68.4 25.904 5.88614e-22 3
-56.672 36.576 9.95126e-29 3
-47.816 20.9072 8.49615e-17 3
59.472 31.1344 5.50066e-26 3
31.464 46.3792 4.85699e-38 3
75.192 35.952 3.12006e-30 3
47.944 16.3232 1.61095e-14 2
-18.656 35.9616 8.68479e-29 3
6.632 29.8288 3.89072e-24 3
-22.296 33.8016 5.066e-27 3
