1.5952 25.4112 1.61089e-20 3
-2.7952 13.6512 9.65531e-13 1
2.6768 6.0192 6.69406e-09 2
-1.0672 -30.768 0.969661 0
-6.8256 13.4736 1.11652e-12 1
7.064 33.1536 1.42534e-26 3
3.9104 -27.8208 0.942791 0
4.96 1.5744 5.22847e-07 2
7.6848 -19.5504 0.482078 2
-1.3344 -4.40641 0.000125713 2
6.0576 29.5008 1.07563e-23 3
3.5616 26.9232 1.1107e-21 3
7.2368 -7.7664 0.00110263 2
-6.6976 20.5392 5.09409e-17 1
1.8384 3.0624 1.4284e-07 2
-4.8288 41.472 3.91278e-33 3
-8.12 4.7136 2.74244e-08 1
-5.5664 7.5888 1.31184e-09 1
2.4144 22.4448 2.41865e-18 3
5.728 -3.696 5.26152e-05 2
-5.464 -2.04 1.78799e-05 1
-6.384 3.11999 1.4463e-07 1
0.294401 -1.3152 8.9555e-06 2
12.6752 -8.5488 0.00147187 2
-0.491203 3.984 6.08331e-08 2
4.8576 -7.4112 0.000968862 2
2.6512 21.6864 8.34971e-18 3
-0.595203 -3.1392 4.38082e-05 2
3.7792 1.5216 5.83018e-07 2
5.4608 4.5984 2.58863e-08 2
0.7216 18.96 6.11032e-16 1
-1.1152 -0.148802 3.27529e-06 2
4.7776 29.76 7.00442e-24 3
-3.5216 14.8992 1.86468e-13 1
1.4544 10.6512 3.84267e-11 2
-3.0672 -11.3136 0.0177689 2
-0.441601 20.9808 2.67078e-17 3
-4.0288 17.3568 6.21868e-15 1
6.2784 -9.0576 0.00286748 2
-5.376 -3.744 7.51999e-05 1
-1.7296 3.312 1.22008e-07 2
3.7584 24.2688 1.10195e-19 3
5.6672 -9.57599 0.00420727 2
16.568 20.6016 3.00637e-17 2
8.5872 14.208 3.60896e-13 2
1.9408 -24.9504 0.894197 0
-3.3936 4.9728 2.25752e-08 1
-1.0352 -14.5152 0.103249 2
-7.4432 1.9488 4.47469e-07 1
2.8 -2.44801 2.15825e-05 2
22.6096 24.0864 8.34139e-20 3
22.1888 35.0208 2.68713e-28 3
43.3552 -27.3168 0.960637 0
25.0128 -15.0672 0.0649683 2
21.2336 34.9872 2.96806e-28 3
17.704 22.3152 1.86664e-18 3
23.144 -17.4336 0.190371 2
23.5168 -11.0928 0.00640321 2
13.3712 -0.792 2.98399e-06 2
31.4736 18.072 1.03598e-15 2
26.08 2.2992 1.28018e-07 2
30.1376 -1.68 5.34533e-06 2
29.824 4.6848 1.21384e-08 2
31.6512 0.475199 7.8899e-07 2
17.816 -22.752 0.698995 0
25.9456 -1.9104 6.1866e-06 2
30.8032 -26.1312 0.887468 0
14.704 -3.7104 3.43033e-05 2
19.5216 3.8208 3.0469e-08 2
34.4 4.17118 2.32093e-08 2
31.624 4.5312 1.47568e-08 2
25.216 -13.5168 0.0280569 2
31.7904 -10.9152 0.00655732 2
15.9488 -5.16 0.000105086 2
16.9088 7.1568 1.00318e-09 2
12.752 21.552 7.68098e-18 3
16.5776 30.8592 6.59363e-25 3
32.976 5.304 6.84787e-09 2
30.5472 8.54399 1.89691e-10 2
28.6592 14.2608 1.88711e-13 2
26.88 0.503998 7.08743e-07 2
24.6784 17.616 2.06071e-15 2
29.5856 25.3296 8.08172e-21 3
23.6672 6.984 1.03884e-09 2
22.8976 -29.8512 0.940159 0
19.5232 10.2624 2.79663e-11 2
27.0224 -6.8304 0.000336193 2
30.7328 4.2048 2.02187e-08 2
18.752 20.6448 2.60917e-17 2
24.728 -3.94561 3.44095e-05 2
26.0384 3.792 2.91609e-08 2
22.5504 -3.0096 1.59456e-05 2
35.3088 5.54879 5.72714e-09 2
39.2896 4.4448 2.19034e-08 2
20.8752 -20.0352 0.436999 2
24.464 -15.648 0.0865678 2
29.8304 -34.6608 0.971962 0
28.9312 -1.6128 4.92372e-06 2
19.3504 -8.5056 0.0011654 2
26.3136 -31.2528 0.954655 0
-24.1776 1.008 9.16889e-07 1
-14.9232 -10.1808 0.00662474 1
-32.664 -12.0672 0.0256707 1
-22.7248 2.9664 1.35653e-07 1
-38.4464 -17.544 0.3967 1
-22.2448 -11.0064 0.00993307 1
-29.648 -22.2864 0.690609 0
-23.5984 10.8144 2.70933e-11 1
-22.6016 -33.8496 0.938911 0
-22.5968 -2.6208 2.21319e-05 1
-23.5024 -18.1776 0.303515 1
-13.9808 -11.232 0.0132388 1
-27.6896 0.0911987 2.41403e-06 1
-16.1056 23.5056 4.32502e-19 1
-21.0384 -5.256 0.00018285 1
-21.2224 -26.9184 0.878383 0
-14.5152 -42.6432 0.915357 0
-16.1888 22.7184 1.54828e-18 1
-15.328 21.0816 2.04104e-17 1
-39.3824 9.3312 5.42968e-10 1
-27.2064 14.8272 2.11335e-13 1
-25.0944 -12.3504 0.0225539 1
-29.5936 -11.6304 0.017001 1
-18.6896 6.8304 2.3568e-09 1
-29.9776 5.3856 1.5924e-08 1
-25.3232 5.4864 1.12643e-08 1
-28.5376 13.4112 1.42034e-12 1
-20.1536 -8.3376 0.00174697 1
-27.4016 17.8224 3.58643e-15 1
-19.88 11.0448 1.89234e-11 1
-17.1696 -18.4512 0.352846 1
-31.9344 -19.824 0.510186 0
-30.5824 10.5024 5.71374e-11 1
-29.0816 15.1344 1.58586e-13 1
-23.7472 -5.1696 0.000175235 1
-15.3872 43.5888 8.09376e-35 3
-27.6896 -37.8192 0.927082 0
-36.4128 11.9616 1.71552e-11 1
-23.8032 18.4176 1.28898e-15 1
-24.9984 9.768 9.78403e-11 1
-29.5696 18.8688 9.04912e-16 1
-26.68 5.0544 1.86933e-08 1
-28.728 5.3424 1.54123e-08 1
-26.744 5.45279 1.23837e-08 1
-17.0272 6.84 2.3431e-09 1
-22.4816 -14.064 0.0558311 1
-17.0208 -3.4704 4.54185e-05 1
-21.6112 -2.2032 1.5393e-05 1
-30.9456 -3.4992 6.21122e-05 1
-22.6288 6.5952 3.18896e-09 1
-67.224 -30.4176 0.999595 0
-27.768 -26.2064 0.858288 0
-20.808 -32.4816 0.938612 0
-21.128 -20.6672 0.545926 0
-1.504 -31.6496 0.97289 0
-14.4 -19.84 0.51855 0
-29.808 -21.8976 0.664469 0
-7.896 -18.3328 0.427108 0
-16.304 -26.3888 0.884531 0
7.976 -18.6272 0.379246 2
8.672 -27.2064 0.921172 0
-28.016 -28.3088 0.90032 0
37.232 -27.9408 0.946524 0
10.4 -30.4576 0.954955 0
6.79998 -39.6592 0.97453 0
-36.32 -29.0688 0.933789 0
-10.944 -32.744 0.963691 0
30.16 -32.4272 0.965541 0
-19.776 -29.6112 0.922674 0
16.32 -17.32 0.193894 2
-11.92 -26.904 0.915204 0
9.408 -29.0992 0.945077 0
0.824003 -28.1088 0.950968 0
-9.25601 -33.36 0.968597 0
-5.184 -37.0528 0.976487 0
20.328 -24.3888 0.797228 0
-13.496 -25.4672 0.875867 0
4.912 -26.888 0.926992 0
-18.384 -28.5808 0.914927 0
-13.656 -21.5456 0.679356 0
-18.888 -29.3152 0.921999 0
12.52 -32.5328 0.96359 0
-99 -23.9872 1 0
12.128 -22.9616 0.743934 0
-64.528 -32.5216 0.99926 0
8.008 -26.376 0.906909 0
-10.008 -37.8272 0.966531 0
-8.35201 -34.0864 0.971315 0
-31.408 -31.8832 0.935802 0
-21.344 -22.7408 0.708716 0
8.376 -39.272 0.973868 0
-2.824 -32.0224 0.973661 0
19.96 -32.8064 0.960411 0
49.248 -22.2864 0.896867 0
50.696 -30.8768 0.99148 0
-19.072 -34.976 0.946152 0
6.39199 -25.7728 0.89887 0
10.176 -36.1808 0.973497 0
26.248 -36.176 0.971033 0
-3.76 -37.1936 0.977888 0
-10.496 31.0032 1.00465e-24 3
23.432 24.0624 8.48439e-20 3
24.944 36.3968 1.89698e-29 3
48.056 34.8624 1.22446e-28 3
-12.848 33.7824 7.07488e-27 3
0.831986 26.0496 5.39016e-21 3
27.28 30.8384 4.64729e-25 3
-7.144 37.0096 1.72254e-29 3
-11.168 33.688 8.11863e-27 3
10.088 32.5168 4.11133e-26 3
-6.176 18.0912 2.06202e-15 1
-32.76 26.5552 4.61273e-21 3
23.832 21.4672 6.16608e-18 2
6.528 25.3568 1.58834e-20 3
-11.328 37.2 1.31722e-29 3
-0.176012 27.912 2.09296e-22 3
4.41599 21.3776 1.33186e-17 3
-68.232 33.4672 5.75437e-26 3
38.488 25.9872 1.99011e-21 3
20.84 27.8368 1.27992e-22 3
69.536 35.5712 1.11669e-29 3
-44.08 26.488 8.12971e-21 3
9.232 34.496 1.14538e-27 3
18.664 29.3728 8.89332e-24 3
-6.152 10.176 6.62656e-11 1
-32 37.9792 6.4335e-30 3
5.93599 29.1024 2.20016e-23 3
-0.743998 24.8944 4.04374e-20 3
-1.912 37.3968 7.57602e-30 3
7.528 31.7312 1.85743e-25 3
-6.112 36.6384 3.34877e-29 3
-30.752 20.2288 1.2782e-16 1
-42.168 28.2944 3.24992e-22 3
-27.184 22.3216 3.9991e-18 1
56.088 30.2864 4.10368e-25 3
-42.776 26.008 1.79452e-20 3
15.24 29.944 3.59982e-24 3
28.96 31.0448 3.00561e-25 3
-13.08 26.5232 2.675e-21 3
-8.56 29.0176 3.31741e-23 3
68.4 25.904 7.42335e-22 3
-56.672 36.576 1.81384e-28 3
-47.816 20.9072 1.32261e-16 3
59.472 31.1344 7.3227e-26 3
31.464 46.3792 9.76315e-38 3
75.192 35.952 4.00977e-30 3
47.944 16.3232 2.05013e-14 2
-18.656 35.9616 1.54614e-28 3
6.632 29.8288 5.87928e-24 3
-22.296 33.8016 8.79682e-27 3
