1.5952 25.4112 2.02344e-20 3
-2.7952 13.6512 1.10004e-12 1
2.6768 6.0192 7.46367e-09 2
-1.0672 -30.768 0.968752 0
-6.8256 13.4736 1.26769e-12 1
7.064 33.1536 1.91135e-26 3
3.9104 -27.8208 0.939919 0
4.96 1.5744 5.68843e-07 2
7.6848 -19.5504 0.475001 2
-1.3344 -4.40641 0.000132528 2
6.0576 29.5008 1.39919e-23 3
3.5616 26.9232 1.41459e-21 3
7.2368 -7.7664 0.00113362 2
-6.6976 20.5392 6.09603e-17 1
1.8384 3.0624 1.56566e-07 2
-4.8288 41.472 5.70233e-33 3
-8.12 4.7136 3.00168e-08 1
-5.5664 7.5888 1.45039e-09 1
2.4144 22.4448 2.97027e-18 3
5.728 -3.696 5.54529e-05 2
-5.464 -2.04 1.90607e-05 1
-6.384 3.11999 1.5717e-07 1
0.294401 -1.3152 9.58355e-06 2
12.6752 -8.5488 0.00149654 2
-0.491203 3.984 6.67522e-08 2
4.8576 -7.4112 0.00100098 2
2.6512 21.6864 1.02003e-17 3
-0.595203 -3.1392 4.64531e-05 2
3.7792 1.5216 6.34263e-07 2
5.4608 4.5984 2.8678e-08 2
0.7216 18.96 7.27139e-16 1
-1.1152 -0.148802 3.52193e-06 2
4.7776 29.76 9.12987e-24 3
-3.5216 14.8992 2.13561e-13 1
1.4544 10.6512 4.37513e-11 2
-3.0672 -11.3136 0.0182384 2
-0.441601 20.9808 3.22009e-17 3
-4.0288 17.3568 7.23278e-15 1
6.2784 -9.0576 0.00293116 2
-5.376 -3.744 7.96735e-05 1
-1.7296 3.312 1.33185e-07 2
3.7584 24.2688 1.37539e-19 3
5.6672 -9.57599 0.00429211 2
16.568 20.6016 3.64768e-17 2
8.5872 14.208 4.24827e-13 2
1.9408 -24.9504 0.890554 0
-3.3936 4.9728 2.47532e-08 1
-1.0352 -14.5152 0.104061 2
-7.4432 1.9488 4.84506e-07 1
2.8 -2.44801 2.29599e-05 2
22.6096 24.0864 1.02261e-19 3
22.1888 35.0208 3.6009e-28 3
43.3552 -27.3168 0.962779 0
25.0128 -15.0672 0.064504 2
21.2336 34.9872 3.98271e-28 3
17.704 22.3152 2.2863e-18 3
23.144 -17.4336 0.188135 2
23.5168 -11.0928 0.00640866 2
13.3712 -0.792 3.15715e-06 2
31.4736 18.072 1.17151e-15 2
26.08 2.2992 1.33995e-07 2
30.1376 -1.68 5.49019e-06 2
29.824 4.6848 1.27458e-08 2
31.6512 0.475199 8.14758e-07 2
17.816 -22.752 0.692012 0
25.9456 -1.9104 6.37095e-06 2
30.8032 -26.1312 0.887276 0
14.704 -3.7104 3.56283e-05 2
19.5216 3.8208 3.25939e-08 2
34.4 4.17118 2.41757e-08 2
31.624 4.5312 1.54426e-08 2
25.216 -13.5168 0.0279414 2
31.7904 -10.9152 0.0066044 2
15.9488 -5.16 0.000108137 2
16.9088 7.1568 1.10265e-09 2
12.752 21.552 9.45614e-18 3
16.5776 30.8592 8.6024e-25 3
32.976 5.304 7.17168e-09 2
30.5472 8.54399 2.02093e-10 2
28.6592 14.2608 2.08459e-13 2
26.88 0.503998 7.35627e-07 2
24.6784 17.616 2.37047e-15 2
29.5856 25.3296 9.86077e-21 3
23.6672 6.984 1.1177e-09 2
22.8976 -29.8512 0.938477 0
19.5232 10.2624 3.10767e-11 2
27.0224 -6.8304 0.000340588 2
30.7328 4.2048 2.11613e-08 2
18.752 20.6448 3.14636e-17 2
24.728 -3.94561 3.52166e-05 2
26.0384 3.792 3.0721e-08 2
22.5504 -3.0096 1.64152e-05 2
35.3088 5.54879 5.98482e-09 2
39.2896 4.4448 2.27486e-08 2
20.8752 -20.0352 0.431391 2
24.464 -15.648 0.0858248 2
29.8304 -34.6608 0.972031 0
28.9312 -1.6128 5.06215e-06 2
19.3504 -8.5056 0.00117756 2
26.3136 -31.2528 0.953922 0
-24.1776 1.008 1.02767e-06 1
-14.9232 -10.1808 0.00706334 1
-32.664 -12.0672 0.0274372 1
-22.7248 2.9664 1.52977e-07 1
-38.4464 -17.544 0.406107 1
-22.2448 -11.0064 0.0107094 1
-29.648 -22.2864 0.703948 0
-23.5984 10.8144 3.19784e-11 1
-22.6016 -33.8496 0.944314 0
-22.5968 -2.6208 2.43978e-05 1
-23.5024 -18.1776 0.318603 1
-13.9808 -11.232 0.014055 1
-27.6896 0.0911987 2.70559e-06 1
-16.1056 23.5056 5.47e-19 1
-21.0384 -5.256 0.000199458 1
-21.2224 -26.9184 0.886621 0
-14.5152 -42.6432 0.925688 0
-16.1888 22.7184 1.94526e-18 1
-15.328 21.0816 2.51965e-17 1
-39.3824 9.3312 6.43668e-10 1
-27.2064 14.8272 2.59148e-13 1
-25.0944 -12.3504 0.0242708 1
-29.5936 -11.6304 0.0182829 1
-18.6896 6.8304 2.67883e-09 1
-29.9776 5.3856 1.83845e-08 1
-25.3232 5.4864 1.29319e-08 1
-28.5376 13.4112 1.72831e-12 1
-20.1536 -8.3376 0.001889 1
-27.4016 17.8224 4.50234e-15 1
-19.88 11.0448 2.21036e-11 1
-17.1696 -18.4512 0.367842 1
-31.9344 -19.824 0.524695 0
-30.5824 10.5024 6.82791e-11 1
-29.0816 15.1344 1.95762e-13 1
-23.7472 -5.1696 0.000191883 1
-15.3872 43.5888 1.25473e-34 3
-27.6896 -37.8192 0.933617 0
-36.4128 11.9616 2.08089e-11 1
-23.8032 18.4176 1.6085e-15 1
-24.9984 9.768 1.15132e-10 1
-29.5696 18.8688 1.15053e-15 1
-26.68 5.0544 2.14588e-08 1
-28.728 5.3424 1.77685e-08 1
-26.744 5.45279 1.42488e-08 1
-17.0272 6.84 2.64921e-09 1
-22.4816 -14.064 0.0597694 1
-17.0208 -3.4704 4.93832e-05 1
-21.6112 -2.2032 1.69655e-05 1
-30.9456 -3.4992 6.8556e-05 1
-22.6288 6.5952 3.66139e-09 1
-67.224 -30.4176 0.999488 0
-27.768 -26.2064 0.866627 0
-20.808 -32.4816 0.943869 0
-21.128 -20.6672 0.563417 0
-1.504 -31.6496 0.972178 0
-14.4 -19.84 0.533242 0
-29.808 -21.8976 0.678319 0
-7.896 -18.3328 0.434551 0
-16.304 -26.3888 0.891833 0
7.976 -18.6272 0.373422 2
8.672 -27.2064 0.917128 0
-28.016 -28.3088 0.906675 0
37.232 -27.9408 0.947915 0
10.4 -30.4576 0.95225 0
6.79998 -39.6592 0.972549 0
-36.32 -29.0688 0.936405 0
-10.944 -32.744 0.966088 0
30.16 -32.4272 0.965575 0
-19.776 -29.6112 0.928598 0
16.32 -17.32 0.190783 2
-11.92 -26.904 0.919666 0
9.408 -29.0992 0.941933 0
0.824003 -28.1088 0.949042 0
-9.25601 -33.36 0.970375 0
-5.184 -37.0528 0.977142 0
20.328 -24.3888 0.792093 0
-13.496 -25.4672 0.882561 0
4.912 -26.888 0.923433 0
-18.384 -28.5808 0.921122 0
-13.656 -21.5456 0.691825 0
-18.888 -29.3152 0.927885 0
12.52 -32.5328 0.961369 0
-99 -23.9872 1 0
12.128 -22.9616 0.73625 0
-64.528 -32.5216 0.999091 0
8.008 -26.376 0.902413 0
-10.008 -37.8272 0.969247 0
-8.35201 -34.0864 0.972797 0
-31.408 -31.8832 0.939827 0
-21.344 -22.7408 0.723499 0
8.376 -39.272 0.971838 0
-2.824 -32.0224 0.973327 0
19.96 -32.8064 0.958838 0
49.248 -22.2864 0.903631 0
50.696 -30.8768 0.99242 0
-19.072 -34.976 0.95126 0
6.39199 -25.7728 0.894257 0
10.176 -36.1808 0.971591 0
26.248 -36.176 0.970658 0
-3.76 -37.1936 0.978094 0
-10.496 31.0032 1.34046e-24 3
23.432 24.0624 1.03788e-19 3
24.944 36.3968 2.56247e-29 3
48.056 34.8624 1.56925e-28 3
-12.848 33.7824 9.75758e-27 3
0.831986 26.0496 6.80247e-21 3
27.28 30.8384 5.95222e-25 3
-7.144 37.0096 2.42003e-29 3
-11.168 33.688 1.11382e-26 3
10.088 32.5168 5.47484e-26 3
-6.176 18.0912 2.41259e-15 1
-32.76 26.5552 6.20513e-21 3
23.832 21.4672 7.37002e-18 2
6.528 25.3568 2.00369e-20 3
-11.328 37.2 1.87354e-29 3
-0.176012 27.912 2.68298e-22 3
4.41599 21.3776 1.63038e-17 3
-68.232 33.4672 8.41859e-26 3
38.488 25.9872 2.41161e-21 3
20.84 27.8368 1.62009e-22 3
69.536 35.5712 1.38481e-29 3
-44.08 26.488 1.09318e-20 3
9.232 34.496 1.55289e-27 3
18.664 29.3728 1.1432e-23 3
-6.152 10.176 7.40429e-11 1
-32 37.9792 9.71304e-30 3
5.93599 29.1024 2.8529e-23 3
-0.743998 24.8944 5.04587e-20 3
-1.912 37.3968 1.06006e-29 3
7.528 31.7312 2.4601e-25 3
-6.112 36.6384 4.67841e-29 3
-30.752 20.2288 1.64424e-16 1
-42.168 28.2944 4.4384e-22 3
-27.184 22.3216 5.18547e-18 1
56.088 30.2864 5.01744e-25 3
-42.776 26.008 2.40398e-20 3
15.24 29.944 4.67145e-24 3
28.96 31.0448 3.84481e-25 3
-13.08 26.5232 3.44343e-21 3
-8.56 29.0176 4.32553e-23 3
68.4 25.904 8.68365e-22 3
-56.672 36.576 2.72966e-28 3
-47.816 20.9072 1.70405e-16 3
59.472 31.1344 8.95571e-26 3
31.464 46.3792 1.47699e-37 3
75.192 35.952 4.93121e-30 3
47.944 16.3232 2.24699e-14 2
-18.656 35.9616 2.21843e-28 3
6.632 29.8288 7.66768e-24 3
-22.296 33.8016 1.24492e-26 3
