1.5952 25.4112 0.0384086 3
-2.7952 13.6512 0.0640515 3
2.6768 6.0192 0.0871339 3
-1.0672 -30.768 0.213369 2
-6.8256 13.4736 0.0646703 3
7.064 33.1536 0.0279734 3
3.9104 -27.8208 0.20075 2
4.96 1.5744 0.102209 3
7.6848 -19.5504 0.176386 2
-1.3344 -4.40641 0.125465 3
6.0576 29.5008 0.0327803 3
3.5616 26.9232 0.0362391 3
7.2368 -7.7664 0.135946 2
-6.6976 20.5392 0.0469445 3
1.8384 3.0624 0.0970826 3
-4.8288 41.472 0.0169779 3
-8.12 4.7136 0.0934641 3
-5.5664 7.5888 0.0826735 3
2.4144 22.4448 0.0440972 3
5.728 -3.696 0.121091 3
-5.464 -2.04 0.118215 3
-6.384 3.11999 0.0986849 3
0.294401 -1.3152 0.113101 3
12.6752 -8.5488 0.139397 2
-0.491203 3.984 0.0941059 3
4.8576 -7.4112 0.134916 2
2.6512 21.6864 0.0456606 3
-0.595203 -3.1392 0.120273 3
3.7792 1.5216 0.102382 3
5.4608 4.5984 0.0919866 3
0.7216 18.96 0.0511493 3
-1.1152 -0.148802 0.109119 3
4.7776 29.76 0.032088 3
-3.5216 14.8992 0.0606791 3
1.4544 10.6512 0.0727384 3
-3.0672 -11.3136 0.153942 2
-0.441601 20.9808 0.0465835 3
-4.0288 17.3568 0.054424 3
6.2784 -9.0576 0.140761 2
-5.376 -3.744 0.125021 3
-1.7296 3.312 0.0966576 3
3.7584 24.2688 0.0409092 3
5.6672 -9.57599 0.142764 2
16.568 20.6016 0.052464 3
8.5872 14.208 0.0643296 3
1.9408 -24.9504 0.195665 2
-3.3936 4.9728 0.0911528 3
-1.0352 -14.5152 0.164532 2
-7.4432 1.9488 0.103569 3
2.8 -2.44801 0.116798 3
22.6096 24.0864 0.0485999 3
22.1888 35.0208 0.0307237 3
43.3552 -27.3168 0.251292 2
25.0128 -15.0672 0.170753 2
21.2336 34.9872 0.0303492 3
17.704 22.3152 0.0494576 3
23.144 -17.4336 0.176135 2
23.5168 -11.0928 0.155494 2
13.3712 -0.792 0.112158 3
31.4736 18.072 0.0690088 3
26.08 2.2992 0.110829 3
30.1376 -1.68 0.129935 3
29.824 4.6848 0.107049 3
31.6512 0.475199 0.1243 3
17.816 -22.752 0.186724 2
25.9456 -1.9104 0.125421 3
30.8032 -26.1312 0.211708 2
14.704 -3.7104 0.122951 3
19.5216 3.8208 0.0999962 3
34.4 4.17118 0.115253 3
31.624 4.5312 0.109926 3
25.216 -13.5168 0.165815 2
31.7904 -10.9152 0.166705 2
15.9488 -5.16 0.128685 2
16.9088 7.1568 0.0877538 3
12.752 21.552 0.0488415 3
16.5776 30.8592 0.0341218 3
32.976 5.304 0.109165 3
30.5472 8.54399 0.0952606 3
28.6592 14.2608 0.0762722 3
26.88 0.503998 0.117942 3
24.6784 17.616 0.0641717 3
29.5856 25.3296 0.0509306 3
23.6672 6.984 0.0930975 3
22.8976 -29.8512 0.206308 2
19.5232 10.2624 0.0800886 3
27.0224 -6.8304 0.144476 2
30.7328 4.2048 0.10985 3
18.752 20.6448 0.0534738 3
24.728 -3.94561 0.13135 2
26.0384 3.792 0.105726 3
22.5504 -3.0096 0.125838 2
35.3088 5.54879 0.111845 3
39.2896 4.4448 0.122823 3
20.8752 -20.0352 0.181628 2
24.464 -15.648 0.171981 2
29.8304 -34.6608 0.223655 2
28.9312 -1.6128 0.128029 3
19.3504 -8.5056 0.142656 2
26.3136 -31.2528 0.21313 2
-24.1776 1.008 0.122699 3
-14.9232 -10.1808 0.164338 1
-32.664 -12.0672 0.223832 1
-22.7248 2.9664 0.111356 3
-38.4464 -17.544 0.293147 1
-22.2448 -11.0064 0.184022 1
-29.648 -22.2864 0.277239 1
-23.5984 10.8144 0.0788861 3
-22.6016 -33.8496 0.292154 1
-22.5968 -2.6208 0.139007 3
-23.5024 -18.1776 0.227499 1
-13.9808 -11.232 0.167704 1
-27.6896 0.0911987 0.132924 3
-16.1056 23.5056 0.0407124 3
-21.0384 -5.256 0.150216 3
-21.2224 -26.9184 0.260546 1
-14.5152 -42.6432 0.269938 2
-16.1888 22.7184 0.0423693 3
-15.328 21.0816 0.0459155 3
-39.3824 9.3312 0.1014 3
-27.2064 14.8272 0.0666587 3
-25.0944 -12.3504 0.199547 1
-29.5936 -11.6304 0.20955 1
-18.6896 6.8304 0.0910545 3
-29.9776 5.3856 0.108508 3
-25.3232 5.4864 0.102508 3
-28.5376 13.4112 0.0724432 3
-20.1536 -8.3376 0.164831 3
-27.4016 17.8224 0.0571976 3
-19.88 11.0448 0.0759365 3
-17.1696 -18.4512 0.208909 1
-31.9344 -19.824 0.2737 1
-30.5824 10.5024 0.0855238 3
-29.0816 15.1344 0.0666562 3
-23.7472 -5.1696 0.154819 3
-15.3872 43.5888 0.0141465 3
-27.6896 -37.8192 0.334621 0
-36.4128 11.9616 0.084963 3
-23.8032 18.4176 0.0541993 3
-24.9984 9.768 0.0838927 3
-29.5696 18.8688 0.0549894 3
-26.68 5.0544 0.106034 3
-28.728 5.3424 0.107119 3
-26.744 5.45279 0.104224 3
-17.0272 6.84 0.0899383 3
-22.4816 -14.064 0.201628 1
-17.0208 -3.4704 0.135084 3
-21.6112 -2.2032 0.135303 3
-30.9456 -3.4992 0.160721 3
-22.6288 6.5952 0.0950415 3
-67.224 -30.4176 0.688012 0
-27.768 -26.2064 0.288783 1
-20.808 -32.4816 0.278863 1
-21.128 -20.6672 0.231914 1
-1.504 -31.6496 0.21584 2
-14.4 -19.84 0.207737 1
-29.808 -21.8976 0.275758 1
-7.896 -18.3328 0.187799 2
-16.304 -26.3888 0.239579 2
7.976 -18.6272 0.173449 2
8.672 -27.2064 0.196242 2
-28.016 -28.3088 0.300414 1
37.232 -27.9408 0.231805 2
10.4 -30.4576 0.201966 2
6.79998 -39.6592 0.214142 2
-36.32 -29.0688 0.359288 0
-10.944 -32.744 0.240793 2
30.16 -32.4272 0.221755 2
-19.776 -29.6112 0.264591 1
16.32 -17.32 0.170378 2
-11.92 -26.904 0.227619 2
9.408 -29.0992 0.19983 2
0.824003 -28.1088 0.204839 2
-9.25601 -33.36 0.237048 2
-5.184 -37.0528 0.232219 2
20.328 -24.3888 0.192614 2
-13.496 -25.4672 0.227319 2
4.912 -26.888 0.197763 2
-18.384 -28.5808 0.255183 1
-13.656 -21.5456 0.212887 2
-18.888 -29.3152 0.259805 1
12.52 -32.5328 0.204781 2
-99 -23.9872 0.908672 0
12.128 -22.9616 0.185453 2
-64.528 -32.5216 0.675173 0
8.008 -26.376 0.194665 2
-10.008 -37.8272 0.247159 2
-8.35201 -34.0864 0.23591 2
-31.408 -31.8832 0.338295 0
-21.344 -22.7408 0.242647 1
8.376 -39.272 0.212661 2
-2.824 -32.0224 0.218963 2
19.96 -32.8064 0.207777 2
49.248 -22.2864 0.261301 2
50.696 -30.8768 0.293235 2
-19.072 -34.976 0.277705 2
6.39199 -25.7728 0.194091 2
10.176 -36.1808 0.209498 2
26.248 -36.176 0.218476 2
-3.76 -37.1936 0.228994 2
-10.496 31.0032 0.0279644 3
23.432 24.0624 0.0491452 3
24.944 36.3968 0.0302289 3
48.056 34.8624 0.0515648 3
-12.848 33.7824 0.0240733 3
0.831986 26.0496 0.0371563 3
27.28 30.8384 0.0394573 3
-7.144 37.0096 0.0209328 3
-11.168 33.688 0.0243287 3
10.088 32.5168 0.0296156 3
-6.176 18.0912 0.0525794 3
-32.76 26.5552 0.0367014 3
23.832 21.4672 0.0547454 3
6.528 25.3568 0.0396269 3
-11.328 37.2 0.0202757 3
-0.176012 27.912 0.0338993 3
4.41599 21.3776 0.0466652 3
-68.232 33.4672 0.0366225 3
38.488 25.9872 0.0579456 3
20.84 27.8368 0.0407949 3
69.536 35.5712 0.0962891 3
-44.08 26.488 0.0405226 3
9.232 34.496 0.0268527 3
18.664 29.3728 0.0372553 3
-6.152 10.176 0.0744189 3
-32 37.9792 0.0187685 3
5.93599 29.1024 0.0333488 3
-0.743998 24.8944 0.0389145 3
-1.912 37.3968 0.0212606 3
7.528 31.7312 0.0299736 3
-6.112 36.6384 0.0214594 3
-30.752 20.2288 0.0515584 3
-42.168 28.2944 0.0355956 3
-27.184 22.3216 0.044964 3
56.088 30.2864 0.0752788 3
-42.776 26.008 0.0411553 3
15.24 29.944 0.0349701 3
28.96 31.0448 0.0401902 3
-13.08 26.5232 0.0349184 3
-8.56 29.0176 0.0310697 3
68.4 25.904 0.125558 3
-56.672 36.576 0.0244428 3
-47.816 20.9072 0.0596549 3
59.472 31.1344 0.0806172 3
31.464 46.3792 0.0224061 3
75.192 35.952 0.11647 3
47.944 16.3232 0.0988787 3
-18.656 35.9616 0.0211176 3
6.632 29.8288 0.0324393 3
-22.296 33.8016 0.0236698 3
