1.5952 25.4112 1.15918e-20 3
-2.7952 13.6512 7.99009e-13 1
2.6768 6.0192 5.75013e-09 2
-1.0672 -30.768 0.970698 0
-6.8256 13.4736 9.22537e-13 1
7.064 33.1536 9.40926e-27 3
3.9104 -27.8208 0.94487 0
4.96 1.5744 4.59671e-07 2
7.6848 -19.5504 0.481671 2
-1.3344 -4.40641 0.000115295 2
6.0576 29.5008 7.40465e-24 3
3.5616 26.9232 7.85986e-22 3
7.2368 -7.7664 0.00102631 2
-6.6976 20.5392 3.87718e-17 1
1.8384 3.0624 1.24944e-07 2
-4.8288 41.472 2.27465e-33 3
-8.12 4.7136 2.40946e-08 1
-5.5664 7.5888 1.13376e-09 1
2.4144 22.4448 1.8047e-18 3
5.728 -3.696 4.77323e-05 2
-5.464 -2.04 1.63114e-05 1
-6.384 3.11999 1.28395e-07 1
0.294401 -1.3152 8.05051e-06 2
12.6752 -8.5488 0.001388 2
-0.491203 3.984 5.32225e-08 2
4.8576 -7.4112 0.000898385 2
2.6512 21.6864 6.28965e-18 3
-0.595203 -3.1392 3.98467e-05 2
3.7792 1.5216 5.13071e-07 2
5.4608 4.5984 2.23539e-08 2
0.7216 18.96 4.77112e-16 2
-1.1152 -0.148802 2.93483e-06 2
4.7776 29.76 4.80283e-24 3
-3.5216 14.8992 1.52629e-13 1
1.4544 10.6512 3.22248e-11 2
-3.0672 -11.3136 0.0169389 2
-0.441601 20.9808 2.03244e-17 3
-4.0288 17.3568 4.95589e-15 1
6.2784 -9.0576 0.00268757 2
-5.376 -3.744 6.91925e-05 1
-1.7296 3.312 1.07463e-07 2
3.7584 24.2688 8.04146e-20 3
5.6672 -9.57599 0.00395399 2
16.568 20.6016 2.32407e-17 2
8.5872 14.208 2.93421e-13 2
1.9408 -24.9504 0.896178 0
-3.3936 4.9728 1.97736e-08 1
-1.0352 -14.5152 0.100142 2
-7.4432 1.9488 3.99823e-07 1
2.8 -2.44801 1.94507e-05 2
22.6096 24.0864 6.2445e-20 3
22.1888 35.0208 1.76828e-28 3
43.3552 -27.3168 0.961672 0
25.0128 -15.0672 0.0645726 2
21.2336 34.9872 1.95114e-28 3
17.704 22.3152 1.41594e-18 3
23.144 -17.4336 0.191058 2
23.5168 -11.0928 0.00622639 2
13.3712 -0.792 2.68954e-06 2
31.4736 18.072 8.48968e-16 2
26.08 2.2992 1.16165e-07 2
30.1376 -1.68 4.97658e-06 2
29.824 4.6848 1.09273e-08 2
31.6512 0.475199 7.27305e-07 2
17.816 -22.752 0.704905 0
25.9456 -1.9104 5.74279e-06 2
30.8032 -26.1312 0.891853 0
14.704 -3.7104 3.15518e-05 2
19.5216 3.8208 2.70751e-08 2
34.4 4.17118 2.10344e-08 2
31.624 4.5312 1.33209e-08 2
25.216 -13.5168 0.0276697 2
31.7904 -10.9152 0.00639483 2
15.9488 -5.16 9.77291e-05 2
16.9088 7.1568 8.68371e-10 2
12.752 21.552 5.82634e-18 3
16.5776 30.8592 4.52405e-25 3
32.976 5.304 6.16414e-09 2
30.5472 8.54399 1.6737e-10 2
28.6592 14.2608 1.60065e-13 2
26.88 0.503998 6.50156e-07 2
24.6784 17.616 1.6809e-15 2
29.5856 25.3296 6.01275e-21 3
23.6672 6.984 9.14128e-10 2
22.8976 -29.8512 0.943752 0
19.5232 10.2624 2.38975e-11 2
27.0224 -6.8304 0.000320646 2
30.7328 4.2048 1.82665e-08 2
18.752 20.6448 2.02558e-17 2
24.728 -3.94561 3.22446e-05 2
26.0384 3.792 2.62418e-08 2
22.5504 -3.0096 1.48205e-05 2
35.3088 5.54879 5.15718e-09 2
39.2896 4.4448 1.98516e-08 2
20.8752 -20.0352 0.441032 2
24.464 -15.648 0.0862613 2
29.8304 -34.6608 0.974119 0
28.9312 -1.6128 4.57792e-06 2
19.3504 -8.5056 0.00111145 2
26.3136 -31.2528 0.957627 0
-24.1776 1.008 7.91585e-07 1
-14.9232 -10.1808 0.00617744 1
-32.664 -12.0672 0.0235694 1
-22.7248 2.9664 1.15925e-07 1
-38.4464 -17.544 0.381981 1
-22.2448 -11.0064 0.00911516 1
-29.648 -22.2864 0.674571 0
-23.5984 10.8144 2.17131e-11 1
-22.6016 -33.8496 0.933694 0
-22.5968 -2.6208 1.95721e-05 1
-23.5024 -18.1776 0.288225 1
-13.9808 -11.232 0.0124281 1
-27.6896 0.0911987 2.08782e-06 1
-16.1056 23.5056 3.08433e-19 1
-21.0384 -5.256 0.000164374 1
-21.2224 -26.9184 0.870786 0
-14.5152 -42.6432 0.907369 0
-16.1888 22.7184 1.11409e-18 1
-15.328 21.0816 1.50189e-17 1
-39.3824 9.3312 4.42722e-10 1
-27.2064 14.8272 1.61755e-13 1
-25.0944 -12.3504 0.020712 1
-29.5936 -11.6304 0.0155431 1
-18.6896 6.8304 1.979e-09 1
-29.9776 5.3856 1.32629e-08 1
-25.3232 5.4864 9.40905e-09 1
-28.5376 13.4112 1.10175e-12 1
-20.1536 -8.3376 0.00159444 1
-27.4016 17.8224 2.6555e-15 1
-19.88 11.0448 1.52831e-11 1
-17.1696 -18.4512 0.339747 1
-31.9344 -19.824 0.491843 1
-30.5824 10.5024 4.55582e-11 1
-29.0816 15.1344 1.20748e-13 1
-23.7472 -5.1696 0.000156646 1
-15.3872 43.5888 4.38221e-35 3
-27.6896 -37.8192 0.919549 0
-36.4128 11.9616 1.35436e-11 1
-23.8032 18.4176 9.54089e-16 1
-24.9984 9.768 7.89391e-11 1
-29.5696 18.8688 6.60753e-16 1
-26.68 5.0544 1.56387e-08 1
-28.728 5.3424 1.28454e-08 1
-26.744 5.45279 1.03282e-08 1
-17.0272 6.84 1.97794e-09 1
-22.4816 -14.064 0.0518149 1
-17.0208 -3.4704 4.0905e-05 1
-21.6112 -2.2032 1.36096e-05 1
-30.9456 -3.4992 5.48289e-05 1
-22.6288 6.5952 2.65432e-09 1
-67.224 -30.4176 0.999661 0
-27.768 -26.2064 0.848777 0
-20.808 -32.4816 0.933863 0
-21.128 -20.6672 0.529313 0
-1.504 -31.6496 0.97382 0
-14.4 -19.84 0.506916 0
-29.808 -21.8976 0.647769 0
-7.896 -18.3328 0.420827 0
-16.304 -26.3888 0.878966 0
7.976 -18.6272 0.37769 2
8.672 -27.2064 0.924231 0
-28.016 -28.3088 0.893022 0
37.232 -27.9408 0.948682 0
10.4 -30.4576 0.957574 0
6.79998 -39.6592 0.976975 0
-36.32 -29.0688 0.929455 0
-10.944 -32.744 0.962442 0
30.16 -32.4272 0.967872 0
-19.776 -29.6112 0.917535 0
16.32 -17.32 0.193472 2
-11.92 -26.904 0.91258 0
9.408 -29.0992 0.947821 0
0.824003 -28.1088 0.952504 0
-9.25601 -33.36 0.967861 0
-5.184 -37.0528 0.976647 0
20.328 -24.3888 0.803365 0
-13.496 -25.4672 0.871384 0
4.912 -26.888 0.929391 0
-18.384 -28.5808 0.90983 0
-13.656 -21.5456 0.670121 0
-18.888 -29.3152 0.917064 0
12.52 -32.5328 0.966156 0
-99 -23.9872 1 0
12.128 -22.9616 0.748371 0
-64.528 -32.5216 0.999356 0
8.008 -26.376 0.910025 0
-10.008 -37.8272 0.965111 0
-8.35201 -34.0864 0.97081 0
-31.408 -31.8832 0.930576 0
-21.344 -22.7408 0.694727 0
8.376 -39.272 0.976419 0
-2.824 -32.0224 0.974373 0
19.96 -32.8064 0.963351 0
49.248 -22.2864 0.896321 0
50.696 -30.8768 0.991616 0
-19.072 -34.976 0.941782 0
6.39199 -25.7728 0.901744 0
10.176 -36.1808 0.975783 0
26.248 -36.176 0.973532 0
-3.76 -37.1936 0.978363 0
-10.496 31.0032 6.65092e-25 3
23.432 24.0624 6.36157e-20 3
24.944 36.3968 1.23163e-29 3
48.056 34.8624 8.38503e-29 3
-12.848 33.7824 4.49642e-27 3
0.831986 26.0496 3.84837e-21 3
27.28 30.8384 3.23906e-25 3
-7.144 37.0096 1.06168e-29 3
-11.168 33.688 5.18653e-27 3
10.088 32.5168 2.74353e-26 3
-6.176 18.0912 1.62305e-15 1
-32.76 26.5552 3.10594e-21 3
23.832 21.4672 4.78381e-18 3
6.528 25.3568 1.14581e-20 3
-11.328 37.2 8.01466e-30 3
-0.176012 27.912 1.46101e-22 3
4.41599 21.3776 1.00655e-17 3
-68.232 33.4672 3.52684e-26 3
38.488 25.9872 1.48001e-21 3
20.84 27.8368 9.14581e-23 3
69.536 35.5712 7.90183e-30 3
-44.08 26.488 5.47689e-21 3
9.232 34.496 7.45378e-28 3
18.664 29.3728 6.22523e-24 3
-6.152 10.176 5.62721e-11 1
-32 37.9792 3.74371e-30 3
5.93599 29.1024 1.5213e-23 3
-0.743998 24.8944 2.92533e-20 3
-1.912 37.3968 4.69067e-30 3
7.528 31.7312 1.24774e-25 3
-6.112 36.6384 2.07916e-29 3
-30.752 20.2288 9.18796e-17 1
-42.168 28.2944 2.14765e-22 3
-27.184 22.3216 2.81981e-18 1
56.088 30.2864 2.99254e-25 3
-42.776 26.008 1.21545e-20 3
15.24 29.944 2.49112e-24 3
28.96 31.0448 2.09457e-25 3
-13.08 26.5232 1.85705e-21 3
-8.56 29.0176 2.25917e-23 3
68.4 25.904 5.74649e-22 3
-56.672 36.576 1.06918e-28 3
-47.816 20.9072 9.42497e-17 3
59.472 31.1344 5.32779e-26 3
31.464 46.3792 4.87889e-38 3
75.192 35.952 2.85952e-30 3
47.944 16.3232 1.701e-14 2
-18.656 35.9616 9.4094e-29 3
6.632 29.8288 4.0341e-24 3
-22.296 33.8016 5.48185e-27 3
