1.5952 25.4112 2.07525e-20 3
-2.7952 13.6512 1.11537e-12 1
2.6768 6.0192 7.56177e-09 2
-1.0672 -30.768 0.968551 0
-6.8256 13.4736 1.28402e-12 1
7.064 33.1536 1.97655e-26 3
3.9104 -27.8208 0.939238 0
4.96 1.5744 5.73945e-07 2
7.6848 -19.5504 0.472702 2
-1.3344 -4.40641 0.000133189 2
6.0576 29.5008 1.44175e-23 3
3.5616 26.9232 1.45367e-21 3
7.2368 -7.7664 0.00113272 2
-6.6976 20.5392 6.20764e-17 1
1.8384 3.0624 1.5821e-07 2
-4.8288 41.472 5.94693e-33 3
-8.12 4.7136 3.03245e-08 1
-5.5664 7.5888 1.46633e-09 1
2.4144 22.4448 3.03965e-18 3
5.728 -3.696 5.56453e-05 2
-5.464 -2.04 1.92035e-05 1
-6.384 3.11999 1.58668e-07 1
0.294401 -1.3152 9.64992e-06 2
12.6752 -8.5488 0.00149263 2
-0.491203 3.984 6.74686e-08 2
4.8576 -7.4112 0.00100124 2
2.6512 21.6864 1.04344e-17 3
-0.595203 -3.1392 4.67172e-05 2
3.7792 1.5216 6.40028e-07 2
5.4608 4.5984 2.90222e-08 2
0.7216 18.96 7.41305e-16 1
-1.1152 -0.148802 3.54975e-06 2
4.7776 29.76 9.40842e-24 3
-3.5216 14.8992 2.16563e-13 1
1.4544 10.6512 4.4445e-11 2
-3.0672 -11.3136 0.018269 2
-0.441601 20.9808 3.28526e-17 3
-4.0288 17.3568 7.34329e-15 1
6.2784 -9.0576 0.00292636 2
-5.376 -3.744 8.02122e-05 1
-1.7296 3.312 1.3452e-07 2
3.7584 24.2688 1.41042e-19 3
5.6672 -9.57599 0.00428399 2
16.568 20.6016 3.73717e-17 2
8.5872 14.208 4.34136e-13 2
1.9408 -24.9504 0.889593 0
-3.3936 4.9728 2.50123e-08 1
-1.0352 -14.5152 0.103882 2
-7.4432 1.9488 4.89019e-07 1
2.8 -2.44801 2.3086e-05 2
22.6096 24.0864 1.04657e-19 3
22.1888 35.0208 3.72079e-28 3
43.3552 -27.3168 0.963523 0
25.0128 -15.0672 0.0642961 2
21.2336 34.9872 4.1165e-28 3
17.704 22.3152 2.34333e-18 3
23.144 -17.4336 0.187495 2
23.5168 -11.0928 0.00638573 2
13.3712 -0.792 3.16833e-06 2
31.4736 18.072 1.1835e-15 2
26.08 2.2992 1.34099e-07 2
30.1376 -1.68 5.48199e-06 2
29.824 4.6848 1.27528e-08 2
31.6512 0.475199 8.13756e-07 2
17.816 -22.752 0.690523 0
25.9456 -1.9104 6.36422e-06 2
30.8032 -26.1312 0.887731 0
14.704 -3.7104 3.56484e-05 2
19.5216 3.8208 3.27479e-08 2
34.4 4.17118 2.41514e-08 2
31.624 4.5312 1.54407e-08 2
25.216 -13.5168 0.0278496 2
31.7904 -10.9152 0.00659614 2
15.9488 -5.16 0.000108046 2
16.9088 7.1568 1.1131e-09 2
12.752 21.552 9.70681e-18 3
16.5776 30.8592 8.8676e-25 3
32.976 5.304 7.16947e-09 2
30.5472 8.54399 2.02515e-10 2
28.6592 14.2608 2.10052e-13 2
26.88 0.503998 7.35409e-07 2
24.6784 17.616 2.4059e-15 2
29.5856 25.3296 1.0068e-20 3
23.6672 6.984 1.12323e-09 2
22.8976 -29.8512 0.938388 0
19.5232 10.2624 3.14143e-11 2
27.0224 -6.8304 0.000339766 2
30.7328 4.2048 2.11623e-08 2
18.752 20.6448 3.21922e-17 2
24.728 -3.94561 3.51588e-05 2
26.0384 3.792 3.07699e-08 2
22.5504 -3.0096 1.63998e-05 2
35.3088 5.54879 5.97916e-09 2
39.2896 4.4448 2.27057e-08 2
20.8752 -20.0352 0.430098 2
24.464 -15.648 0.085538 2
29.8304 -34.6608 0.972303 0
28.9312 -1.6128 5.05523e-06 2
19.3504 -8.5056 0.00117385 2
26.3136 -31.2528 0.95405 0
-24.1776 1.008 1.04385e-06 1
-14.9232 -10.1808 0.0071371 1
-32.664 -12.0672 0.0276991 1
-22.7248 2.9664 1.55458e-07 1
-38.4464 -17.544 0.407136 1
-22.2448 -11.0064 0.0108381 1
-29.648 -22.2864 0.706074 0
-23.5984 10.8144 3.26718e-11 1
-22.6016 -33.8496 0.945312 0
-22.5968 -2.6208 2.47356e-05 1
-23.5024 -18.1776 0.32127 1
-13.9808 -11.232 0.0141952 1
-27.6896 0.0911987 2.7489e-06 1
-16.1056 23.5056 5.61979e-19 1
-21.0384 -5.256 0.000202006 1
-21.2224 -26.9184 0.888176 0
-14.5152 -42.6432 0.927717 0
-16.1888 22.7184 1.99689e-18 1
-15.328 21.0816 2.58018e-17 1
-39.3824 9.3312 6.59821e-10 1
-27.2064 14.8272 2.6626e-13 1
-25.0944 -12.3504 0.0245531 1
-29.5936 -11.6304 0.0184817 1
-18.6896 6.8304 2.7221e-09 1
-29.9776 5.3856 1.87534e-08 1
-25.3232 5.4864 1.31739e-08 1
-28.5376 13.4112 1.77469e-12 1
-20.1536 -8.3376 0.00191185 1
-27.4016 17.8224 4.63907e-15 1
-19.88 11.0448 2.2532e-11 1
-17.1696 -18.4512 0.370716 1
-31.9344 -19.824 0.526866 0
-30.5824 10.5024 6.99777e-11 1
-29.0816 15.1344 2.01404e-13 1
-23.7472 -5.1696 0.000194429 1
-15.3872 43.5888 1.32206e-34 3
-27.6896 -37.8192 0.934713 0
-36.4128 11.9616 2.13925e-11 1
-23.8032 18.4176 1.6542e-15 1
-24.9984 9.768 1.17629e-10 1
-29.5696 18.8688 1.1879e-15 1
-26.68 5.0544 2.18645e-08 1
-28.728 5.3424 1.81191e-08 1
-26.744 5.45279 1.45225e-08 1
-17.0272 6.84 2.68934e-09 1
-22.4816 -14.064 0.0604491 1
-17.0208 -3.4704 4.99699e-05 1
-21.6112 -2.2032 1.71984e-05 1
-30.9456 -3.4992 6.95196e-05 1
-22.6288 6.5952 3.72806e-09 1
-67.224 -30.4176 0.999461 0
-27.768 -26.2064 0.868028 0
-20.808 -32.4816 0.944869 0
-21.128 -20.6672 0.566653 0
-1.504 -31.6496 0.972025 0
-14.4 -19.84 0.536161 0
-29.808 -21.8976 0.680516 0
-7.896 -18.3328 0.43587 0
-16.304 -26.3888 0.89331 0
7.976 -18.6272 0.371381 2
8.672 -27.2064 0.916213 0
-28.016 -28.3088 0.907742 0
37.232 -27.9408 0.948579 0
10.4 -30.4576 0.951712 0
6.79998 -39.6592 0.972209 0
-36.32 -29.0688 0.936708 0
-10.944 -32.744 0.966607 0
30.16 -32.4272 0.965858 0
-19.776 -29.6112 0.929744 0
16.32 -17.32 0.18974 2
-11.92 -26.904 0.920619 0
9.408 -29.0992 0.941268 0
0.824003 -28.1088 0.94858 0
-9.25601 -33.36 0.970768 0
-5.184 -37.0528 0.977299 0
20.328 -24.3888 0.79122 0
-13.496 -25.4672 0.883958 0
4.912 -26.888 0.922576 0
-18.384 -28.5808 0.922344 0
-13.656 -21.5456 0.694355 0
-18.888 -29.3152 0.929039 0
12.52 -32.5328 0.960982 0
-99 -23.9872 1 0
12.128 -22.9616 0.734357 0
-64.528 -32.5216 0.999048 0
8.008 -26.376 0.901357 0
-10.008 -37.8272 0.969825 0
-8.35201 -34.0864 0.973128 0
-31.408 -31.8832 0.940446 0
-21.344 -22.7408 0.726248 0
8.376 -39.272 0.971501 0
-2.824 -32.0224 0.973261 0
19.96 -32.8064 0.958705 0
49.248 -22.2864 0.905559 0
50.696 -30.8768 0.992699 0
-19.072 -34.976 0.952249 0
6.39199 -25.7728 0.893127 0
10.176 -36.1808 0.971266 0
26.248 -36.176 0.970839 0
-3.76 -37.1936 0.978157 0
-10.496 31.0032 1.38544e-24 3
23.432 24.0624 1.0617e-19 3
24.944 36.3968 2.64927e-29 3
48.056 34.8624 1.60712e-28 3
-12.848 33.7824 1.01326e-26 3
0.831986 26.0496 6.97953e-21 3
27.28 30.8384 6.11337e-25 3
-7.144 37.0096 2.51596e-29 3
-11.168 33.688 1.15546e-26 3
10.088 32.5168 5.65776e-26 3
-6.176 18.0912 2.45033e-15 1
-32.76 26.5552 6.44749e-21 3
23.832 21.4672 7.51962e-18 2
6.528 25.3568 2.0583e-20 3
-11.328 37.2 1.95225e-29 3
-0.176012 27.912 2.75773e-22 3
4.41599 21.3776 1.66955e-17 3
-68.232 33.4672 8.86063e-26 3
38.488 25.9872 2.4566e-21 3
20.84 27.8368 1.66386e-22 3
69.536 35.5712 1.40916e-29 3
-44.08 26.488 1.13587e-20 3
9.232 34.496 1.60805e-27 3
18.664 29.3728 1.17633e-23 3
-6.152 10.176 7.49112e-11 1
-32 37.9792 1.02489e-29 3
5.93599 29.1024 2.93863e-23 3
-0.743998 24.8944 5.16858e-20 3
-1.912 37.3968 1.10109e-29 3
7.528 31.7312 2.54042e-25 3
-6.112 36.6384 4.86006e-29 3
-30.752 20.2288 1.7002e-16 1
-42.168 28.2944 4.62111e-22 3
-27.184 22.3216 5.36137e-18 1
56.088 30.2864 5.10811e-25 3
-42.776 26.008 2.49676e-20 3
15.24 29.944 4.81339e-24 3
28.96 31.0448 3.94724e-25 3
-13.08 26.5232 3.54353e-21 3
-8.56 29.0176 4.45597e-23 3
68.4 25.904 8.79146e-22 3
-56.672 36.576 2.88256e-28 3
-47.816 20.9072 1.7613e-16 3
59.472 31.1344 9.11403e-26 3
31.464 46.3792 1.48097e-37 3
75.192 35.952 5.00918e-30 3
47.944 16.3232 2.25243e-14 2
-18.656 35.9616 2.31866e-28 3
6.632 29.8288 7.9037e-24 3
-22.296 33.8016 1.29991e-26 3
