-26.712 5.2536
5.9968 29.3016
-29.728 -22.092
-16.1472 23.112
2.5328 22.0656
24.7384 -15.3576
5.9728 -9.31679
23.0208 24.0744
6.3144 29.5652
-18.636 -28.948
31.1784 4.368
21.7112 35.004
7.8304 -19.0888
-1.2856 -31.2088
1.21359 25.7304
8.34 -26.7912
-22.104 -2.412
-6.628 36.824
-8.80401 -33.7232
4.3696 1.548
29.5344 -1.6464
-29.3528 5.364
-19.206 -29.2796
4.4112 -27.3544
-43.428 26.248
30.5012 4.5264
-26.0176 5.37
-1.1104 3.648
-14.452 -10.7064
-4.472 -37.1232
-3.1584 14.2752
5.49307 29.6187
-0.964801 -3.7728
26.0592 3.0456
7.296 32.4424
-6.9136 2.5344
15.9088 30.4016
7.58799 -39.4656
34.8544 4.85999
-17.8584 6.8352
9.904 -29.7784
-12.008 33.7352
28.12 30.9416
-5.42 -2.892
-2.0548 -31.6156
-24.2984 10.2912
-30.1608 19.5488
-28.8096 14.2728
-28.008 14.55
-0.4104 -0.732
-14.028 -20.6928
24.9772 -14.4372
15.3264 -4.4352
33.9152 5.082
18.228 21.48
17.398 21.0408
6.6048 -8.5416
3.4744 21.7216
5.62587 -8.1056
-21.236 -21.704
-27.892 -27.2576
0.234798 25.3124
-12.708 -26.1856
9.66 33.5064
-15.7376 22.0968
7.36599 -26.282
-21.7048 -33.1656
29.9952 -33.544
-5.1024 17.724
0.14 19.9704
-9.87401 -33.2336
23.6392 -3.4776
-42.798 27.2712
-23.4512 1.9872
-7.5168 3.624
3.45947 23.0525
0.192525 26.6819
26.4128 -0.703202
