1.5952 25.4112 9.87091e-21 3
-2.7952 13.6512 7.46318e-13 1
2.6768 6.0192 5.31102e-09 2
-1.0672 -30.768 0.973007 0
-6.8256 13.4736 8.48755e-13 1
7.064 33.1536 7.79418e-27 3
3.9104 -27.8208 0.947624 0
4.96 1.5744 4.17454e-07 2
7.6848 -19.5504 0.475737 2
-1.3344 -4.40641 0.00010628 2
6.0576 29.5008 6.2267e-24 3
3.5616 26.9232 6.66224e-22 3
7.2368 -7.7664 0.000934896 2
-6.6976 20.5392 3.35475e-17 1
1.8384 3.0624 1.14572e-07 2
-4.8288 41.472 1.74036e-33 3
-8.12 4.7136 2.26302e-08 1
-5.5664 7.5888 1.06282e-09 1
2.4144 22.4448 1.57955e-18 3
5.728 -3.696 4.31478e-05 2
-5.464 -2.04 1.53448e-05 1
-6.384 3.11999 1.20721e-07 1
0.294401 -1.3152 7.36651e-06 2
12.6752 -8.5488 0.00128281 2
-0.491203 3.984 4.92704e-08 2
4.8576 -7.4112 0.000816555 2
2.6512 21.6864 5.55635e-18 3
-0.595203 -3.1392 3.65801e-05 2
3.7792 1.5216 4.66673e-07 2
5.4608 4.5984 2.04586e-08 2
0.7216 18.96 4.32999e-16 3
-1.1152 -0.148802 2.70489e-06 2
4.7776 29.76 4.02474e-24 3
-3.5216 14.8992 1.41296e-13 1
1.4544 10.6512 3.03034e-11 2
-3.0672 -11.3136 0.0160139 2
-0.441601 20.9808 1.79141e-17 3
-4.0288 17.3568 4.48518e-15 1
6.2784 -9.0576 0.00245563 2
-5.376 -3.744 6.51748e-05 1
-1.7296 3.312 9.97703e-08 2
3.7584 24.2688 6.94274e-20 3
5.6672 -9.57599 0.00361784 2
16.568 20.6016 2.14555e-17 2
8.5872 14.208 2.78867e-13 2
1.9408 -24.9504 0.897949 0
-3.3936 4.9728 1.84914e-08 2
-1.0352 -14.5152 0.0953121 2
-7.4432 1.9488 3.76876e-07 1
2.8 -2.44801 1.76418e-05 2
22.6096 24.0864 5.5543e-20 3
22.1888 35.0208 1.48071e-28 3
43.3552 -27.3168 0.968423 0
25.0128 -15.0672 0.0645045 2
21.2336 34.9872 1.63254e-28 3
17.704 22.3152 1.28154e-18 3
23.144 -17.4336 0.193409 2
23.5168 -11.0928 0.0060102 2
13.3712 -0.792 2.45114e-06 2
31.4736 18.072 7.89647e-16 2
26.08 2.2992 1.07597e-07 2
30.1376 -1.68 4.64403e-06 2
29.824 4.6848 1.01316e-08 2
31.6512 0.475199 6.75778e-07 2
17.816 -22.752 0.715532 0
25.9456 -1.9104 5.34507e-06 2
30.8032 -26.1312 0.905382 0
14.704 -3.7104 2.89068e-05 2
19.5216 3.8208 2.49763e-08 2
34.4 4.17118 1.94533e-08 2
31.624 4.5312 1.23417e-08 2
25.216 -13.5168 0.027306 2
31.7904 -10.9152 0.00626386 2
15.9488 -5.16 9.00747e-05 2
16.9088 7.1568 8.05672e-10 2
12.752 21.552 5.29107e-18 3
16.5776 30.8592 3.84102e-25 3
32.976 5.304 5.70794e-09 2
30.5472 8.54399 1.55966e-10 2
28.6592 14.2608 1.51435e-13 2
26.88 0.503998 6.03149e-07 2
24.6784 17.616 1.58935e-15 2
29.5856 25.3296 5.2813e-21 3
23.6672 6.984 8.50646e-10 2
22.8976 -29.8512 0.952308 0
19.5232 10.2624 2.24583e-11 2
27.0224 -6.8304 0.000304106 2
30.7328 4.2048 1.69282e-08 2
18.752 20.6448 1.871e-17 2
24.728 -3.94561 3.01298e-05 2
26.0384 3.792 2.4315e-08 2
22.5504 -3.0096 1.3768e-05 2
35.3088 5.54879 4.76569e-09 2
39.2896 4.4448 1.82548e-08 2
20.8752 -20.0352 0.449367 2
24.464 -15.648 0.0864569 2
29.8304 -34.6608 0.980534 0
28.9312 -1.6128 4.26846e-06 2
19.3504 -8.5056 0.001046 2
26.3136 -31.2528 0.965486 0
-24.1776 1.008 7.27816e-07 1
-14.9232 -10.1808 0.00600163 1
-32.664 -12.0672 0.0221555 1
-22.7248 2.9664 1.06137e-07 1
-38.4464 -17.544 0.368043 1
-22.2448 -11.0064 0.00870278 1
-29.648 -22.2864 0.663447 0
-23.5984 10.8144 1.9246e-11 1
-22.6016 -33.8496 0.932772 0
-22.5968 -2.6208 1.8248e-05 1
-23.5024 -18.1776 0.280936 1
-13.9808 -11.232 0.0121353 1
-27.6896 0.0911987 1.91788e-06 1
-16.1056 23.5056 2.54966e-19 1
-21.0384 -5.256 0.000154989 1
-21.2224 -26.9184 0.869374 0
-14.5152 -42.6432 0.911933 0
-16.1888 22.7184 9.24684e-19 1
-15.328 21.0816 1.26145e-17 1
-39.3824 9.3312 4.03602e-10 1
-27.2064 14.8272 1.40162e-13 1
-25.0944 -12.3504 0.0196951 1
-29.5936 -11.6304 0.0146332 1
-18.6896 6.8304 1.80056e-09 1
-29.9776 5.3856 1.19932e-08 1
-25.3232 5.4864 8.51067e-09 1
-28.5376 13.4112 9.63177e-13 1
-20.1536 -8.3376 0.00152014 1
-27.4016 17.8224 2.25573e-15 1
-19.88 11.0448 1.36071e-11 1
-17.1696 -18.4512 0.337318 1
-31.9344 -19.824 0.477804 1
-30.5824 10.5024 4.04669e-11 1
-29.0816 15.1344 1.04532e-13 1
-23.7472 -5.1696 0.000146763 1
-15.3872 43.5888 3.21297e-35 3
-27.6896 -37.8192 0.916171 0
-36.4128 11.9616 1.20908e-11 1
-23.8032 18.4176 8.07383e-16 1
-24.9984 9.768 7.02272e-11 1
-29.5696 18.8688 5.57714e-16 1
-26.68 5.0544 1.41545e-08 1
-28.728 5.3424 1.16118e-08 1
-26.744 5.45279 9.33493e-09 1
-17.0272 6.84 1.8073e-09 1
-22.4816 -14.064 0.0498648 1
-17.0208 -3.4704 3.87468e-05 1
-21.6112 -2.2032 1.26994e-05 1
-30.9456 -3.4992 5.07639e-05 1
-22.6288 6.5952 2.39842e-09 1
-67.224 -30.4176 0.999676 0
-27.768 -26.2064 0.84322 0
-20.808 -32.4816 0.933601 0
-21.128 -20.6672 0.523812 0
-1.504 -31.6496 0.976115 0
-14.4 -19.84 0.507691 0
-29.808 -21.8976 0.636081 0
-7.896 -18.3328 0.420801 0
-16.304 -26.3888 0.880425 0
7.976 -18.6272 0.370462 2
8.672 -27.2064 0.928535 0
-28.016 -28.3088 0.888841 0
37.232 -27.9408 0.957478 0
10.4 -30.4576 0.962063 0
6.79998 -39.6592 0.981938 0
-36.32 -29.0688 0.925094 0
-10.944 -32.744 0.964768 0
30.16 -32.4272 0.974825 0
-19.776 -29.6112 0.917478 0
16.32 -17.32 0.191814 2
-11.92 -26.904 0.915544 0
9.408 -29.0992 0.952185 0
0.824003 -28.1088 0.954894 0
-9.25601 -33.36 0.97027 0
-5.184 -37.0528 0.97947 0
20.328 -24.3888 0.816159 0
-13.496 -25.4672 0.87421 0
4.912 -26.888 0.932303 0
-18.384 -28.5808 0.910336 0
-13.656 -21.5456 0.672608 0
-18.888 -29.3152 0.917389 0
12.52 -32.5328 0.971024 0
-99 -23.9872 1 0
12.128 -22.9616 0.753592 0
-64.528 -32.5216 0.999365 0
8.008 -26.376 0.914019 0
-10.008 -37.8272 0.968107 0
-8.35201 -34.0864 0.973258 0
-31.408 -31.8832 0.926876 0
-21.344 -22.7408 0.69061 0
8.376 -39.272 0.981566 0
-2.824 -32.0224 0.976673 0
19.96 -32.8064 0.97002 0
49.248 -22.2864 0.907427 0
50.696 -30.8768 0.993642 0
-19.072 -34.976 0.942309 0
6.39199 -25.7728 0.904923 0
10.176 -36.1808 0.98023 0
26.248 -36.176 0.980324 0
-3.76 -37.1936 0.9812 0
-10.496 31.0032 5.38671e-25 3
23.432 24.0624 5.65888e-20 3
24.944 36.3968 1.02666e-29 3
48.056 34.8624 7.22011e-29 3
-12.848 33.7824 3.5827e-27 3
0.831986 26.0496 3.25843e-21 3
27.28 30.8384 2.77508e-25 3
-7.144 37.0096 8.37766e-30 3
-11.168 33.688 4.14495e-27 3
10.088 32.5168 2.29049e-26 3
-6.176 18.0912 1.44334e-15 1
-32.76 26.5552 2.53277e-21 3
23.832 21.4672 4.3696e-18 3
6.528 25.3568 9.87269e-21 3
-11.328 37.2 6.26713e-30 3
-0.176012 27.912 1.22272e-22 3
4.41599 21.3776 8.97518e-18 3
-68.232 33.4672 2.83274e-26 3
38.488 25.9872 1.29002e-21 3
20.84 27.8368 7.9161e-23 3
69.536 35.5712 7.09588e-30 3
-44.08 26.488 4.46543e-21 3
9.232 34.496 6.15486e-28 3
18.664 29.3728 5.33547e-24 3
-6.152 10.176 5.2518e-11 1
-32 37.9792 2.90642e-30 3
5.93599 29.1024 1.28137e-23 3
-0.743998 24.8944 2.4852e-20 3
-1.912 37.3968 3.73255e-30 3
7.528 31.7312 1.04127e-25 3
-6.112 36.6384 1.64818e-29 3
-30.752 20.2288 7.68928e-17 1
-42.168 28.2944 1.74517e-22 3
-27.184 22.3216 2.32925e-18 1
56.088 30.2864 2.64545e-25 3
-42.776 26.008 9.92498e-21 3
15.24 29.944 2.12071e-24 3
28.96 31.0448 1.79465e-25 3
-13.08 26.5232 1.52268e-21 3
-8.56 29.0176 1.85025e-23 3
68.4 25.904 5.20868e-22 3
-56.672 36.576 8.39224e-29 3
-47.816 20.9072 7.74603e-17 3
59.472 31.1344 4.7362e-26 3
31.464 46.3792 4.87906e-38 3
75.192 35.952 2.60023e-30 3
47.944 16.3232 1.50223e-14 2
-18.656 35.9616 7.36347e-29 3
6.632 29.8288 3.39065e-24 3
-22.296 33.8016 4.3402e-27 3
