1.5952 25.4112 1.88546e-20 3
-2.7952 13.6512 1.0571e-12 1
2.6768 6.0192 7.20967e-09 2
-1.0672 -30.768 0.969126 0
-6.8256 13.4736 1.22028e-12 1
7.064 33.1536 1.74373e-26 3
3.9104 -27.8208 0.941152 0
4.96 1.5744 5.54399e-07 2
7.6848 -19.5504 0.478639 2
-1.3344 -4.40641 0.000130486 2
6.0576 29.5008 1.28877e-23 3
3.5616 26.9232 1.31196e-21 3
7.2368 -7.7664 0.00112803 2
-6.6976 20.5392 5.77594e-17 1
1.8384 3.0624 1.52142e-07 2
-4.8288 41.472 5.07312e-33 3
-8.12 4.7136 2.9184e-08 1
-5.5664 7.5888 1.40627e-09 1
2.4144 22.4448 2.78629e-18 3
5.728 -3.696 5.46789e-05 2
-5.464 -2.04 1.86805e-05 1
-6.384 3.11999 1.53139e-07 1
0.294401 -1.3152 9.3899e-06 2
12.6752 -8.5488 0.00149518 2
-0.491203 3.984 6.48373e-08 2
4.8576 -7.4112 0.000994043 2
2.6512 21.6864 9.58232e-18 3
-0.595203 -3.1392 4.56527e-05 2
3.7792 1.5216 6.18098e-07 2
5.4608 4.5984 2.77679e-08 2
0.7216 18.96 6.88967e-16 1
-1.1152 -0.148802 3.44424e-06 2
4.7776 29.76 8.40511e-24 3
-3.5216 14.8992 2.04979e-13 1
1.4544 10.6512 4.19742e-11 2
-3.0672 -11.3136 0.0181113 2
-0.441601 20.9808 3.04077e-17 3
-4.0288 17.3568 6.91244e-15 1
6.2784 -9.0576 0.00292248 2
-5.376 -3.744 7.82356e-05 1
-1.7296 3.312 1.29588e-07 2
3.7584 24.2688 1.28342e-19 3
5.6672 -9.57599 0.00428218 2
16.568 20.6016 3.42705e-17 2
8.5872 14.208 4.02544e-13 2
1.9408 -24.9504 0.892204 0
-3.3936 4.9728 2.40531e-08 1
-1.0352 -14.5152 0.104056 2
-7.4432 1.9488 4.72526e-07 1
2.8 -2.44801 2.25533e-05 2
22.6096 24.0864 9.59709e-20 3
22.1888 35.0208 3.28823e-28 3
43.3552 -27.3168 0.961631 0
25.0128 -15.0672 0.0648043 2
21.2336 34.9872 3.6349e-28 3
17.704 22.3152 2.14301e-18 3
23.144 -17.4336 0.189223 2
23.5168 -11.0928 0.0064299 2
13.3712 -0.792 3.11051e-06 2
31.4736 18.072 1.13166e-15 2
26.08 2.2992 1.32662e-07 2
30.1376 -1.68 5.46832e-06 2
29.824 4.6848 1.26136e-08 2
31.6512 0.475199 8.10417e-07 2
17.816 -22.752 0.694893 0
25.9456 -1.9104 6.33954e-06 2
30.8032 -26.1312 0.886912 0
14.704 -3.7104 3.53349e-05 2
19.5216 3.8208 3.20057e-08 2
34.4 4.17118 2.39992e-08 2
31.624 4.5312 1.53028e-08 2
25.216 -13.5168 0.0280554 2
31.7904 -10.9152 0.00660318 2
15.9488 -5.16 0.000107594 2
16.9088 7.1568 1.07197e-09 2
12.752 21.552 8.84105e-18 3
16.5776 30.8592 7.91625e-25 3
32.976 5.304 7.1069e-09 2
30.5472 8.54399 1.99118e-10 2
28.6592 14.2608 2.02824e-13 2
26.88 0.503998 7.30298e-07 2
24.6784 17.616 2.27177e-15 2
29.5856 25.3296 9.28416e-21 3
23.6672 6.984 1.09606e-09 2
22.8976 -29.8512 0.938928 0
19.5232 10.2624 3.01062e-11 2
27.0224 -6.8304 0.000340488 2
30.7328 4.2048 2.09658e-08 2
18.752 20.6448 2.96355e-17 2
24.728 -3.94561 3.51068e-05 2
26.0384 3.792 3.03517e-08 2
22.5504 -3.0096 1.63333e-05 2
35.3088 5.54879 5.937e-09 2
39.2896 4.4448 2.26146e-08 2
20.8752 -20.0352 0.433807 2
24.464 -15.648 0.0862596 2
29.8304 -34.6608 0.971768 0
28.9312 -1.6128 5.04039e-06 2
19.3504 -8.5056 0.00117866 2
26.3136 -31.2528 0.953968 0
-24.1776 1.008 9.89199e-07 1
-14.9232 -10.1808 0.00690305 1
-32.664 -12.0672 0.0268229 1
-22.7248 2.9664 1.47001e-07 1
-38.4464 -17.544 0.403192 1
-22.2448 -11.0064 0.0104271 1
-29.648 -22.2864 0.699216 0
-23.5984 10.8144 3.0289e-11 1
-22.6016 -33.8496 0.942271 0
-22.5968 -2.6208 2.36063e-05 1
-23.5024 -18.1776 0.312983 1
-13.9808 -11.232 0.013754 1
-27.6896 0.0911987 2.60364e-06 1
-16.1056 23.5056 5.08166e-19 1
-21.0384 -5.256 0.000193599 1
-21.2224 -26.9184 0.88347 0
-14.5152 -42.6432 0.921658 0
-16.1888 22.7184 1.81102e-18 1
-15.328 21.0816 2.35971e-17 1
-39.3824 9.3312 6.07156e-10 1
-27.2064 14.8272 2.4225e-13 1
-25.0944 -12.3504 0.0236487 1
-29.5936 -11.6304 0.017829 1
-18.6896 6.8304 2.57022e-09 1
-29.9776 5.3856 1.75181e-08 1
-25.3232 5.4864 1.23525e-08 1
-28.5376 13.4112 1.61908e-12 1
-20.1536 -8.3376 0.00183798 1
-27.4016 17.8224 4.17738e-15 1
-19.88 11.0448 2.10259e-11 1
-17.1696 -18.4512 0.362047 1
-31.9344 -19.824 0.519669 0
-30.5824 10.5024 6.4317e-11 1
-29.0816 15.1344 1.82516e-13 1
-23.7472 -5.1696 0.000186014 1
-15.3872 43.5888 1.09168e-34 3
-27.6896 -37.8192 0.931257 0
-36.4128 11.9616 1.94838e-11 1
-23.8032 18.4176 1.49693e-15 1
-24.9984 9.768 1.09119e-10 1
-29.5696 18.8688 1.06265e-15 1
-26.68 5.0544 2.04939e-08 1
-28.728 5.3424 1.69416e-08 1
-26.744 5.45279 1.35979e-08 1
-17.0272 6.84 2.54691e-09 1
-22.4816 -14.064 0.0583142 1
-17.0208 -3.4704 4.80048e-05 1
-21.6112 -2.2032 1.64177e-05 1
-30.9456 -3.4992 6.62998e-05 1
-22.6288 6.5952 3.49896e-09 1
-67.224 -30.4176 0.999534 0
-27.768 -26.2064 0.863606 0
-20.808 -32.4816 0.941852 0
-21.128 -20.6672 0.556778 0
-1.504 -31.6496 0.972465 0
-14.4 -19.84 0.527464 0
-29.808 -21.8976 0.673414 0
-7.896 -18.3328 0.431752 0
-16.304 -26.3888 0.888941 0
7.976 -18.6272 0.376561 2
8.672 -27.2064 0.918834 0
-28.016 -28.3088 0.904375 0
37.232 -27.9408 0.947009 0
10.4 -30.4576 0.953325 0
6.79998 -39.6592 0.973289 0
-36.32 -29.0688 0.935588 0
-10.944 -32.744 0.965102 0
30.16 -32.4272 0.965311 0
-19.776 -29.6112 0.926305 0
16.32 -17.32 0.192428 2
-11.92 -26.904 0.917843 0
9.408 -29.0992 0.943217 0
0.824003 -28.1088 0.949869 0
-9.25601 -33.36 0.969635 0
-5.184 -37.0528 0.976854 0
20.328 -24.3888 0.794012 0
-13.496 -25.4672 0.879863 0
4.912 -26.888 0.924976 0
-18.384 -28.5808 0.9187 0
-13.656 -21.5456 0.686871 0
-18.888 -29.3152 0.925592 0
12.52 -32.5328 0.962205 0
-99 -23.9872 1 0
12.128 -22.9616 0.739642 0
-64.528 -32.5216 0.999165 0
8.008 -26.376 0.904343 0
-10.008 -37.8272 0.968139 0
-8.35201 -34.0864 0.972176 0
-31.408 -31.8832 0.938426 0
-21.344 -22.7408 0.71788 0
8.376 -39.272 0.972587 0
-2.824 -32.0224 0.973454 0
19.96 -32.8064 0.959305 0
49.248 -22.2864 0.900405 0
50.696 -30.8768 0.991957 0
-19.072 -34.976 0.949284 0
6.39199 -25.7728 0.896276 0
10.176 -36.1808 0.972301 0
26.248 -36.176 0.970577 0
-3.76 -37.1936 0.97799 0
-10.496 31.0032 1.22475e-24 3
23.432 24.0624 9.74916e-20 3
24.944 36.3968 2.33493e-29 3
48.056 34.8624 1.45842e-28 3
-12.848 33.7824 8.81585e-27 3
0.831986 26.0496 6.33011e-21 3
27.28 30.8384 5.51766e-25 3
-7.144 37.0096 2.17574e-29 3
-11.168 33.688 1.00836e-26 3
10.088 32.5168 5.0051e-26 3
-6.176 18.0912 2.30212e-15 1
-32.76 26.5552 5.63153e-21 3
23.832 21.4672 6.97315e-18 2
6.528 25.3568 1.8626e-20 3
-11.328 37.2 1.67654e-29 3
-0.176012 27.912 2.48447e-22 3
4.41599 21.3776 1.52945e-17 3
-68.232 33.4672 7.41878e-26 3
38.488 25.9872 2.27869e-21 3
20.84 27.8368 1.50549e-22 3
69.536 35.5712 1.30362e-29 3
-44.08 26.488 9.92217e-21 3
9.232 34.496 1.41169e-27 3
18.664 29.3728 1.05705e-23 3
-6.152 10.176 7.15855e-11 1
-32 37.9792 8.48448e-30 3
5.93599 29.1024 2.63041e-23 3
-0.743998 24.8944 4.71379e-20 3
-1.912 37.3968 9.54652e-30 3
7.528 31.7312 2.25304e-25 3
-6.112 36.6384 4.2141e-29 3
-30.752 20.2288 1.51286e-16 1
-42.168 28.2944 4.0079e-22 3
-27.184 22.3216 4.76397e-18 1
56.088 30.2864 4.73476e-25 3
-42.776 26.008 2.18453e-20 3
15.24 29.944 4.30538e-24 3
28.96 31.0448 3.56646e-25 3
-13.08 26.5232 3.18253e-21 3
-8.56 29.0176 3.98327e-23 3
68.4 25.904 8.31241e-22 3
-56.672 36.576 2.38408e-28 3
-47.816 20.9072 1.56803e-16 3
59.472 31.1344 8.45376e-26 3
31.464 46.3792 1.22562e-37 3
75.192 35.952 4.65769e-30 3
47.944 16.3232 2.20031e-14 2
-18.656 35.9616 1.97601e-28 3
6.632 29.8288 7.05651e-24 3
-22.296 33.8016 1.11302e-26 3
