1.5952 25.4112 1.81914e-20 3
-2.7952 13.6512 1.03566e-12 1
2.6768 6.0192 7.08736e-09 2
-1.0672 -30.768 0.969268 0
-6.8256 13.4736 1.19622e-12 1
7.064 33.1536 1.66516e-26 3
3.9104 -27.8208 0.94161 0
4.96 1.5744 5.47126e-07 2
7.6848 -19.5504 0.479795 2
-1.3344 -4.40641 0.000129414 2
6.0576 29.5008 1.23661e-23 3
3.5616 26.9232 1.26306e-21 3
7.2368 -7.7664 0.00112328 2
-6.6976 20.5392 5.61568e-17 1
1.8384 3.0624 1.49967e-07 2
-4.8288 41.472 4.78179e-33 3
-8.12 4.7136 2.87728e-08 1
-5.5664 7.5888 1.38428e-09 1
2.4144 22.4448 2.69778e-18 3
5.728 -3.696 5.42346e-05 2
-5.464 -2.04 1.84937e-05 1
-6.384 3.11999 1.51152e-07 1
0.294401 -1.3152 9.29083e-06 2
12.6752 -8.5488 0.00149149 2
-0.491203 3.984 6.3899e-08 2
4.8576 -7.4112 0.000989081 2
2.6512 21.6864 9.28543e-18 3
-0.595203 -3.1392 4.52363e-05 2
3.7792 1.5216 6.09993e-07 2
5.4608 4.5984 2.73249e-08 2
0.7216 18.96 6.70378e-16 1
-1.1152 -0.148802 3.40527e-06 2
4.7776 29.76 8.06244e-24 3
-3.5216 14.8992 2.00659e-13 1
1.4544 10.6512 4.11255e-11 2
-3.0672 -11.3136 0.0180377 2
-0.441601 20.9808 2.95278e-17 3
-4.0288 17.3568 6.75053e-15 1
6.2784 -9.0576 0.00291281 2
-5.376 -3.744 7.75285e-05 1
-1.7296 3.312 1.27818e-07 2
3.7584 24.2688 1.23947e-19 3
5.6672 -9.57599 0.00426935 2
16.568 20.6016 3.32428e-17 2
8.5872 14.208 3.92321e-13 2
1.9408 -24.9504 0.892786 0
-3.3936 4.9728 2.37077e-08 1
-1.0352 -14.5152 0.103935 2
-7.4432 1.9488 4.66657e-07 1
2.8 -2.44801 2.23367e-05 2
22.6096 24.0864 9.29494e-20 3
22.1888 35.0208 3.1405e-28 3
43.3552 -27.3168 0.961276 0
25.0128 -15.0672 0.0648821 2
21.2336 34.9872 3.47083e-28 3
17.704 22.3152 2.07574e-18 3
23.144 -17.4336 0.189586 2
23.5168 -11.0928 0.00642979 2
13.3712 -0.792 3.08338e-06 2
31.4736 18.072 1.11013e-15 2
26.08 2.2992 1.31732e-07 2
30.1376 -1.68 5.44617e-06 2
29.824 4.6848 1.25191e-08 2
31.6512 0.475199 8.06455e-07 2
17.816 -22.752 0.696009 0
25.9456 -1.9104 6.31122e-06 2
30.8032 -26.1312 0.886926 0
14.704 -3.7104 3.51294e-05 2
19.5216 3.8208 3.16717e-08 2
34.4 4.17118 2.38499e-08 2
31.624 4.5312 1.51964e-08 2
25.216 -13.5168 0.028076 2
31.7904 -10.9152 0.00659619 2
15.9488 -5.16 0.000107125 2
16.9088 7.1568 1.05621e-09 2
12.752 21.552 8.55625e-18 3
16.5776 30.8592 7.59241e-25 3
32.976 5.304 7.05665e-09 2
30.5472 8.54399 1.97176e-10 2
28.6592 14.2608 1.99697e-13 2
26.88 0.503998 7.26139e-07 2
24.6784 17.616 2.22241e-15 2
29.5856 25.3296 8.99899e-21 3
23.6672 6.984 1.08364e-09 2
22.8976 -29.8512 0.939189 0
19.5232 10.2624 2.96127e-11 2
27.0224 -6.8304 0.000339836 2
30.7328 4.2048 2.08194e-08 2
18.752 20.6448 2.87754e-17 2
24.728 -3.94561 3.49839e-05 2
26.0384 3.792 3.01082e-08 2
22.5504 -3.0096 1.62612e-05 2
35.3088 5.54879 5.89709e-09 2
39.2896 4.4448 2.24846e-08 2
20.8752 -20.0352 0.434707 2
24.464 -15.648 0.0863828 2
29.8304 -34.6608 0.971749 0
28.9312 -1.6128 5.01917e-06 2
19.3504 -8.5056 0.0011769 2
26.3136 -31.2528 0.954076 0
-24.1776 1.008 9.71576e-07 1
-14.9232 -10.1808 0.00683326 1
-32.664 -12.0672 0.0265432 1
-22.7248 2.9664 1.44244e-07 1
-38.4464 -17.544 0.401723 1
-22.2448 -11.0064 0.0103038 1
-29.648 -22.2864 0.697115 0
-23.5984 10.8144 2.95089e-11 1
-22.6016 -33.8496 0.941415 0
-22.5968 -2.6208 2.32462e-05 1
-23.5024 -18.1776 0.310589 1
-13.9808 -11.232 0.0136241 1
-27.6896 0.0911987 2.55725e-06 1
-16.1056 23.5056 4.89778e-19 1
-21.0384 -5.256 0.000190961 1
-21.2224 -26.9184 0.882162 0
-14.5152 -42.6432 0.920008 0
-16.1888 22.7184 1.74728e-18 1
-15.328 21.0816 2.283e-17 1
-39.3824 9.3312 5.91047e-10 1
-27.2064 14.8272 2.34592e-13 1
-25.0944 -12.3504 0.0233761 1
-29.5936 -11.6304 0.0176258 1
-18.6896 6.8304 2.51895e-09 1
-29.9776 5.3856 1.71257e-08 1
-25.3232 5.4864 1.20867e-08 1
-28.5376 13.4112 1.56978e-12 1
-20.1536 -8.3376 0.00181541 1
-27.4016 17.8224 4.03042e-15 1
-19.88 11.0448 2.05185e-11 1
-17.1696 -18.4512 0.359657 1
-31.9344 -19.824 0.517385 0
-30.5824 10.5024 6.2535e-11 1
-29.0816 15.1344 1.7656e-13 1
-23.7472 -5.1696 0.000183369 1
-15.3872 43.5888 1.01899e-34 3
-27.6896 -37.8192 0.930229 0
-36.4128 11.9616 1.88987e-11 1
-23.8032 18.4176 1.44569e-15 1
-24.9984 9.768 1.06358e-10 1
-29.5696 18.8688 1.0232e-15 1
-26.68 5.0544 2.00532e-08 1
-28.728 5.3424 1.65658e-08 1
-26.744 5.45279 1.33005e-08 1
-17.0272 6.84 2.49822e-09 1
-22.4816 -14.064 0.0576884 1
-17.0208 -3.4704 4.73751e-05 1
-21.6112 -2.2032 1.61678e-05 1
-30.9456 -3.4992 6.52758e-05 1
-22.6288 6.5952 3.42367e-09 1
-67.224 -30.4176 0.999552 0
-27.768 -26.2064 0.862291 0
-20.808 -32.4816 0.941017 0
-21.128 -20.6672 0.553999 0
-1.504 -31.6496 0.972575 0
-14.4 -19.84 0.525116 0
-29.808 -21.8976 0.671232 0
-7.896 -18.3328 0.430557 0
-16.304 -26.3888 0.887774 0
7.976 -18.6272 0.377517 2
8.672 -27.2064 0.91948 0
-28.016 -28.3088 0.903374 0
37.232 -27.9408 0.946773 0
10.4 -30.4576 0.953756 0
6.79998 -39.6592 0.973602 0
-36.32 -29.0688 0.935183 0
-10.944 -32.744 0.964715 0
30.16 -32.4272 0.965296 0
-19.776 -29.6112 0.925363 0
16.32 -17.32 0.192939 2
-11.92 -26.904 0.917125 0
9.408 -29.0992 0.943719 0
0.824003 -28.1088 0.950175 0
-9.25601 -33.36 0.969346 0
-5.184 -37.0528 0.976745 0
20.328 -24.3888 0.794826 0
-13.496 -25.4672 0.878789 0
4.912 -26.888 0.925545 0
-18.384 -28.5808 0.917713 0
-13.656 -21.5456 0.684875 0
-18.888 -29.3152 0.924655 0
12.52 -32.5328 0.962557 0
-99 -23.9872 1 0
12.128 -22.9616 0.740877 0
-64.528 -32.5216 0.999192 0
8.008 -26.376 0.905062 0
-10.008 -37.8272 0.967701 0
-8.35201 -34.0864 0.971935 0
-31.408 -31.8832 0.937795 0
-21.344 -22.7408 0.715532 0
8.376 -39.272 0.972908 0
-2.824 -32.0224 0.973504 0
19.96 -32.8064 0.95955 0
49.248 -22.2864 0.899301 0
50.696 -30.8768 0.991802 0
-19.072 -34.976 0.948471 0
6.39199 -25.7728 0.897015 0
10.176 -36.1808 0.972603 0
26.248 -36.176 0.970628 0
-3.76 -37.1936 0.977952 0
-10.496 31.0032 1.17053e-24 3
23.432 24.0624 9.4455e-20 3
24.944 36.3968 2.22725e-29 3
48.056 34.8624 1.40281e-28 3
-12.848 33.7824 8.38161e-27 3
0.831986 26.0496 6.10303e-21 3
27.28 30.8384 5.30747e-25 3
-7.144 37.0096 2.0626e-29 3
-11.168 33.688 9.59498e-27 3
10.088 32.5168 4.7848e-26 3
-6.176 18.0912 2.24617e-15 1
-32.76 26.5552 5.37466e-21 3
23.832 21.4672 6.78054e-18 2
6.528 25.3568 1.79582e-20 3
-11.328 37.2 1.58626e-29 3
-0.176012 27.912 2.38948e-22 3
4.41599 21.3776 1.48156e-17 3
-68.232 33.4672 6.98695e-26 3
38.488 25.9872 2.21119e-21 3
20.84 27.8368 1.45077e-22 3
69.536 35.5712 1.26046e-29 3
-44.08 26.488 9.47024e-21 3
9.232 34.496 1.34576e-27 3
18.664 29.3728 1.01616e-23 3
-6.152 10.176 7.03491e-11 1
-32 37.9792 7.95143e-30 3
5.93599 29.1024 2.5252e-23 3
-0.743998 24.8944 4.55281e-20 3
-1.912 37.3968 9.05582e-30 3
7.528 31.7312 2.15572e-25 3
-6.112 36.6384 3.99846e-29 3
-30.752 20.2288 1.45404e-16 1
-42.168 28.2944 3.81601e-22 3
-27.184 22.3216 4.57317e-18 1
56.088 30.2864 4.58806e-25 3
-42.776 26.008 2.08628e-20 3
15.24 29.944 4.13266e-24 3
28.96 31.0448 3.43128e-25 3
-13.08 26.5232 3.05885e-21 3
-8.56 29.0176 3.82078e-23 3
68.4 25.904 8.11109e-22 3
-56.672 36.576 2.23532e-28 3
-47.816 20.9072 1.50673e-16 3
59.472 31.1344 8.19153e-26 3
31.464 46.3792 1.22393e-37 3
75.192 35.952 4.50954e-30 3
47.944 16.3232 2.16935e-14 2
-18.656 35.9616 1.86696e-28 3
6.632 29.8288 6.76818e-24 3
-22.296 33.8016 1.05386e-26 3
