1.5952 25.4112 0.0533578 3
-2.7952 13.6512 0.081686 3
2.6768 6.0192 0.10577 3
-1.0672 -30.768 0.247316 2
-6.8256 13.4736 0.0826137 3
7.064 33.1536 0.0413024 3
3.9104 -27.8208 0.232657 2
4.96 1.5744 0.121427 3
7.6848 -19.5504 0.202478 2
-1.3344 -4.40641 0.146572 3
6.0576 29.5008 0.0468501 3
3.5616 26.9232 0.050843 3
7.2368 -7.7664 0.15707 2
-6.6976 20.5392 0.0632723 3
1.8384 3.0624 0.116334 3
-4.8288 41.472 0.0280835 3
-8.12 4.7136 0.113238 3
-5.5664 7.5888 0.101712 3
2.4144 22.4448 0.0596644 3
5.728 -3.696 0.141324 3
-5.464 -2.04 0.139094 3
-6.384 3.11999 0.11863 3
0.294401 -1.3152 0.133369 3
12.6752 -8.5488 0.159979 2
-0.491203 3.984 0.113401 3
4.8576 -7.4112 0.156221 2
2.6512 21.6864 0.0613783 3
-0.595203 -3.1392 0.141023 3
3.7792 1.5216 0.121732 3
5.4608 4.5984 0.110611 3
0.7216 18.96 0.0674981 3
-1.1152 -0.148802 0.129273 3
4.7776 29.76 0.0460898 3
-3.5216 14.8992 0.0781028 3
1.4544 10.6512 0.0906491 3
-3.0672 -11.3136 0.177089 2
-0.441601 20.9808 0.062551 3
-4.0288 17.3568 0.0713496 3
6.2784 -9.0576 0.162403 2
-5.376 -3.744 0.146253 3
-1.7296 3.312 0.116189 3
3.7584 24.2688 0.0560697 3
5.6672 -9.57599 0.164647 2
16.568 20.6016 0.0681036 3
8.5872 14.208 0.0811611 3
1.9408 -24.9504 0.225516 2
-3.3936 4.9728 0.110513 3
-1.0352 -14.5152 0.18879 2
-7.4432 1.9488 0.123807 3
2.8 -2.44801 0.137066 3
22.6096 24.0864 0.0638449 3
22.1888 35.0208 0.0444533 3
43.3552 -27.3168 0.27054 2
25.0128 -15.0672 0.191042 2
21.2336 34.9872 0.0440162 3
17.704 22.3152 0.0648645 3
23.144 -17.4336 0.198037 2
23.5168 -11.0928 0.174723 2
13.3712 -0.792 0.130822 3
31.4736 18.072 0.0847191 3
26.08 2.2992 0.127328 3
30.1376 -1.68 0.145951 3
29.824 4.6848 0.122921 3
31.6512 0.475199 0.139921 3
17.816 -22.752 0.213135 2
25.9456 -1.9104 0.142285 3
30.8032 -26.1312 0.236656 2
14.704 -3.7104 0.141988 3
19.5216 3.8208 0.117236 3
34.4 4.17118 0.130407 3
31.624 4.5312 0.125535 3
25.216 -13.5168 0.185434 2
31.7904 -10.9152 0.183572 2
15.9488 -5.16 0.147843 2
16.9088 7.1568 0.104916 3
12.752 21.552 0.0643819 3
16.5776 30.8592 0.0482081 3
32.976 5.304 0.124585 3
30.5472 8.54399 0.11104 3
28.6592 14.2608 0.0921466 3
26.88 0.503998 0.13443 3
24.6784 17.616 0.080013 3
29.5856 25.3296 0.0662723 3
23.6672 6.984 0.109624 3
22.8976 -29.8512 0.237113 2
19.5232 10.2624 0.0967315 3
27.0224 -6.8304 0.161808 2
30.7328 4.2048 0.125593 3
18.752 20.6448 0.0690914 3
24.728 -3.94561 0.148705 2
26.0384 3.792 0.122148 3
22.5504 -3.0096 0.143463 3
35.3088 5.54879 0.126914 3
39.2896 4.4448 0.137081 3
20.8752 -20.0352 0.205563 2
24.464 -15.648 0.192673 2
29.8304 -34.6608 0.257062 2
28.9312 -1.6128 0.144288 3
19.3504 -8.5056 0.162038 2
26.3136 -31.2528 0.244237 2
-24.1776 1.008 0.143115 3
-14.9232 -10.1808 0.186629 3
-32.664 -12.0672 0.23842 1
-22.7248 2.9664 0.131775 3
-38.4464 -17.544 0.297824 1
-22.2448 -11.0064 0.204652 1
-29.648 -22.2864 0.291578 1
-23.5984 10.8144 0.0983483 3
-22.6016 -33.8496 0.316651 1
-22.5968 -2.6208 0.159638 3
-23.5024 -18.1776 0.24755 1
-13.9808 -11.232 0.190317 1
-27.6896 0.0911987 0.152877 3
-16.1056 23.5056 0.0566893 3
-21.0384 -5.256 0.171116 3
-21.2224 -26.9184 0.283715 1
-14.5152 -42.6432 0.308111 2
-16.1888 22.7184 0.05857 3
-15.328 21.0816 0.0625234 3
-39.3824 9.3312 0.120405 3
-27.2064 14.8272 0.0854549 3
-25.0944 -12.3504 0.218925 1
-29.5936 -11.6304 0.226521 1
-18.6896 6.8304 0.111019 3
-29.9776 5.3856 0.128393 3
-25.3232 5.4864 0.122657 3
-28.5376 13.4112 0.0915649 3
-20.1536 -8.3376 0.185995 3
-27.4016 17.8224 0.0752929 3
-19.88 11.0448 0.0952095 3
-17.1696 -18.4512 0.232233 1
-31.9344 -19.824 0.285929 1
-30.5824 10.5024 0.105097 3
-29.0816 15.1344 0.0854473 3
-23.7472 -5.1696 0.175203 3
-15.3872 43.5888 0.0244665 3
-27.6896 -37.8192 0.353926 0
-36.4128 11.9616 0.104218 3
-23.8032 18.4176 0.071969 3
-24.9984 9.768 0.103559 3
-29.5696 18.8688 0.0729047 3
-26.68 5.0544 0.126153 3
-28.728 5.3424 0.127102 3
-26.744 5.45279 0.12432 3
-17.0272 6.84 0.10984 3
-22.4816 -14.064 0.222164 1
-17.0208 -3.4704 0.156306 3
-21.6112 -2.2032 0.156047 3
-30.9456 -3.4992 0.179297 3
-22.6288 6.5952 0.115114 3
-67.224 -30.4176 0.600394 0
-27.768 -26.2064 0.305156 1
-20.808 -32.4816 0.304592 1
-21.128 -20.6672 0.2537 1
-1.504 -31.6496 0.250427 2
-14.4 -19.84 0.232453 1
-29.808 -21.8976 0.289973 1
-7.896 -18.3328 0.213384 2
-16.304 -26.3888 0.265946 1
7.976 -18.6272 0.198989 2
8.672 -27.2064 0.227417 2
-28.016 -28.3088 0.316622 1
37.232 -27.9408 0.255276 2
10.4 -30.4576 0.235649 2
6.79998 -39.6592 0.256611 2
-36.32 -29.0688 0.361512 0
-10.944 -32.744 0.27353 2
30.16 -32.4272 0.252688 2
-19.776 -29.6112 0.28995 1
16.32 -17.32 0.193843 2
-11.92 -26.904 0.256318 2
9.408 -29.0992 0.232458 2
0.824003 -28.1088 0.23691 2
-9.25601 -33.36 0.270948 2
-5.184 -37.0528 0.270481 2
20.328 -24.3888 0.219593 2
-13.496 -25.4672 0.254643 2
4.912 -26.888 0.228941 2
-18.384 -28.5808 0.281174 1
-13.656 -21.5456 0.238463 2
-18.888 -29.3152 0.285743 1
12.52 -32.5328 0.240091 2
-99 -23.9872 0.813588 0
12.128 -22.9616 0.213085 2
-64.528 -32.5216 0.593215 0
8.008 -26.376 0.225264 2
-10.008 -37.8272 0.284178 2
-8.35201 -34.0864 0.270703 2
-31.408 -31.8832 0.34962 0
-21.344 -22.7408 0.264663 1
8.376 -39.272 0.254762 2
-2.824 -32.0224 0.253642 2
19.96 -32.8064 0.242097 2
49.248 -22.2864 0.272806 2
50.696 -30.8768 0.309734 2
-19.072 -34.976 0.306409 1
6.39199 -25.7728 0.224368 2
10.176 -36.1808 0.248482 2
26.248 -36.176 0.254699 2
-3.76 -37.1936 0.267772 2
-10.496 31.0032 0.0416955 3
23.432 24.0624 0.0644106 3
24.944 36.3968 0.0439647 3
48.056 34.8624 0.0681279 3
-12.848 33.7824 0.0370626 3
0.831986 26.0496 0.0519747 3
27.28 30.8384 0.0541305 3
-7.144 37.0096 0.0330875 3
-11.168 33.688 0.0373363 3
10.088 32.5168 0.0431627 3
-6.176 18.0912 0.0694568 3
-32.76 26.5552 0.0524512 3
23.832 21.4672 0.070278 3
6.528 25.3568 0.0545389 3
-11.328 37.2 0.0323374 3
-0.176012 27.912 0.0483054 3
4.41599 21.3776 0.0623962 3
-68.232 33.4672 0.0512351 3
38.488 25.9872 0.073681 3
20.84 27.8368 0.0555147 3
69.536 35.5712 0.115603 3
-44.08 26.488 0.0567129 3
9.232 34.496 0.0399759 3
18.664 29.3728 0.0516656 3
-6.152 10.176 0.092996 3
-32 37.9792 0.0306822 3
5.93599 29.1024 0.0475 3
-0.743998 24.8944 0.0540198 3
-1.912 37.3968 0.033415 3
7.528 31.7312 0.0436083 3
-6.112 36.6384 0.0337217 3
-30.752 20.2288 0.0691545 3
-42.168 28.2944 0.0511233 3
-27.184 22.3216 0.0617983 3
56.088 30.2864 0.0924432 3
-42.776 26.008 0.0574571 3
15.24 29.944 0.0491612 3
28.96 31.0448 0.0549583 3
-13.08 26.5232 0.0499371 3
-8.56 29.0176 0.0453042 3
68.4 25.904 0.140937 3
-56.672 36.576 0.0375603 3
-47.816 20.9072 0.0773829 3
59.472 31.1344 0.0981534 3
31.464 46.3792 0.0353297 3
75.192 35.952 0.136037 3
47.944 16.3232 0.113707 3
-18.656 35.9616 0.0335188 3
6.632 29.8288 0.0464484 3
-22.296 33.8016 0.0367596 3
