1.5952 25.4112
-2.7952 13.6512
2.6768 6.0192
-1.0672 -30.768
-6.8256 13.4736
7.064 33.1536
3.9104 -27.8208
4.96 1.5744
7.6848 -19.5504
-1.3344 -4.40641
6.0576 29.5008
3.5616 26.9232
7.2368 -7.7664
-6.6976 20.5392
1.8384 3.0624
-4.8288 41.472
-8.12 4.7136
-5.5664 7.5888
2.4144 22.4448
5.728 -3.696
-5.464 -2.04
-6.384 3.11999
0.294401 -1.3152
12.6752 -8.5488
-0.491203 3.984
4.8576 -7.4112
2.6512 21.6864
-0.595203 -3.1392
3.7792 1.5216
5.4608 4.5984
0.7216 18.96
-1.1152 -0.148802
4.7776 29.76
-3.5216 14.8992
1.4544 10.6512
-3.0672 -11.3136
-0.441601 20.9808
-4.0288 17.3568
6.2784 -9.0576
-5.376 -3.744
-1.7296 3.312
3.7584 24.2688
5.6672 -9.57599
16.568 20.6016
8.5872 14.208
1.9408 -24.9504
-3.3936 4.9728
-1.0352 -14.5152
-7.4432 1.9488
2.8 -2.44801
22.6096 24.0864
22.1888 35.0208
43.3552 -27.3168
25.0128 -15.0672
21.2336 34.9872
17.704 22.3152
23.144 -17.4336
23.5168 -11.0928
13.3712 -0.792
31.4736 18.072
26.08 2.2992
30.1376 -1.68
29.824 4.6848
31.6512 0.475199
17.816 -22.752
25.9456 -1.9104
30.8032 -26.1312
14.704 -3.7104
19.5216 3.8208
34.4 4.17118
31.624 4.5312
25.216 -13.5168
31.7904 -10.9152
15.9488 -5.16
16.9088 7.1568
12.752 21.552
16.5776 30.8592
32.976 5.304
30.5472 8.54399
28.6592 14.2608
26.88 0.503998
24.6784 17.616
29.5856 25.3296
23.6672 6.984
22.8976 -29.8512
19.5232 10.2624
27.0224 -6.8304
30.7328 4.2048
18.752 20.6448
24.728 -3.94561
26.0384 3.792
22.5504 -3.0096
35.3088 5.54879
39.2896 4.4448
20.8752 -20.0352
24.464 -15.648
29.8304 -34.6608
28.9312 -1.6128
19.3504 -8.5056
26.3136 -31.2528
-24.1776 1.008
-14.9232 -10.1808
-32.664 -12.0672
-22.7248 2.9664
-38.4464 -17.544
-22.2448 -11.0064
-29.648 -22.2864
-23.5984 10.8144
-22.6016 -33.8496
-22.5968 -2.6208
-23.5024 -18.1776
-13.9808 -11.232
-27.6896 0.0911987
-16.1056 23.5056
-21.0384 -5.256
-21.2224 -26.9184
-14.5152 -42.6432
-16.1888 22.7184
-15.328 21.0816
-39.3824 9.3312
-27.2064 14.8272
-25.0944 -12.3504
-29.5936 -11.6304
-18.6896 6.8304
-29.9776 5.3856
-25.3232 5.4864
-28.5376 13.4112
-20.1536 -8.3376
-27.4016 17.8224
-19.88 11.0448
-17.1696 -18.4512
-31.9344 -19.824
-30.5824 10.5024
-29.0816 15.1344
-23.7472 -5.1696
-15.3872 43.5888
-27.6896 -37.8192
-36.4128 11.9616
-23.8032 18.4176
-24.9984 9.768
-29.5696 18.8688
-26.68 5.0544
-28.728 5.3424
-26.744 5.45279
-17.0272 6.84
-22.4816 -14.064
-17.0208 -3.4704
-21.6112 -2.2032
-30.9456 -3.4992
-22.6288 6.5952
-67.224 -30.4176
-27.768 -26.2064
-20.808 -32.4816
-21.128 -20.6672
-1.504 -31.6496
-14.4 -19.84
-29.808 -21.8976
-7.896 -18.3328
-16.304 -26.3888
7.976 -18.6272
8.672 -27.2064
-28.016 -28.3088
37.232 -27.9408
10.4 -30.4576
6.79998 -39.6592
-36.32 -29.0688
-10.944 -32.744
30.16 -32.4272
-19.776 -29.6112
16.32 -17.32
-11.92 -26.904
9.408 -29.0992
0.824003 -28.1088
-9.25601 -33.36
-5.184 -37.0528
20.328 -24.3888
-13.496 -25.4672
4.912 -26.888
-18.384 -28.5808
-13.656 -21.5456
-18.888 -29.3152
12.52 -32.5328
-99 -23.9872
12.128 -22.9616
-64.528 -32.5216
8.008 -26.376
-10.008 -37.8272
-8.35201 -34.0864
-31.408 -31.8832
-21.344 -22.7408
8.376 -39.272
-2.824 -32.0224
19.96 -32.8064
49.248 -22.2864
50.696 -30.8768
-19.072 -34.976
6.39199 -25.7728
10.176 -36.1808
26.248 -36.176
-3.76 -37.1936
-10.496 31.0032
23.432 24.0624
24.944 36.3968
48.056 34.8624
-12.848 33.7824
0.831986 26.0496
27.28 30.8384
-7.144 37.0096
-11.168 33.688
10.088 32.5168
-6.176 18.0912
-32.76 26.5552
23.832 21.4672
6.528 25.3568
-11.328 37.2
-0.176012 27.912
4.41599 21.3776
-68.232 33.4672
38.488 25.9872
20.84 27.8368
69.536 35.5712
-44.08 26.488
9.232 34.496
18.664 29.3728
-6.152 10.176
-32 37.9792
5.93599 29.1024
-0.743998 24.8944
-1.912 37.3968
7.528 31.7312
-6.112 36.6384
-30.752 20.2288
-42.168 28.2944
-27.184 22.3216
56.088 30.2864
-42.776 26.008
15.24 29.944
28.96 31.0448
-13.08 26.5232
-8.56 29.0176
68.4 25.904
-56.672 36.576
-47.816 20.9072
59.472 31.1344
31.464 46.3792
75.192 35.952
47.944 16.3232
-18.656 35.9616
6.632 29.8288
-22.296 33.8016
