-2.7952 13.6512 1
1.5952 25.4112 1


2.6768 6.0192 1
1.5952 25.4112 1


-6.8256 13.4736 1
1.5952 25.4112 1


7.064 33.1536 1
1.5952 25.4112 1


6.0576 29.5008 1
1.5952 25.4112 1


3.5616 26.9232 1
1.5952 25.4112 1


-6.6976 20.5392 1
1.5952 25.4112 1


-4.8288 41.472 1
1.5952 25.4112 1


-5.5664 7.5888 1
1.5952 25.4112 1


2.4144 22.4448 1
1.5952 25.4112 1


2.6512 21.6864 1
1.5952 25.4112 1


0.7216 18.96 1
1.5952 25.4112 1


4.7776 29.76 1
1.5952 25.4112 1


-3.5216 14.8992 1
1.5952 25.4112 1


1.4544 10.6512 1
1.5952 25.4112 1


-0.441601 20.9808 1
1.5952 25.4112 1


-4.0288 17.3568 1
1.5952 25.4112 1


3.7584 24.2688 1
1.5952 25.4112 1


16.568 20.6016 1
1.5952 25.4112 1


8.5872 14.208 1
1.5952 25.4112 1


17.704 22.3152 1
1.5952 25.4112 1


12.752 21.552 1
1.5952 25.4112 1


16.5776 30.8592 1
1.5952 25.4112 1


18.752 20.6448 1
1.5952 25.4112 1


-16.1056 23.5056 1
1.5952 25.4112 1


-16.1888 22.7184 1
1.5952 25.4112 1


-15.328 21.0816 1
1.5952 25.4112 1


-10.496 31.0032 1
1.5952 25.4112 1


-12.848 33.7824 1
1.5952 25.4112 1


0.831986 26.0496 1
1.5952 25.4112 1


-7.144 37.0096 1
1.5952 25.4112 1


-11.168 33.688 1
1.5952 25.4112 1


10.088 32.5168 1
1.5952 25.4112 1


-6.176 18.0912 1
1.5952 25.4112 1


6.528 25.3568 1
1.5952 25.4112 1


-11.328 37.2 1
1.5952 25.4112 1


-0.176012 27.912 1
1.5952 25.4112 1


4.41599 21.3776 1
1.5952 25.4112 1


20.84 27.8368 1
1.5952 25.4112 1


9.232 34.496 1
1.5952 25.4112 1


18.664 29.3728 1
1.5952 25.4112 1


-6.152 10.176 1
1.5952 25.4112 1


5.93599 29.1024 1
1.5952 25.4112 1


-0.743998 24.8944 1
1.5952 25.4112 1


-1.912 37.3968 1
1.5952 25.4112 1


7.528 31.7312 1
1.5952 25.4112 1


-6.112 36.6384 1
1.5952 25.4112 1


15.24 29.944 1
1.5952 25.4112 1


-13.08 26.5232 1
1.5952 25.4112 1


-8.56 29.0176 1
1.5952 25.4112 1


6.632 29.8288 1
1.5952 25.4112 1


4.96 1.5744 1
-2.7952 13.6512 1


-1.3344 -4.40641 1
-2.7952 13.6512 1


1.8384 3.0624 1
-2.7952 13.6512 1


-8.12 4.7136 1
-2.7952 13.6512 1


5.728 -3.696 1
-2.7952 13.6512 1


-5.464 -2.04 1
-2.7952 13.6512 1


-6.384 3.11999 1
-2.7952 13.6512 1


0.294401 -1.3152 1
-2.7952 13.6512 1


-0.491203 3.984 1
-2.7952 13.6512 1


-0.595203 -3.1392 1
-2.7952 13.6512 1


3.7792 1.5216 1
-2.7952 13.6512 1


5.4608 4.5984 1
-2.7952 13.6512 1


-1.1152 -0.148802 1
-2.7952 13.6512 1


-5.376 -3.744 1
-2.7952 13.6512 1


-1.7296 3.312 1
-2.7952 13.6512 1


-3.3936 4.9728 1
-2.7952 13.6512 1


-7.4432 1.9488 1
-2.7952 13.6512 1


2.8 -2.44801 1
-2.7952 13.6512 1


-18.6896 6.8304 1
-2.7952 13.6512 1


-19.88 11.0448 1
-2.7952 13.6512 1


-17.0272 6.84 1
-2.7952 13.6512 1


4.96 1.5744 1
2.6768 6.0192 1


-1.3344 -4.40641 1
2.6768 6.0192 1


7.2368 -7.7664 1
2.6768 6.0192 1


1.8384 3.0624 1
2.6768 6.0192 1


-8.12 4.7136 1
2.6768 6.0192 1


5.728 -3.696 1
2.6768 6.0192 1


-5.464 -2.04 1
2.6768 6.0192 1


-6.384 3.11999 1
2.6768 6.0192 1


0.294401 -1.3152 1
2.6768 6.0192 1


12.6752 -8.5488 1
2.6768 6.0192 1


-0.491203 3.984 1
2.6768 6.0192 1


4.8576 -7.4112 1
2.6768 6.0192 1


-0.595203 -3.1392 1
2.6768 6.0192 1


3.7792 1.5216 1
2.6768 6.0192 1


5.4608 4.5984 1
2.6768 6.0192 1


-1.1152 -0.148802 1
2.6768 6.0192 1


-3.0672 -11.3136 1
2.6768 6.0192 1


6.2784 -9.0576 1
2.6768 6.0192 1


-5.376 -3.744 1
2.6768 6.0192 1


-1.7296 3.312 1
2.6768 6.0192 1


5.6672 -9.57599 1
2.6768 6.0192 1


-3.3936 4.9728 1
2.6768 6.0192 1


-7.4432 1.9488 1
2.6768 6.0192 1


2.8 -2.44801 1
2.6768 6.0192 1


13.3712 -0.792 1
2.6768 6.0192 1


14.704 -3.7104 1
2.6768 6.0192 1


19.5216 3.8208 1
2.6768 6.0192 1


15.9488 -5.16 1
2.6768 6.0192 1


16.9088 7.1568 1
2.6768 6.0192 1


19.5232 10.2624 1
2.6768 6.0192 1


-17.0272 6.84 1
2.6768 6.0192 1


4.96 1.5744 1
-6.8256 13.4736 1


-1.3344 -4.40641 1
-6.8256 13.4736 1


1.8384 3.0624 1
-6.8256 13.4736 1


-8.12 4.7136 1
-6.8256 13.4736 1


-5.464 -2.04 1
-6.8256 13.4736 1


-6.384 3.11999 1
-6.8256 13.4736 1


0.294401 -1.3152 1
-6.8256 13.4736 1


-0.491203 3.984 1
-6.8256 13.4736 1


-0.595203 -3.1392 1
-6.8256 13.4736 1


3.7792 1.5216 1
-6.8256 13.4736 1


5.4608 4.5984 1
-6.8256 13.4736 1


-1.1152 -0.148802 1
-6.8256 13.4736 1


-5.376 -3.744 1
-6.8256 13.4736 1


-1.7296 3.312 1
-6.8256 13.4736 1


-3.3936 4.9728 1
-6.8256 13.4736 1


-7.4432 1.9488 1
-6.8256 13.4736 1


2.8 -2.44801 1
-6.8256 13.4736 1


-22.7248 2.9664 1
-6.8256 13.4736 1


-23.5984 10.8144 1
-6.8256 13.4736 1


-18.6896 6.8304 1
-6.8256 13.4736 1


-19.88 11.0448 1
-6.8256 13.4736 1


-23.8032 18.4176 1
-6.8256 13.4736 1


-24.9984 9.768 1
-6.8256 13.4736 1


-17.0272 6.84 1
-6.8256 13.4736 1


-17.0208 -3.4704 1
-6.8256 13.4736 1


-22.6288 6.5952 1
-6.8256 13.4736 1


22.6096 24.0864 1
7.064 33.1536 1


22.1888 35.0208 1
7.064 33.1536 1


21.2336 34.9872 1
7.064 33.1536 1


23.432 24.0624 1
7.064 33.1536 1


24.944 36.3968 1
7.064 33.1536 1


22.6096 24.0864 1
6.0576 29.5008 1


22.1888 35.0208 1
6.0576 29.5008 1


21.2336 34.9872 1
6.0576 29.5008 1


23.432 24.0624 1
6.0576 29.5008 1


23.832 21.4672 1
6.0576 29.5008 1


22.6096 24.0864 1
3.5616 26.9232 1


21.2336 34.9872 1
3.5616 26.9232 1


1.8384 3.0624 1
-6.6976 20.5392 1


-8.12 4.7136 1
-6.6976 20.5392 1


-6.384 3.11999 1
-6.6976 20.5392 1


-0.491203 3.984 1
-6.6976 20.5392 1


-1.7296 3.312 1
-6.6976 20.5392 1


-3.3936 4.9728 1
-6.6976 20.5392 1


-7.4432 1.9488 1
-6.6976 20.5392 1


-23.5984 10.8144 1
-6.6976 20.5392 1


-18.6896 6.8304 1
-6.6976 20.5392 1


-19.88 11.0448 1
-6.6976 20.5392 1


-23.8032 18.4176 1
-6.6976 20.5392 1


-17.0272 6.84 1
-6.6976 20.5392 1


-18.656 35.9616 1
-6.6976 20.5392 1


-15.3872 43.5888 1
-4.8288 41.472 1


-18.656 35.9616 1
-4.8288 41.472 1


-22.296 33.8016 1
-4.8288 41.472 1


4.96 1.5744 1
-5.5664 7.5888 1


-1.3344 -4.40641 1
-5.5664 7.5888 1


7.2368 -7.7664 1
-5.5664 7.5888 1


1.8384 3.0624 1
-5.5664 7.5888 1


-8.12 4.7136 1
-5.5664 7.5888 1


5.728 -3.696 1
-5.5664 7.5888 1


-5.464 -2.04 1
-5.5664 7.5888 1


-6.384 3.11999 1
-5.5664 7.5888 1


0.294401 -1.3152 1
-5.5664 7.5888 1


-0.491203 3.984 1
-5.5664 7.5888 1


4.8576 -7.4112 1
-5.5664 7.5888 1


-0.595203 -3.1392 1
-5.5664 7.5888 1


3.7792 1.5216 1
-5.5664 7.5888 1


5.4608 4.5984 1
-5.5664 7.5888 1


-1.1152 -0.148802 1
-5.5664 7.5888 1


-3.0672 -11.3136 1
-5.5664 7.5888 1


-5.376 -3.744 1
-5.5664 7.5888 1


-1.7296 3.312 1
-5.5664 7.5888 1


-3.3936 4.9728 1
-5.5664 7.5888 1


-7.4432 1.9488 1
-5.5664 7.5888 1


2.8 -2.44801 1
-5.5664 7.5888 1


-24.1776 1.008 1
-5.5664 7.5888 1


-22.7248 2.9664 1
-5.5664 7.5888 1


-23.5984 10.8144 1
-5.5664 7.5888 1


-22.5968 -2.6208 1
-5.5664 7.5888 1


-18.6896 6.8304 1
-5.5664 7.5888 1


-25.3232 5.4864 1
-5.5664 7.5888 1


-19.88 11.0448 1
-5.5664 7.5888 1


-24.9984 9.768 1
-5.5664 7.5888 1


-17.0272 6.84 1
-5.5664 7.5888 1


-17.0208 -3.4704 1
-5.5664 7.5888 1


-21.6112 -2.2032 1
-5.5664 7.5888 1


-22.6288 6.5952 1
-5.5664 7.5888 1


1.8384 3.0624 1
2.4144 22.4448 1


-0.491203 3.984 1
2.4144 22.4448 1


5.4608 4.5984 1
2.4144 22.4448 1


-1.7296 3.312 1
2.4144 22.4448 1


-3.3936 4.9728 1
2.4144 22.4448 1


1.8384 3.0624 1
2.6512 21.6864 1


-0.491203 3.984 1
2.6512 21.6864 1


5.4608 4.5984 1
2.6512 21.6864 1


-1.7296 3.312 1
2.6512 21.6864 1


-3.3936 4.9728 1
2.6512 21.6864 1


4.96 1.5744 1
0.7216 18.96 1


1.8384 3.0624 1
0.7216 18.96 1


-8.12 4.7136 1
0.7216 18.96 1


-6.384 3.11999 1
0.7216 18.96 1


-0.491203 3.984 1
0.7216 18.96 1


3.7792 1.5216 1
0.7216 18.96 1


5.4608 4.5984 1
0.7216 18.96 1


-1.1152 -0.148802 1
0.7216 18.96 1


-1.7296 3.312 1
0.7216 18.96 1


-3.3936 4.9728 1
0.7216 18.96 1


-7.4432 1.9488 1
0.7216 18.96 1


22.6096 24.0864 1
4.7776 29.76 1


22.1888 35.0208 1
4.7776 29.76 1


21.2336 34.9872 1
4.7776 29.76 1


23.432 24.0624 1
4.7776 29.76 1


4.96 1.5744 1
-3.5216 14.8992 1


-1.3344 -4.40641 1
-3.5216 14.8992 1


1.8384 3.0624 1
-3.5216 14.8992 1


-8.12 4.7136 1
-3.5216 14.8992 1


-5.464 -2.04 1
-3.5216 14.8992 1


-6.384 3.11999 1
-3.5216 14.8992 1


0.294401 -1.3152 1
-3.5216 14.8992 1


-0.491203 3.984 1
-3.5216 14.8992 1


-0.595203 -3.1392 1
-3.5216 14.8992 1


3.7792 1.5216 1
-3.5216 14.8992 1


5.4608 4.5984 1
-3.5216 14.8992 1


-1.1152 -0.148802 1
-3.5216 14.8992 1


-5.376 -3.744 1
-3.5216 14.8992 1


-1.7296 3.312 1
-3.5216 14.8992 1


-3.3936 4.9728 1
-3.5216 14.8992 1


-7.4432 1.9488 1
-3.5216 14.8992 1


2.8 -2.44801 1
-3.5216 14.8992 1


-18.6896 6.8304 1
-3.5216 14.8992 1


-19.88 11.0448 1
-3.5216 14.8992 1


-17.0272 6.84 1
-3.5216 14.8992 1


4.96 1.5744 1
1.4544 10.6512 1


-1.3344 -4.40641 1
1.4544 10.6512 1


7.2368 -7.7664 1
1.4544 10.6512 1


1.8384 3.0624 1
1.4544 10.6512 1


-8.12 4.7136 1
1.4544 10.6512 1


5.728 -3.696 1
1.4544 10.6512 1


-5.464 -2.04 1
1.4544 10.6512 1


-6.384 3.11999 1
1.4544 10.6512 1


0.294401 -1.3152 1
1.4544 10.6512 1


-0.491203 3.984 1
1.4544 10.6512 1


4.8576 -7.4112 1
1.4544 10.6512 1


-0.595203 -3.1392 1
1.4544 10.6512 1


3.7792 1.5216 1
1.4544 10.6512 1


5.4608 4.5984 1
1.4544 10.6512 1


-1.1152 -0.148802 1
1.4544 10.6512 1


-5.376 -3.744 1
1.4544 10.6512 1


-1.7296 3.312 1
1.4544 10.6512 1


-3.3936 4.9728 1
1.4544 10.6512 1


-7.4432 1.9488 1
1.4544 10.6512 1


2.8 -2.44801 1
1.4544 10.6512 1


13.3712 -0.792 1
1.4544 10.6512 1


14.704 -3.7104 1
1.4544 10.6512 1


19.5216 3.8208 1
1.4544 10.6512 1


16.9088 7.1568 1
1.4544 10.6512 1


19.5232 10.2624 1
1.4544 10.6512 1


-17.0272 6.84 1
1.4544 10.6512 1


1.8384 3.0624 1
-0.441601 20.9808 1


-8.12 4.7136 1
-0.441601 20.9808 1


-6.384 3.11999 1
-0.441601 20.9808 1


-0.491203 3.984 1
-0.441601 20.9808 1


3.7792 1.5216 1
-0.441601 20.9808 1


5.4608 4.5984 1
-0.441601 20.9808 1


-1.7296 3.312 1
-0.441601 20.9808 1


-3.3936 4.9728 1
-0.441601 20.9808 1


4.96 1.5744 1
-4.0288 17.3568 1


1.8384 3.0624 1
-4.0288 17.3568 1


-8.12 4.7136 1
-4.0288 17.3568 1


-5.464 -2.04 1
-4.0288 17.3568 1


-6.384 3.11999 1
-4.0288 17.3568 1


0.294401 -1.3152 1
-4.0288 17.3568 1


-0.491203 3.984 1
-4.0288 17.3568 1


3.7792 1.5216 1
-4.0288 17.3568 1


5.4608 4.5984 1
-4.0288 17.3568 1


-1.1152 -0.148802 1
-4.0288 17.3568 1


-1.7296 3.312 1
-4.0288 17.3568 1


-3.3936 4.9728 1
-4.0288 17.3568 1


-7.4432 1.9488 1
-4.0288 17.3568 1


-18.6896 6.8304 1
-4.0288 17.3568 1


-19.88 11.0448 1
-4.0288 17.3568 1


-23.8032 18.4176 1
-4.0288 17.3568 1


-17.0272 6.84 1
-4.0288 17.3568 1


5.4608 4.5984 1
3.7584 24.2688 1


22.6096 24.0864 1
3.7584 24.2688 1


23.432 24.0624 1
3.7584 24.2688 1


5.4608 4.5984 1
16.568 20.6016 1


22.6096 24.0864 1
16.568 20.6016 1


22.1888 35.0208 1
16.568 20.6016 1


21.2336 34.9872 1
16.568 20.6016 1


31.4736 18.072 1
16.568 20.6016 1


19.5216 3.8208 1
16.568 20.6016 1


16.9088 7.1568 1
16.568 20.6016 1


30.5472 8.54399 1
16.568 20.6016 1


28.6592 14.2608 1
16.568 20.6016 1


24.6784 17.616 1
16.568 20.6016 1


29.5856 25.3296 1
16.568 20.6016 1


23.6672 6.984 1
16.568 20.6016 1


19.5232 10.2624 1
16.568 20.6016 1


26.0384 3.792 1
16.568 20.6016 1


23.432 24.0624 1
16.568 20.6016 1


24.944 36.3968 1
16.568 20.6016 1


27.28 30.8384 1
16.568 20.6016 1


23.832 21.4672 1
16.568 20.6016 1


28.96 31.0448 1
16.568 20.6016 1


4.96 1.5744 1
8.5872 14.208 1


1.8384 3.0624 1
8.5872 14.208 1


-8.12 4.7136 1
8.5872 14.208 1


5.728 -3.696 1
8.5872 14.208 1


-6.384 3.11999 1
8.5872 14.208 1


0.294401 -1.3152 1
8.5872 14.208 1


-0.491203 3.984 1
8.5872 14.208 1


-0.595203 -3.1392 1
8.5872 14.208 1


3.7792 1.5216 1
8.5872 14.208 1


5.4608 4.5984 1
8.5872 14.208 1


-1.1152 -0.148802 1
8.5872 14.208 1


-1.7296 3.312 1
8.5872 14.208 1


-3.3936 4.9728 1
8.5872 14.208 1


2.8 -2.44801 1
8.5872 14.208 1


22.6096 24.0864 1
8.5872 14.208 1


13.3712 -0.792 1
8.5872 14.208 1


14.704 -3.7104 1
8.5872 14.208 1


19.5216 3.8208 1
8.5872 14.208 1


16.9088 7.1568 1
8.5872 14.208 1


24.6784 17.616 1
8.5872 14.208 1


23.6672 6.984 1
8.5872 14.208 1


19.5232 10.2624 1
8.5872 14.208 1


23.432 24.0624 1
8.5872 14.208 1


23.832 21.4672 1
8.5872 14.208 1


22.6096 24.0864 1
17.704 22.3152 1


22.1888 35.0208 1
17.704 22.3152 1


21.2336 34.9872 1
17.704 22.3152 1


31.4736 18.072 1
17.704 22.3152 1


19.5216 3.8208 1
17.704 22.3152 1


16.9088 7.1568 1
17.704 22.3152 1


30.5472 8.54399 1
17.704 22.3152 1


28.6592 14.2608 1
17.704 22.3152 1


24.6784 17.616 1
17.704 22.3152 1


29.5856 25.3296 1
17.704 22.3152 1


23.6672 6.984 1
17.704 22.3152 1


19.5232 10.2624 1
17.704 22.3152 1


23.432 24.0624 1
17.704 22.3152 1


24.944 36.3968 1
17.704 22.3152 1


27.28 30.8384 1
17.704 22.3152 1


23.832 21.4672 1
17.704 22.3152 1


28.96 31.0448 1
17.704 22.3152 1


5.4608 4.5984 1
12.752 21.552 1


22.6096 24.0864 1
12.752 21.552 1


22.1888 35.0208 1
12.752 21.552 1


21.2336 34.9872 1
12.752 21.552 1


31.4736 18.072 1
12.752 21.552 1


19.5216 3.8208 1
12.752 21.552 1


16.9088 7.1568 1
12.752 21.552 1


28.6592 14.2608 1
12.752 21.552 1


24.6784 17.616 1
12.752 21.552 1


29.5856 25.3296 1
12.752 21.552 1


23.6672 6.984 1
12.752 21.552 1


19.5232 10.2624 1
12.752 21.552 1


23.432 24.0624 1
12.752 21.552 1


24.944 36.3968 1
12.752 21.552 1


27.28 30.8384 1
12.752 21.552 1


23.832 21.4672 1
12.752 21.552 1


28.96 31.0448 1
12.752 21.552 1


22.6096 24.0864 1
16.5776 30.8592 1


22.1888 35.0208 1
16.5776 30.8592 1


21.2336 34.9872 1
16.5776 30.8592 1


31.4736 18.072 1
16.5776 30.8592 1


24.6784 17.616 1
16.5776 30.8592 1


29.5856 25.3296 1
16.5776 30.8592 1


23.432 24.0624 1
16.5776 30.8592 1


24.944 36.3968 1
16.5776 30.8592 1


27.28 30.8384 1
16.5776 30.8592 1


23.832 21.4672 1
16.5776 30.8592 1


28.96 31.0448 1
16.5776 30.8592 1


22.6096 24.0864 1
18.752 20.6448 1


22.1888 35.0208 1
18.752 20.6448 1


21.2336 34.9872 1
18.752 20.6448 1


31.4736 18.072 1
18.752 20.6448 1


26.08 2.2992 1
18.752 20.6448 1


29.824 4.6848 1
18.752 20.6448 1


19.5216 3.8208 1
18.752 20.6448 1


16.9088 7.1568 1
18.752 20.6448 1


30.5472 8.54399 1
18.752 20.6448 1


28.6592 14.2608 1
18.752 20.6448 1


24.6784 17.616 1
18.752 20.6448 1


29.5856 25.3296 1
18.752 20.6448 1


23.6672 6.984 1
18.752 20.6448 1


19.5232 10.2624 1
18.752 20.6448 1


26.0384 3.792 1
18.752 20.6448 1


23.432 24.0624 1
18.752 20.6448 1


24.944 36.3968 1
18.752 20.6448 1


27.28 30.8384 1
18.752 20.6448 1


23.832 21.4672 1
18.752 20.6448 1


28.96 31.0448 1
18.752 20.6448 1


-23.5984 10.8144 1
-16.1056 23.5056 1


-27.2064 14.8272 1
-16.1056 23.5056 1


-18.6896 6.8304 1
-16.1056 23.5056 1


-28.5376 13.4112 1
-16.1056 23.5056 1


-27.4016 17.8224 1
-16.1056 23.5056 1


-19.88 11.0448 1
-16.1056 23.5056 1


-30.5824 10.5024 1
-16.1056 23.5056 1


-29.0816 15.1344 1
-16.1056 23.5056 1


-23.8032 18.4176 1
-16.1056 23.5056 1


-24.9984 9.768 1
-16.1056 23.5056 1


-29.5696 18.8688 1
-16.1056 23.5056 1


-17.0272 6.84 1
-16.1056 23.5056 1


-22.6288 6.5952 1
-16.1056 23.5056 1


-32.76 26.5552 1
-16.1056 23.5056 1


-30.752 20.2288 1
-16.1056 23.5056 1


-27.184 22.3216 1
-16.1056 23.5056 1


-18.656 35.9616 1
-16.1056 23.5056 1


-22.296 33.8016 1
-16.1056 23.5056 1


-8.12 4.7136 1
-16.1888 22.7184 1


-23.5984 10.8144 1
-16.1888 22.7184 1


-27.2064 14.8272 1
-16.1888 22.7184 1


-18.6896 6.8304 1
-16.1888 22.7184 1


-25.3232 5.4864 1
-16.1888 22.7184 1


-28.5376 13.4112 1
-16.1888 22.7184 1


-27.4016 17.8224 1
-16.1888 22.7184 1


-19.88 11.0448 1
-16.1888 22.7184 1


-30.5824 10.5024 1
-16.1888 22.7184 1


-29.0816 15.1344 1
-16.1888 22.7184 1


-23.8032 18.4176 1
-16.1888 22.7184 1


-24.9984 9.768 1
-16.1888 22.7184 1


-29.5696 18.8688 1
-16.1888 22.7184 1


-17.0272 6.84 1
-16.1888 22.7184 1


-22.6288 6.5952 1
-16.1888 22.7184 1


-32.76 26.5552 1
-16.1888 22.7184 1


-30.752 20.2288 1
-16.1888 22.7184 1


-27.184 22.3216 1
-16.1888 22.7184 1


-18.656 35.9616 1
-16.1888 22.7184 1


-22.296 33.8016 1
-16.1888 22.7184 1


-8.12 4.7136 1
-15.328 21.0816 1


-22.7248 2.9664 1
-15.328 21.0816 1


-23.5984 10.8144 1
-15.328 21.0816 1


-27.2064 14.8272 1
-15.328 21.0816 1


-18.6896 6.8304 1
-15.328 21.0816 1


-25.3232 5.4864 1
-15.328 21.0816 1


-28.5376 13.4112 1
-15.328 21.0816 1


-27.4016 17.8224 1
-15.328 21.0816 1


-19.88 11.0448 1
-15.328 21.0816 1


-30.5824 10.5024 1
-15.328 21.0816 1


-29.0816 15.1344 1
-15.328 21.0816 1


-23.8032 18.4176 1
-15.328 21.0816 1


-24.9984 9.768 1
-15.328 21.0816 1


-29.5696 18.8688 1
-15.328 21.0816 1


-26.68 5.0544 1
-15.328 21.0816 1


-26.744 5.45279 1
-15.328 21.0816 1


-17.0272 6.84 1
-15.328 21.0816 1


-22.6288 6.5952 1
-15.328 21.0816 1


-32.76 26.5552 1
-15.328 21.0816 1


-30.752 20.2288 1
-15.328 21.0816 1


-27.184 22.3216 1
-15.328 21.0816 1


-18.656 35.9616 1
-15.328 21.0816 1


-22.296 33.8016 1
-15.328 21.0816 1


-15.3872 43.5888 1
-10.496 31.0032 1


-23.8032 18.4176 1
-10.496 31.0032 1


-27.184 22.3216 1
-10.496 31.0032 1


-18.656 35.9616 1
-10.496 31.0032 1


-22.296 33.8016 1
-10.496 31.0032 1


-15.3872 43.5888 1
-12.848 33.7824 1


-23.8032 18.4176 1
-12.848 33.7824 1


-32 37.9792 1
-12.848 33.7824 1


-27.184 22.3216 1
-12.848 33.7824 1


-18.656 35.9616 1
-12.848 33.7824 1


-22.296 33.8016 1
-12.848 33.7824 1


-15.3872 43.5888 1
-7.144 37.0096 1


-18.656 35.9616 1
-7.144 37.0096 1


-22.296 33.8016 1
-7.144 37.0096 1


-15.3872 43.5888 1
-11.168 33.688 1


-23.8032 18.4176 1
-11.168 33.688 1


-27.184 22.3216 1
-11.168 33.688 1


-18.656 35.9616 1
-11.168 33.688 1


-22.296 33.8016 1
-11.168 33.688 1


22.6096 24.0864 1
10.088 32.5168 1


22.1888 35.0208 1
10.088 32.5168 1


21.2336 34.9872 1
10.088 32.5168 1


23.432 24.0624 1
10.088 32.5168 1


24.944 36.3968 1
10.088 32.5168 1


27.28 30.8384 1
10.088 32.5168 1


23.832 21.4672 1
10.088 32.5168 1


28.96 31.0448 1
10.088 32.5168 1


4.96 1.5744 1
-6.176 18.0912 1


1.8384 3.0624 1
-6.176 18.0912 1


-8.12 4.7136 1
-6.176 18.0912 1


-6.384 3.11999 1
-6.176 18.0912 1


-0.491203 3.984 1
-6.176 18.0912 1


3.7792 1.5216 1
-6.176 18.0912 1


5.4608 4.5984 1
-6.176 18.0912 1


-1.1152 -0.148802 1
-6.176 18.0912 1


-1.7296 3.312 1
-6.176 18.0912 1


-3.3936 4.9728 1
-6.176 18.0912 1


-7.4432 1.9488 1
-6.176 18.0912 1


-23.5984 10.8144 1
-6.176 18.0912 1


-18.6896 6.8304 1
-6.176 18.0912 1


-19.88 11.0448 1
-6.176 18.0912 1


-23.8032 18.4176 1
-6.176 18.0912 1


-17.0272 6.84 1
-6.176 18.0912 1


22.6096 24.0864 1
6.528 25.3568 1


22.1888 35.0208 1
6.528 25.3568 1


21.2336 34.9872 1
6.528 25.3568 1


24.6784 17.616 1
6.528 25.3568 1


19.5232 10.2624 1
6.528 25.3568 1


23.432 24.0624 1
6.528 25.3568 1


23.832 21.4672 1
6.528 25.3568 1


-15.3872 43.5888 1
-11.328 37.2 1


-18.656 35.9616 1
-11.328 37.2 1


-22.296 33.8016 1
-11.328 37.2 1


4.96 1.5744 1
4.41599 21.3776 1


1.8384 3.0624 1
4.41599 21.3776 1


-0.491203 3.984 1
4.41599 21.3776 1


3.7792 1.5216 1
4.41599 21.3776 1


5.4608 4.5984 1
4.41599 21.3776 1


-1.7296 3.312 1
4.41599 21.3776 1


-3.3936 4.9728 1
4.41599 21.3776 1


22.6096 24.0864 1
4.41599 21.3776 1


16.9088 7.1568 1
4.41599 21.3776 1


19.5232 10.2624 1
4.41599 21.3776 1


23.432 24.0624 1
4.41599 21.3776 1


23.832 21.4672 1
4.41599 21.3776 1


22.6096 24.0864 1
20.84 27.8368 1


22.1888 35.0208 1
20.84 27.8368 1


21.2336 34.9872 1
20.84 27.8368 1


31.4736 18.072 1
20.84 27.8368 1


28.6592 14.2608 1
20.84 27.8368 1


24.6784 17.616 1
20.84 27.8368 1


29.5856 25.3296 1
20.84 27.8368 1


19.5232 10.2624 1
20.84 27.8368 1


23.432 24.0624 1
20.84 27.8368 1


24.944 36.3968 1
20.84 27.8368 1


27.28 30.8384 1
20.84 27.8368 1


23.832 21.4672 1
20.84 27.8368 1


38.488 25.9872 1
20.84 27.8368 1


28.96 31.0448 1
20.84 27.8368 1


22.6096 24.0864 1
9.232 34.496 1


22.1888 35.0208 1
9.232 34.496 1


21.2336 34.9872 1
9.232 34.496 1


23.432 24.0624 1
9.232 34.496 1


24.944 36.3968 1
9.232 34.496 1


27.28 30.8384 1
9.232 34.496 1


23.832 21.4672 1
9.232 34.496 1


22.6096 24.0864 1
18.664 29.3728 1


22.1888 35.0208 1
18.664 29.3728 1


21.2336 34.9872 1
18.664 29.3728 1


31.4736 18.072 1
18.664 29.3728 1


28.6592 14.2608 1
18.664 29.3728 1


24.6784 17.616 1
18.664 29.3728 1


29.5856 25.3296 1
18.664 29.3728 1


19.5232 10.2624 1
18.664 29.3728 1


23.432 24.0624 1
18.664 29.3728 1


24.944 36.3968 1
18.664 29.3728 1


27.28 30.8384 1
18.664 29.3728 1


23.832 21.4672 1
18.664 29.3728 1


28.96 31.0448 1
18.664 29.3728 1


4.96 1.5744 1
-6.152 10.176 1


-1.3344 -4.40641 1
-6.152 10.176 1


1.8384 3.0624 1
-6.152 10.176 1


-8.12 4.7136 1
-6.152 10.176 1


5.728 -3.696 1
-6.152 10.176 1


-5.464 -2.04 1
-6.152 10.176 1


-6.384 3.11999 1
-6.152 10.176 1


0.294401 -1.3152 1
-6.152 10.176 1


-0.491203 3.984 1
-6.152 10.176 1


-0.595203 -3.1392 1
-6.152 10.176 1


3.7792 1.5216 1
-6.152 10.176 1


5.4608 4.5984 1
-6.152 10.176 1


-1.1152 -0.148802 1
-6.152 10.176 1


-5.376 -3.744 1
-6.152 10.176 1


-1.7296 3.312 1
-6.152 10.176 1


-3.3936 4.9728 1
-6.152 10.176 1


-7.4432 1.9488 1
-6.152 10.176 1


2.8 -2.44801 1
-6.152 10.176 1


-22.7248 2.9664 1
-6.152 10.176 1


-23.5984 10.8144 1
-6.152 10.176 1


-18.6896 6.8304 1
-6.152 10.176 1


-25.3232 5.4864 1
-6.152 10.176 1


-19.88 11.0448 1
-6.152 10.176 1


-23.8032 18.4176 1
-6.152 10.176 1


-24.9984 9.768 1
-6.152 10.176 1


-17.0272 6.84 1
-6.152 10.176 1


-17.0208 -3.4704 1
-6.152 10.176 1


-21.6112 -2.2032 1
-6.152 10.176 1


-22.6288 6.5952 1
-6.152 10.176 1


22.6096 24.0864 1
5.93599 29.1024 1


22.1888 35.0208 1
5.93599 29.1024 1


21.2336 34.9872 1
5.93599 29.1024 1


23.432 24.0624 1
5.93599 29.1024 1


23.832 21.4672 1
5.93599 29.1024 1


-15.3872 43.5888 1
-1.912 37.3968 1


-18.656 35.9616 1
-1.912 37.3968 1


22.6096 24.0864 1
7.528 31.7312 1


22.1888 35.0208 1
7.528 31.7312 1


21.2336 34.9872 1
7.528 31.7312 1


23.432 24.0624 1
7.528 31.7312 1


24.944 36.3968 1
7.528 31.7312 1


27.28 30.8384 1
7.528 31.7312 1


23.832 21.4672 1
7.528 31.7312 1


-15.3872 43.5888 1
-6.112 36.6384 1


-18.656 35.9616 1
-6.112 36.6384 1


-22.296 33.8016 1
-6.112 36.6384 1


22.6096 24.0864 1
15.24 29.944 1


22.1888 35.0208 1
15.24 29.944 1


21.2336 34.9872 1
15.24 29.944 1


24.6784 17.616 1
15.24 29.944 1


29.5856 25.3296 1
15.24 29.944 1


23.432 24.0624 1
15.24 29.944 1


24.944 36.3968 1
15.24 29.944 1


27.28 30.8384 1
15.24 29.944 1


23.832 21.4672 1
15.24 29.944 1


28.96 31.0448 1
15.24 29.944 1


-23.5984 10.8144 1
-13.08 26.5232 1


-27.2064 14.8272 1
-13.08 26.5232 1


-27.4016 17.8224 1
-13.08 26.5232 1


-19.88 11.0448 1
-13.08 26.5232 1


-29.0816 15.1344 1
-13.08 26.5232 1


-15.3872 43.5888 1
-13.08 26.5232 1


-23.8032 18.4176 1
-13.08 26.5232 1


-29.5696 18.8688 1
-13.08 26.5232 1


-32.76 26.5552 1
-13.08 26.5232 1


-30.752 20.2288 1
-13.08 26.5232 1


-27.184 22.3216 1
-13.08 26.5232 1


-18.656 35.9616 1
-13.08 26.5232 1


-22.296 33.8016 1
-13.08 26.5232 1


-15.3872 43.5888 1
-8.56 29.0176 1


-23.8032 18.4176 1
-8.56 29.0176 1


-27.184 22.3216 1
-8.56 29.0176 1


-18.656 35.9616 1
-8.56 29.0176 1


-22.296 33.8016 1
-8.56 29.0176 1


22.6096 24.0864 1
6.632 29.8288 1


22.1888 35.0208 1
6.632 29.8288 1


21.2336 34.9872 1
6.632 29.8288 1


23.432 24.0624 1
6.632 29.8288 1


24.944 36.3968 1
6.632 29.8288 1


23.832 21.4672 1
6.632 29.8288 1


-1.0352 -14.5152 1
4.96 1.5744 1


22.5504 -3.0096 1
4.96 1.5744 1


19.3504 -8.5056 1
4.96 1.5744 1


7.6848 -19.5504 1
-1.3344 -4.40641 1


-1.0352 -14.5152 1
-1.3344 -4.40641 1


-14.9232 -10.1808 1
-1.3344 -4.40641 1


-13.9808 -11.232 1
-1.3344 -4.40641 1


-21.0384 -5.256 1
-1.3344 -4.40641 1


-20.1536 -8.3376 1
-1.3344 -4.40641 1


-7.896 -18.3328 1
-1.3344 -4.40641 1


7.976 -18.6272 1
-1.3344 -4.40641 1


7.6848 -19.5504 1
7.2368 -7.7664 1


1.9408 -24.9504 1
7.2368 -7.7664 1


-1.0352 -14.5152 1
7.2368 -7.7664 1


25.0128 -15.0672 1
7.2368 -7.7664 1


23.144 -17.4336 1
7.2368 -7.7664 1


23.5168 -11.0928 1
7.2368 -7.7664 1


17.816 -22.752 1
7.2368 -7.7664 1


25.9456 -1.9104 1
7.2368 -7.7664 1


25.216 -13.5168 1
7.2368 -7.7664 1


27.0224 -6.8304 1
7.2368 -7.7664 1


24.728 -3.94561 1
7.2368 -7.7664 1


22.5504 -3.0096 1
7.2368 -7.7664 1


20.8752 -20.0352 1
7.2368 -7.7664 1


24.464 -15.648 1
7.2368 -7.7664 1


19.3504 -8.5056 1
7.2368 -7.7664 1


-7.896 -18.3328 1
7.2368 -7.7664 1


7.976 -18.6272 1
7.2368 -7.7664 1


8.672 -27.2064 1
7.2368 -7.7664 1


16.32 -17.32 1
7.2368 -7.7664 1


4.912 -26.888 1
7.2368 -7.7664 1


12.128 -22.9616 1
7.2368 -7.7664 1


8.008 -26.376 1
7.2368 -7.7664 1


6.39199 -25.7728 1
7.2368 -7.7664 1


-1.0352 -14.5152 1
1.8384 3.0624 1


-14.9232 -10.1808 1
-8.12 4.7136 1


-13.9808 -11.232 1
-8.12 4.7136 1


-21.0384 -5.256 1
-8.12 4.7136 1


-20.1536 -8.3376 1
-8.12 4.7136 1


-23.7472 -5.1696 1
-8.12 4.7136 1


7.6848 -19.5504 1
5.728 -3.696 1


-1.0352 -14.5152 1
5.728 -3.696 1


23.5168 -11.0928 1
5.728 -3.696 1


24.728 -3.94561 1
5.728 -3.696 1


22.5504 -3.0096 1
5.728 -3.696 1


19.3504 -8.5056 1
5.728 -3.696 1


-7.896 -18.3328 1
5.728 -3.696 1


7.976 -18.6272 1
5.728 -3.696 1


16.32 -17.32 1
5.728 -3.696 1


-1.0352 -14.5152 1
-5.464 -2.04 1


-14.9232 -10.1808 1
-5.464 -2.04 1


-22.2448 -11.0064 1
-5.464 -2.04 1


-13.9808 -11.232 1
-5.464 -2.04 1


-21.0384 -5.256 1
-5.464 -2.04 1


-20.1536 -8.3376 1
-5.464 -2.04 1


-23.7472 -5.1696 1
-5.464 -2.04 1


-14.4 -19.84 1
-5.464 -2.04 1


-7.896 -18.3328 1
-5.464 -2.04 1


-1.0352 -14.5152 1
-6.384 3.11999 1


-14.9232 -10.1808 1
-6.384 3.11999 1


-13.9808 -11.232 1
-6.384 3.11999 1


-21.0384 -5.256 1
-6.384 3.11999 1


-20.1536 -8.3376 1
-6.384 3.11999 1


-23.7472 -5.1696 1
-6.384 3.11999 1


7.6848 -19.5504 1
0.294401 -1.3152 1


-1.0352 -14.5152 1
0.294401 -1.3152 1


-14.9232 -10.1808 1
0.294401 -1.3152 1


-13.9808 -11.232 1
0.294401 -1.3152 1


-7.896 -18.3328 1
0.294401 -1.3152 1


7.976 -18.6272 1
0.294401 -1.3152 1


7.6848 -19.5504 1
12.6752 -8.5488 1


1.9408 -24.9504 1
12.6752 -8.5488 1


-1.0352 -14.5152 1
12.6752 -8.5488 1


25.0128 -15.0672 1
12.6752 -8.5488 1


23.144 -17.4336 1
12.6752 -8.5488 1


23.5168 -11.0928 1
12.6752 -8.5488 1


30.1376 -1.68 1
12.6752 -8.5488 1


17.816 -22.752 1
12.6752 -8.5488 1


25.9456 -1.9104 1
12.6752 -8.5488 1


25.216 -13.5168 1
12.6752 -8.5488 1


31.7904 -10.9152 1
12.6752 -8.5488 1


26.88 0.503998 1
12.6752 -8.5488 1


27.0224 -6.8304 1
12.6752 -8.5488 1


24.728 -3.94561 1
12.6752 -8.5488 1


22.5504 -3.0096 1
12.6752 -8.5488 1


20.8752 -20.0352 1
12.6752 -8.5488 1


24.464 -15.648 1
12.6752 -8.5488 1


28.9312 -1.6128 1
12.6752 -8.5488 1


19.3504 -8.5056 1
12.6752 -8.5488 1


7.976 -18.6272 1
12.6752 -8.5488 1


8.672 -27.2064 1
12.6752 -8.5488 1


16.32 -17.32 1
12.6752 -8.5488 1


20.328 -24.3888 1
12.6752 -8.5488 1


4.912 -26.888 1
12.6752 -8.5488 1


12.128 -22.9616 1
12.6752 -8.5488 1


8.008 -26.376 1
12.6752 -8.5488 1


6.39199 -25.7728 1
12.6752 -8.5488 1


-1.0352 -14.5152 1
-0.491203 3.984 1


7.6848 -19.5504 1
4.8576 -7.4112 1


1.9408 -24.9504 1
4.8576 -7.4112 1


-1.0352 -14.5152 1
4.8576 -7.4112 1


23.5168 -11.0928 1
4.8576 -7.4112 1


22.5504 -3.0096 1
4.8576 -7.4112 1


19.3504 -8.5056 1
4.8576 -7.4112 1


-14.9232 -10.1808 1
4.8576 -7.4112 1


-13.9808 -11.232 1
4.8576 -7.4112 1


-7.896 -18.3328 1
4.8576 -7.4112 1


7.976 -18.6272 1
4.8576 -7.4112 1


16.32 -17.32 1
4.8576 -7.4112 1


4.912 -26.888 1
4.8576 -7.4112 1


12.128 -22.9616 1
4.8576 -7.4112 1


8.008 -26.376 1
4.8576 -7.4112 1


6.39199 -25.7728 1
4.8576 -7.4112 1


7.6848 -19.5504 1
-0.595203 -3.1392 1


-1.0352 -14.5152 1
-0.595203 -3.1392 1


-14.9232 -10.1808 1
-0.595203 -3.1392 1


-13.9808 -11.232 1
-0.595203 -3.1392 1


-7.896 -18.3328 1
-0.595203 -3.1392 1


7.976 -18.6272 1
-0.595203 -3.1392 1


-1.0352 -14.5152 1
3.7792 1.5216 1


22.5504 -3.0096 1
3.7792 1.5216 1


19.3504 -8.5056 1
3.7792 1.5216 1


22.5504 -3.0096 1
5.4608 4.5984 1


19.3504 -8.5056 1
5.4608 4.5984 1


-1.0352 -14.5152 1
-1.1152 -0.148802 1


-14.9232 -10.1808 1
-1.1152 -0.148802 1


-13.9808 -11.232 1
-1.1152 -0.148802 1


-7.896 -18.3328 1
-1.1152 -0.148802 1


-1.0672 -30.768 1
-3.0672 -11.3136 1


3.9104 -27.8208 1
-3.0672 -11.3136 1


7.6848 -19.5504 1
-3.0672 -11.3136 1


1.9408 -24.9504 1
-3.0672 -11.3136 1


-1.0352 -14.5152 1
-3.0672 -11.3136 1


-14.9232 -10.1808 1
-3.0672 -11.3136 1


-22.2448 -11.0064 1
-3.0672 -11.3136 1


-13.9808 -11.232 1
-3.0672 -11.3136 1


-21.0384 -5.256 1
-3.0672 -11.3136 1


-20.1536 -8.3376 1
-3.0672 -11.3136 1


-17.1696 -18.4512 1
-3.0672 -11.3136 1


-22.4816 -14.064 1
-3.0672 -11.3136 1


-14.4 -19.84 1
-3.0672 -11.3136 1


-7.896 -18.3328 1
-3.0672 -11.3136 1


7.976 -18.6272 1
-3.0672 -11.3136 1


8.672 -27.2064 1
-3.0672 -11.3136 1


-11.92 -26.904 1
-3.0672 -11.3136 1


0.824003 -28.1088 1
-3.0672 -11.3136 1


-13.496 -25.4672 1
-3.0672 -11.3136 1


4.912 -26.888 1
-3.0672 -11.3136 1


-13.656 -21.5456 1
-3.0672 -11.3136 1


12.128 -22.9616 1
-3.0672 -11.3136 1


8.008 -26.376 1
-3.0672 -11.3136 1


6.39199 -25.7728 1
-3.0672 -11.3136 1


3.9104 -27.8208 1
6.2784 -9.0576 1


7.6848 -19.5504 1
6.2784 -9.0576 1


1.9408 -24.9504 1
6.2784 -9.0576 1


-1.0352 -14.5152 1
6.2784 -9.0576 1


25.0128 -15.0672 1
6.2784 -9.0576 1


23.144 -17.4336 1
6.2784 -9.0576 1


23.5168 -11.0928 1
6.2784 -9.0576 1


17.816 -22.752 1
6.2784 -9.0576 1


25.216 -13.5168 1
6.2784 -9.0576 1


24.728 -3.94561 1
6.2784 -9.0576 1


22.5504 -3.0096 1
6.2784 -9.0576 1


20.8752 -20.0352 1
6.2784 -9.0576 1


24.464 -15.648 1
6.2784 -9.0576 1


19.3504 -8.5056 1
6.2784 -9.0576 1


-7.896 -18.3328 1
6.2784 -9.0576 1


7.976 -18.6272 1
6.2784 -9.0576 1


8.672 -27.2064 1
6.2784 -9.0576 1


16.32 -17.32 1
6.2784 -9.0576 1


0.824003 -28.1088 1
6.2784 -9.0576 1


4.912 -26.888 1
6.2784 -9.0576 1


12.128 -22.9616 1
6.2784 -9.0576 1


8.008 -26.376 1
6.2784 -9.0576 1


6.39199 -25.7728 1
6.2784 -9.0576 1


-1.0352 -14.5152 1
-5.376 -3.744 1


-14.9232 -10.1808 1
-5.376 -3.744 1


-22.2448 -11.0064 1
-5.376 -3.744 1


-13.9808 -11.232 1
-5.376 -3.744 1


-21.0384 -5.256 1
-5.376 -3.744 1


-20.1536 -8.3376 1
-5.376 -3.744 1


-17.1696 -18.4512 1
-5.376 -3.744 1


-23.7472 -5.1696 1
-5.376 -3.744 1


-22.4816 -14.064 1
-5.376 -3.744 1


-14.4 -19.84 1
-5.376 -3.744 1


-7.896 -18.3328 1
-5.376 -3.744 1


7.976 -18.6272 1
-5.376 -3.744 1


-13.656 -21.5456 1
-5.376 -3.744 1


-1.0352 -14.5152 1
-1.7296 3.312 1


-14.9232 -10.1808 1
-1.7296 3.312 1


-13.9808 -11.232 1
-1.7296 3.312 1


3.9104 -27.8208 1
5.6672 -9.57599 1


7.6848 -19.5504 1
5.6672 -9.57599 1


1.9408 -24.9504 1
5.6672 -9.57599 1


-1.0352 -14.5152 1
5.6672 -9.57599 1


23.144 -17.4336 1
5.6672 -9.57599 1


23.5168 -11.0928 1
5.6672 -9.57599 1


17.816 -22.752 1
5.6672 -9.57599 1


25.216 -13.5168 1
5.6672 -9.57599 1


24.728 -3.94561 1
5.6672 -9.57599 1


22.5504 -3.0096 1
5.6672 -9.57599 1


20.8752 -20.0352 1
5.6672 -9.57599 1


24.464 -15.648 1
5.6672 -9.57599 1


19.3504 -8.5056 1
5.6672 -9.57599 1


-13.9808 -11.232 1
5.6672 -9.57599 1


-7.896 -18.3328 1
5.6672 -9.57599 1


7.976 -18.6272 1
5.6672 -9.57599 1


8.672 -27.2064 1
5.6672 -9.57599 1


16.32 -17.32 1
5.6672 -9.57599 1


9.408 -29.0992 1
5.6672 -9.57599 1


0.824003 -28.1088 1
5.6672 -9.57599 1


4.912 -26.888 1
5.6672 -9.57599 1


12.128 -22.9616 1
5.6672 -9.57599 1


8.008 -26.376 1
5.6672 -9.57599 1


6.39199 -25.7728 1
5.6672 -9.57599 1


-1.0352 -14.5152 1
-3.3936 4.9728 1


-14.9232 -10.1808 1
-3.3936 4.9728 1


-13.9808 -11.232 1
-3.3936 4.9728 1


-1.0352 -14.5152 1
-7.4432 1.9488 1


-14.9232 -10.1808 1
-7.4432 1.9488 1


-22.2448 -11.0064 1
-7.4432 1.9488 1


-13.9808 -11.232 1
-7.4432 1.9488 1


-21.0384 -5.256 1
-7.4432 1.9488 1


-20.1536 -8.3376 1
-7.4432 1.9488 1


-23.7472 -5.1696 1
-7.4432 1.9488 1


7.6848 -19.5504 1
2.8 -2.44801 1


-1.0352 -14.5152 1
2.8 -2.44801 1


22.5504 -3.0096 1
2.8 -2.44801 1


19.3504 -8.5056 1
2.8 -2.44801 1


-14.9232 -10.1808 1
2.8 -2.44801 1


-13.9808 -11.232 1
2.8 -2.44801 1


-7.896 -18.3328 1
2.8 -2.44801 1


7.976 -18.6272 1
2.8 -2.44801 1


31.464 46.3792 1
22.1888 35.0208 1


31.464 46.3792 1
21.2336 34.9872 1


7.6848 -19.5504 1
13.3712 -0.792 1


-1.0352 -14.5152 1
13.3712 -0.792 1


25.0128 -15.0672 1
13.3712 -0.792 1


23.144 -17.4336 1
13.3712 -0.792 1


23.5168 -11.0928 1
13.3712 -0.792 1


30.1376 -1.68 1
13.3712 -0.792 1


31.6512 0.475199 1
13.3712 -0.792 1


25.9456 -1.9104 1
13.3712 -0.792 1


31.624 4.5312 1
13.3712 -0.792 1


25.216 -13.5168 1
13.3712 -0.792 1


26.88 0.503998 1
13.3712 -0.792 1


27.0224 -6.8304 1
13.3712 -0.792 1


30.7328 4.2048 1
13.3712 -0.792 1


24.728 -3.94561 1
13.3712 -0.792 1


22.5504 -3.0096 1
13.3712 -0.792 1


24.464 -15.648 1
13.3712 -0.792 1


28.9312 -1.6128 1
13.3712 -0.792 1


19.3504 -8.5056 1
13.3712 -0.792 1


7.976 -18.6272 1
13.3712 -0.792 1


16.32 -17.32 1
13.3712 -0.792 1


30.1376 -1.68 1
31.4736 18.072 1


31.6512 0.475199 1
31.4736 18.072 1


34.4 4.17118 1
31.4736 18.072 1


31.624 4.5312 1
31.4736 18.072 1


32.976 5.304 1
31.4736 18.072 1


26.88 0.503998 1
31.4736 18.072 1


30.7328 4.2048 1
31.4736 18.072 1


35.3088 5.54879 1
31.4736 18.072 1


39.2896 4.4448 1
31.4736 18.072 1


28.9312 -1.6128 1
31.4736 18.072 1


47.944 16.3232 1
31.4736 18.072 1


25.0128 -15.0672 1
26.08 2.2992 1


23.144 -17.4336 1
26.08 2.2992 1


23.5168 -11.0928 1
26.08 2.2992 1


30.1376 -1.68 1
26.08 2.2992 1


31.6512 0.475199 1
26.08 2.2992 1


25.9456 -1.9104 1
26.08 2.2992 1


34.4 4.17118 1
26.08 2.2992 1


31.624 4.5312 1
26.08 2.2992 1


25.216 -13.5168 1
26.08 2.2992 1


31.7904 -10.9152 1
26.08 2.2992 1


32.976 5.304 1
26.08 2.2992 1


26.88 0.503998 1
26.08 2.2992 1


27.0224 -6.8304 1
26.08 2.2992 1


30.7328 4.2048 1
26.08 2.2992 1


24.728 -3.94561 1
26.08 2.2992 1


22.5504 -3.0096 1
26.08 2.2992 1


35.3088 5.54879 1
26.08 2.2992 1


39.2896 4.4448 1
26.08 2.2992 1


24.464 -15.648 1
26.08 2.2992 1


28.9312 -1.6128 1
26.08 2.2992 1


19.3504 -8.5056 1
26.08 2.2992 1


23.5168 -11.0928 1
29.824 4.6848 1


30.1376 -1.68 1
29.824 4.6848 1


31.6512 0.475199 1
29.824 4.6848 1


25.9456 -1.9104 1
29.824 4.6848 1


34.4 4.17118 1
29.824 4.6848 1


31.624 4.5312 1
29.824 4.6848 1


25.216 -13.5168 1
29.824 4.6848 1


31.7904 -10.9152 1
29.824 4.6848 1


32.976 5.304 1
29.824 4.6848 1


26.88 0.503998 1
29.824 4.6848 1


27.0224 -6.8304 1
29.824 4.6848 1


30.7328 4.2048 1
29.824 4.6848 1


24.728 -3.94561 1
29.824 4.6848 1


22.5504 -3.0096 1
29.824 4.6848 1


35.3088 5.54879 1
29.824 4.6848 1


39.2896 4.4448 1
29.824 4.6848 1


28.9312 -1.6128 1
29.824 4.6848 1


19.3504 -8.5056 1
29.824 4.6848 1


7.6848 -19.5504 1
14.704 -3.7104 1


-1.0352 -14.5152 1
14.704 -3.7104 1


25.0128 -15.0672 1
14.704 -3.7104 1


23.144 -17.4336 1
14.704 -3.7104 1


23.5168 -11.0928 1
14.704 -3.7104 1


30.1376 -1.68 1
14.704 -3.7104 1


31.6512 0.475199 1
14.704 -3.7104 1


17.816 -22.752 1
14.704 -3.7104 1


25.9456 -1.9104 1
14.704 -3.7104 1


31.624 4.5312 1
14.704 -3.7104 1


25.216 -13.5168 1
14.704 -3.7104 1


31.7904 -10.9152 1
14.704 -3.7104 1


26.88 0.503998 1
14.704 -3.7104 1


27.0224 -6.8304 1
14.704 -3.7104 1


30.7328 4.2048 1
14.704 -3.7104 1


24.728 -3.94561 1
14.704 -3.7104 1


22.5504 -3.0096 1
14.704 -3.7104 1


20.8752 -20.0352 1
14.704 -3.7104 1


24.464 -15.648 1
14.704 -3.7104 1


28.9312 -1.6128 1
14.704 -3.7104 1


19.3504 -8.5056 1
14.704 -3.7104 1


7.976 -18.6272 1
14.704 -3.7104 1


16.32 -17.32 1
14.704 -3.7104 1


12.128 -22.9616 1
14.704 -3.7104 1


25.0128 -15.0672 1
19.5216 3.8208 1


23.5168 -11.0928 1
19.5216 3.8208 1


30.1376 -1.68 1
19.5216 3.8208 1


31.6512 0.475199 1
19.5216 3.8208 1


25.9456 -1.9104 1
19.5216 3.8208 1


34.4 4.17118 1
19.5216 3.8208 1


31.624 4.5312 1
19.5216 3.8208 1


25.216 -13.5168 1
19.5216 3.8208 1


31.7904 -10.9152 1
19.5216 3.8208 1


32.976 5.304 1
19.5216 3.8208 1


26.88 0.503998 1
19.5216 3.8208 1


27.0224 -6.8304 1
19.5216 3.8208 1


30.7328 4.2048 1
19.5216 3.8208 1


24.728 -3.94561 1
19.5216 3.8208 1


22.5504 -3.0096 1
19.5216 3.8208 1


35.3088 5.54879 1
19.5216 3.8208 1


39.2896 4.4448 1
19.5216 3.8208 1


28.9312 -1.6128 1
19.5216 3.8208 1


19.3504 -8.5056 1
19.5216 3.8208 1


7.6848 -19.5504 1
15.9488 -5.16 1


-1.0352 -14.5152 1
15.9488 -5.16 1


25.0128 -15.0672 1
15.9488 -5.16 1


23.144 -17.4336 1
15.9488 -5.16 1


23.5168 -11.0928 1
15.9488 -5.16 1


30.1376 -1.68 1
15.9488 -5.16 1


31.6512 0.475199 1
15.9488 -5.16 1


17.816 -22.752 1
15.9488 -5.16 1


25.9456 -1.9104 1
15.9488 -5.16 1


31.624 4.5312 1
15.9488 -5.16 1


25.216 -13.5168 1
15.9488 -5.16 1


31.7904 -10.9152 1
15.9488 -5.16 1


32.976 5.304 1
15.9488 -5.16 1


26.88 0.503998 1
15.9488 -5.16 1


27.0224 -6.8304 1
15.9488 -5.16 1


30.7328 4.2048 1
15.9488 -5.16 1


24.728 -3.94561 1
15.9488 -5.16 1


22.5504 -3.0096 1
15.9488 -5.16 1


20.8752 -20.0352 1
15.9488 -5.16 1


24.464 -15.648 1
15.9488 -5.16 1


28.9312 -1.6128 1
15.9488 -5.16 1


19.3504 -8.5056 1
15.9488 -5.16 1


7.976 -18.6272 1
15.9488 -5.16 1


16.32 -17.32 1
15.9488 -5.16 1


20.328 -24.3888 1
15.9488 -5.16 1


12.128 -22.9616 1
15.9488 -5.16 1


23.5168 -11.0928 1
16.9088 7.1568 1


30.1376 -1.68 1
16.9088 7.1568 1


31.6512 0.475199 1
16.9088 7.1568 1


25.9456 -1.9104 1
16.9088 7.1568 1


34.4 4.17118 1
16.9088 7.1568 1


31.624 4.5312 1
16.9088 7.1568 1


32.976 5.304 1
16.9088 7.1568 1


26.88 0.503998 1
16.9088 7.1568 1


27.0224 -6.8304 1
16.9088 7.1568 1


30.7328 4.2048 1
16.9088 7.1568 1


24.728 -3.94561 1
16.9088 7.1568 1


22.5504 -3.0096 1
16.9088 7.1568 1


35.3088 5.54879 1
16.9088 7.1568 1


28.9312 -1.6128 1
16.9088 7.1568 1


19.3504 -8.5056 1
16.9088 7.1568 1


30.1376 -1.68 1
30.5472 8.54399 1


31.6512 0.475199 1
30.5472 8.54399 1


25.9456 -1.9104 1
30.5472 8.54399 1


34.4 4.17118 1
30.5472 8.54399 1


31.624 4.5312 1
30.5472 8.54399 1


31.7904 -10.9152 1
30.5472 8.54399 1


32.976 5.304 1
30.5472 8.54399 1


26.88 0.503998 1
30.5472 8.54399 1


27.0224 -6.8304 1
30.5472 8.54399 1


30.7328 4.2048 1
30.5472 8.54399 1


24.728 -3.94561 1
30.5472 8.54399 1


22.5504 -3.0096 1
30.5472 8.54399 1


35.3088 5.54879 1
30.5472 8.54399 1


39.2896 4.4448 1
30.5472 8.54399 1


28.9312 -1.6128 1
30.5472 8.54399 1


47.944 16.3232 1
30.5472 8.54399 1


30.1376 -1.68 1
28.6592 14.2608 1


31.6512 0.475199 1
28.6592 14.2608 1


25.9456 -1.9104 1
28.6592 14.2608 1


34.4 4.17118 1
28.6592 14.2608 1


31.624 4.5312 1
28.6592 14.2608 1


32.976 5.304 1
28.6592 14.2608 1


26.88 0.503998 1
28.6592 14.2608 1


30.7328 4.2048 1
28.6592 14.2608 1


24.728 -3.94561 1
28.6592 14.2608 1


22.5504 -3.0096 1
28.6592 14.2608 1


35.3088 5.54879 1
28.6592 14.2608 1


39.2896 4.4448 1
28.6592 14.2608 1


28.9312 -1.6128 1
28.6592 14.2608 1


47.944 16.3232 1
28.6592 14.2608 1


31.6512 0.475199 1
24.6784 17.616 1


25.9456 -1.9104 1
24.6784 17.616 1


34.4 4.17118 1
24.6784 17.616 1


31.624 4.5312 1
24.6784 17.616 1


32.976 5.304 1
24.6784 17.616 1


26.88 0.503998 1
24.6784 17.616 1


30.7328 4.2048 1
24.6784 17.616 1


35.3088 5.54879 1
24.6784 17.616 1


39.2896 4.4448 1
24.6784 17.616 1


28.9312 -1.6128 1
24.6784 17.616 1


23.5168 -11.0928 1
23.6672 6.984 1


30.1376 -1.68 1
23.6672 6.984 1


31.6512 0.475199 1
23.6672 6.984 1


25.9456 -1.9104 1
23.6672 6.984 1


34.4 4.17118 1
23.6672 6.984 1


31.624 4.5312 1
23.6672 6.984 1


31.7904 -10.9152 1
23.6672 6.984 1


32.976 5.304 1
23.6672 6.984 1


26.88 0.503998 1
23.6672 6.984 1


27.0224 -6.8304 1
23.6672 6.984 1


30.7328 4.2048 1
23.6672 6.984 1


24.728 -3.94561 1
23.6672 6.984 1


22.5504 -3.0096 1
23.6672 6.984 1


35.3088 5.54879 1
23.6672 6.984 1


39.2896 4.4448 1
23.6672 6.984 1


28.9312 -1.6128 1
23.6672 6.984 1


19.3504 -8.5056 1
23.6672 6.984 1


30.1376 -1.68 1
19.5232 10.2624 1


31.6512 0.475199 1
19.5232 10.2624 1


25.9456 -1.9104 1
19.5232 10.2624 1


34.4 4.17118 1
19.5232 10.2624 1


31.624 4.5312 1
19.5232 10.2624 1


32.976 5.304 1
19.5232 10.2624 1


26.88 0.503998 1
19.5232 10.2624 1


27.0224 -6.8304 1
19.5232 10.2624 1


30.7328 4.2048 1
19.5232 10.2624 1


24.728 -3.94561 1
19.5232 10.2624 1


22.5504 -3.0096 1
19.5232 10.2624 1


35.3088 5.54879 1
19.5232 10.2624 1


28.9312 -1.6128 1
19.5232 10.2624 1


19.3504 -8.5056 1
19.5232 10.2624 1


25.0128 -15.0672 1
26.0384 3.792 1


23.5168 -11.0928 1
26.0384 3.792 1


30.1376 -1.68 1
26.0384 3.792 1


31.6512 0.475199 1
26.0384 3.792 1


25.9456 -1.9104 1
26.0384 3.792 1


34.4 4.17118 1
26.0384 3.792 1


31.624 4.5312 1
26.0384 3.792 1


25.216 -13.5168 1
26.0384 3.792 1


31.7904 -10.9152 1
26.0384 3.792 1


32.976 5.304 1
26.0384 3.792 1


26.88 0.503998 1
26.0384 3.792 1


27.0224 -6.8304 1
26.0384 3.792 1


30.7328 4.2048 1
26.0384 3.792 1


24.728 -3.94561 1
26.0384 3.792 1


22.5504 -3.0096 1
26.0384 3.792 1


35.3088 5.54879 1
26.0384 3.792 1


39.2896 4.4448 1
26.0384 3.792 1


24.464 -15.648 1
26.0384 3.792 1


28.9312 -1.6128 1
26.0384 3.792 1


19.3504 -8.5056 1
26.0384 3.792 1


-14.9232 -10.1808 1
-24.1776 1.008 1


-32.664 -12.0672 1
-24.1776 1.008 1


-22.2448 -11.0064 1
-24.1776 1.008 1


-23.5024 -18.1776 1
-24.1776 1.008 1


-13.9808 -11.232 1
-24.1776 1.008 1


-27.6896 0.0911987 1
-24.1776 1.008 1


-21.0384 -5.256 1
-24.1776 1.008 1


-39.3824 9.3312 1
-24.1776 1.008 1


-25.0944 -12.3504 1
-24.1776 1.008 1


-29.5936 -11.6304 1
-24.1776 1.008 1


-29.9776 5.3856 1
-24.1776 1.008 1


-20.1536 -8.3376 1
-24.1776 1.008 1


-23.7472 -5.1696 1
-24.1776 1.008 1


-36.4128 11.9616 1
-24.1776 1.008 1


-28.728 5.3424 1
-24.1776 1.008 1


-22.4816 -14.064 1
-24.1776 1.008 1


-30.9456 -3.4992 1
-24.1776 1.008 1


-14.9232 -10.1808 1
-22.7248 2.9664 1


-32.664 -12.0672 1
-22.7248 2.9664 1


-22.2448 -11.0064 1
-22.7248 2.9664 1


-13.9808 -11.232 1
-22.7248 2.9664 1


-27.6896 0.0911987 1
-22.7248 2.9664 1


-21.0384 -5.256 1
-22.7248 2.9664 1


-39.3824 9.3312 1
-22.7248 2.9664 1


-25.0944 -12.3504 1
-22.7248 2.9664 1


-29.5936 -11.6304 1
-22.7248 2.9664 1


-29.9776 5.3856 1
-22.7248 2.9664 1


-20.1536 -8.3376 1
-22.7248 2.9664 1


-23.7472 -5.1696 1
-22.7248 2.9664 1


-36.4128 11.9616 1
-22.7248 2.9664 1


-28.728 5.3424 1
-22.7248 2.9664 1


-22.4816 -14.064 1
-22.7248 2.9664 1


-30.9456 -3.4992 1
-22.7248 2.9664 1


-27.6896 0.0911987 1
-23.5984 10.8144 1


-21.0384 -5.256 1
-23.5984 10.8144 1


-39.3824 9.3312 1
-23.5984 10.8144 1


-29.9776 5.3856 1
-23.5984 10.8144 1


-20.1536 -8.3376 1
-23.5984 10.8144 1


-23.7472 -5.1696 1
-23.5984 10.8144 1


-36.4128 11.9616 1
-23.5984 10.8144 1


-28.728 5.3424 1
-23.5984 10.8144 1


-30.9456 -3.4992 1
-23.5984 10.8144 1


-14.9232 -10.1808 1
-22.5968 -2.6208 1


-32.664 -12.0672 1
-22.5968 -2.6208 1


-22.2448 -11.0064 1
-22.5968 -2.6208 1


-23.5024 -18.1776 1
-22.5968 -2.6208 1


-13.9808 -11.232 1
-22.5968 -2.6208 1


-27.6896 0.0911987 1
-22.5968 -2.6208 1


-21.0384 -5.256 1
-22.5968 -2.6208 1


-25.0944 -12.3504 1
-22.5968 -2.6208 1


-29.5936 -11.6304 1
-22.5968 -2.6208 1


-29.9776 5.3856 1
-22.5968 -2.6208 1


-20.1536 -8.3376 1
-22.5968 -2.6208 1


-17.1696 -18.4512 1
-22.5968 -2.6208 1


-31.9344 -19.824 1
-22.5968 -2.6208 1


-23.7472 -5.1696 1
-22.5968 -2.6208 1


-28.728 5.3424 1
-22.5968 -2.6208 1


-22.4816 -14.064 1
-22.5968 -2.6208 1


-30.9456 -3.4992 1
-22.5968 -2.6208 1


-21.128 -20.6672 1
-22.5968 -2.6208 1


-14.4 -19.84 1
-22.5968 -2.6208 1


-27.6896 0.0911987 1
-27.2064 14.8272 1


-39.3824 9.3312 1
-27.2064 14.8272 1


-29.9776 5.3856 1
-27.2064 14.8272 1


-36.4128 11.9616 1
-27.2064 14.8272 1


-28.728 5.3424 1
-27.2064 14.8272 1


-30.9456 -3.4992 1
-27.2064 14.8272 1


-42.776 26.008 1
-27.2064 14.8272 1


-14.9232 -10.1808 1
-18.6896 6.8304 1


-22.2448 -11.0064 1
-18.6896 6.8304 1


-13.9808 -11.232 1
-18.6896 6.8304 1


-27.6896 0.0911987 1
-18.6896 6.8304 1


-21.0384 -5.256 1
-18.6896 6.8304 1


-29.9776 5.3856 1
-18.6896 6.8304 1


-20.1536 -8.3376 1
-18.6896 6.8304 1


-23.7472 -5.1696 1
-18.6896 6.8304 1


-36.4128 11.9616 1
-18.6896 6.8304 1


-28.728 5.3424 1
-18.6896 6.8304 1


-30.9456 -3.4992 1
-18.6896 6.8304 1


-14.9232 -10.1808 1
-25.3232 5.4864 1


-32.664 -12.0672 1
-25.3232 5.4864 1


-22.2448 -11.0064 1
-25.3232 5.4864 1


-27.6896 0.0911987 1
-25.3232 5.4864 1


-21.0384 -5.256 1
-25.3232 5.4864 1


-39.3824 9.3312 1
-25.3232 5.4864 1


-25.0944 -12.3504 1
-25.3232 5.4864 1


-29.5936 -11.6304 1
-25.3232 5.4864 1


-29.9776 5.3856 1
-25.3232 5.4864 1


-20.1536 -8.3376 1
-25.3232 5.4864 1


-23.7472 -5.1696 1
-25.3232 5.4864 1


-36.4128 11.9616 1
-25.3232 5.4864 1


-28.728 5.3424 1
-25.3232 5.4864 1


-22.4816 -14.064 1
-25.3232 5.4864 1


-30.9456 -3.4992 1
-25.3232 5.4864 1


-27.6896 0.0911987 1
-28.5376 13.4112 1


-39.3824 9.3312 1
-28.5376 13.4112 1


-29.9776 5.3856 1
-28.5376 13.4112 1


-23.7472 -5.1696 1
-28.5376 13.4112 1


-36.4128 11.9616 1
-28.5376 13.4112 1


-28.728 5.3424 1
-28.5376 13.4112 1


-30.9456 -3.4992 1
-28.5376 13.4112 1


-42.776 26.008 1
-28.5376 13.4112 1


-27.6896 0.0911987 1
-27.4016 17.8224 1


-39.3824 9.3312 1
-27.4016 17.8224 1


-29.9776 5.3856 1
-27.4016 17.8224 1


-36.4128 11.9616 1
-27.4016 17.8224 1


-28.728 5.3424 1
-27.4016 17.8224 1


-44.08 26.488 1
-27.4016 17.8224 1


-42.168 28.2944 1
-27.4016 17.8224 1


-42.776 26.008 1
-27.4016 17.8224 1


-27.6896 0.0911987 1
-19.88 11.0448 1


-21.0384 -5.256 1
-19.88 11.0448 1


-39.3824 9.3312 1
-19.88 11.0448 1


-29.9776 5.3856 1
-19.88 11.0448 1


-20.1536 -8.3376 1
-19.88 11.0448 1


-23.7472 -5.1696 1
-19.88 11.0448 1


-36.4128 11.9616 1
-19.88 11.0448 1


-28.728 5.3424 1
-19.88 11.0448 1


-30.9456 -3.4992 1
-19.88 11.0448 1


-27.6896 0.0911987 1
-30.5824 10.5024 1


-21.0384 -5.256 1
-30.5824 10.5024 1


-39.3824 9.3312 1
-30.5824 10.5024 1


-29.9776 5.3856 1
-30.5824 10.5024 1


-23.7472 -5.1696 1
-30.5824 10.5024 1


-36.4128 11.9616 1
-30.5824 10.5024 1


-28.728 5.3424 1
-30.5824 10.5024 1


-30.9456 -3.4992 1
-30.5824 10.5024 1


-42.776 26.008 1
-30.5824 10.5024 1


-27.6896 0.0911987 1
-29.0816 15.1344 1


-39.3824 9.3312 1
-29.0816 15.1344 1


-29.9776 5.3856 1
-29.0816 15.1344 1


-36.4128 11.9616 1
-29.0816 15.1344 1


-28.728 5.3424 1
-29.0816 15.1344 1


-30.9456 -3.4992 1
-29.0816 15.1344 1


-44.08 26.488 1
-29.0816 15.1344 1


-42.168 28.2944 1
-29.0816 15.1344 1


-42.776 26.008 1
-29.0816 15.1344 1


-47.816 20.9072 1
-29.0816 15.1344 1


-27.6896 0.0911987 1
-23.8032 18.4176 1


-39.3824 9.3312 1
-23.8032 18.4176 1


-29.9776 5.3856 1
-23.8032 18.4176 1


-36.4128 11.9616 1
-23.8032 18.4176 1


-28.728 5.3424 1
-23.8032 18.4176 1


-27.6896 0.0911987 1
-24.9984 9.768 1


-21.0384 -5.256 1
-24.9984 9.768 1


-39.3824 9.3312 1
-24.9984 9.768 1


-29.9776 5.3856 1
-24.9984 9.768 1


-20.1536 -8.3376 1
-24.9984 9.768 1


-23.7472 -5.1696 1
-24.9984 9.768 1


-36.4128 11.9616 1
-24.9984 9.768 1


-28.728 5.3424 1
-24.9984 9.768 1


-30.9456 -3.4992 1
-24.9984 9.768 1


-27.6896 0.0911987 1
-29.5696 18.8688 1


-39.3824 9.3312 1
-29.5696 18.8688 1


-29.9776 5.3856 1
-29.5696 18.8688 1


-36.4128 11.9616 1
-29.5696 18.8688 1


-28.728 5.3424 1
-29.5696 18.8688 1


-44.08 26.488 1
-29.5696 18.8688 1


-42.168 28.2944 1
-29.5696 18.8688 1


-42.776 26.008 1
-29.5696 18.8688 1


-47.816 20.9072 1
-29.5696 18.8688 1


-14.9232 -10.1808 1
-26.68 5.0544 1


-32.664 -12.0672 1
-26.68 5.0544 1


-22.2448 -11.0064 1
-26.68 5.0544 1


-27.6896 0.0911987 1
-26.68 5.0544 1


-21.0384 -5.256 1
-26.68 5.0544 1


-39.3824 9.3312 1
-26.68 5.0544 1


-25.0944 -12.3504 1
-26.68 5.0544 1


-29.5936 -11.6304 1
-26.68 5.0544 1


-29.9776 5.3856 1
-26.68 5.0544 1


-20.1536 -8.3376 1
-26.68 5.0544 1


-23.7472 -5.1696 1
-26.68 5.0544 1


-36.4128 11.9616 1
-26.68 5.0544 1


-28.728 5.3424 1
-26.68 5.0544 1


-22.4816 -14.064 1
-26.68 5.0544 1


-30.9456 -3.4992 1
-26.68 5.0544 1


-14.9232 -10.1808 1
-26.744 5.45279 1


-32.664 -12.0672 1
-26.744 5.45279 1


-22.2448 -11.0064 1
-26.744 5.45279 1


-27.6896 0.0911987 1
-26.744 5.45279 1


-21.0384 -5.256 1
-26.744 5.45279 1


-39.3824 9.3312 1
-26.744 5.45279 1


-25.0944 -12.3504 1
-26.744 5.45279 1


-29.5936 -11.6304 1
-26.744 5.45279 1


-29.9776 5.3856 1
-26.744 5.45279 1


-20.1536 -8.3376 1
-26.744 5.45279 1


-23.7472 -5.1696 1
-26.744 5.45279 1


-36.4128 11.9616 1
-26.744 5.45279 1


-28.728 5.3424 1
-26.744 5.45279 1


-22.4816 -14.064 1
-26.744 5.45279 1


-30.9456 -3.4992 1
-26.744 5.45279 1


-14.9232 -10.1808 1
-17.0272 6.84 1


-22.2448 -11.0064 1
-17.0272 6.84 1


-13.9808 -11.232 1
-17.0272 6.84 1


-27.6896 0.0911987 1
-17.0272 6.84 1


-21.0384 -5.256 1
-17.0272 6.84 1


-29.9776 5.3856 1
-17.0272 6.84 1


-20.1536 -8.3376 1
-17.0272 6.84 1


-23.7472 -5.1696 1
-17.0272 6.84 1


-28.728 5.3424 1
-17.0272 6.84 1


-30.9456 -3.4992 1
-17.0272 6.84 1


-1.0352 -14.5152 1
-17.0208 -3.4704 1


-14.9232 -10.1808 1
-17.0208 -3.4704 1


-32.664 -12.0672 1
-17.0208 -3.4704 1


-22.2448 -11.0064 1
-17.0208 -3.4704 1


-23.5024 -18.1776 1
-17.0208 -3.4704 1


-13.9808 -11.232 1
-17.0208 -3.4704 1


-27.6896 0.0911987 1
-17.0208 -3.4704 1


-21.0384 -5.256 1
-17.0208 -3.4704 1


-25.0944 -12.3504 1
-17.0208 -3.4704 1


-29.5936 -11.6304 1
-17.0208 -3.4704 1


-29.9776 5.3856 1
-17.0208 -3.4704 1


-20.1536 -8.3376 1
-17.0208 -3.4704 1


-17.1696 -18.4512 1
-17.0208 -3.4704 1


-23.7472 -5.1696 1
-17.0208 -3.4704 1


-28.728 5.3424 1
-17.0208 -3.4704 1


-22.4816 -14.064 1
-17.0208 -3.4704 1


-30.9456 -3.4992 1
-17.0208 -3.4704 1


-21.128 -20.6672 1
-17.0208 -3.4704 1


-14.4 -19.84 1
-17.0208 -3.4704 1


-7.896 -18.3328 1
-17.0208 -3.4704 1


-13.656 -21.5456 1
-17.0208 -3.4704 1


-21.344 -22.7408 1
-17.0208 -3.4704 1


-14.9232 -10.1808 1
-21.6112 -2.2032 1


-32.664 -12.0672 1
-21.6112 -2.2032 1


-22.2448 -11.0064 1
-21.6112 -2.2032 1


-23.5024 -18.1776 1
-21.6112 -2.2032 1


-13.9808 -11.232 1
-21.6112 -2.2032 1


-27.6896 0.0911987 1
-21.6112 -2.2032 1


-21.0384 -5.256 1
-21.6112 -2.2032 1


-25.0944 -12.3504 1
-21.6112 -2.2032 1


-29.5936 -11.6304 1
-21.6112 -2.2032 1


-29.9776 5.3856 1
-21.6112 -2.2032 1


-20.1536 -8.3376 1
-21.6112 -2.2032 1


-17.1696 -18.4512 1
-21.6112 -2.2032 1


-23.7472 -5.1696 1
-21.6112 -2.2032 1


-28.728 5.3424 1
-21.6112 -2.2032 1


-22.4816 -14.064 1
-21.6112 -2.2032 1


-30.9456 -3.4992 1
-21.6112 -2.2032 1


-21.128 -20.6672 1
-21.6112 -2.2032 1


-14.4 -19.84 1
-21.6112 -2.2032 1


-14.9232 -10.1808 1
-22.6288 6.5952 1


-22.2448 -11.0064 1
-22.6288 6.5952 1


-13.9808 -11.232 1
-22.6288 6.5952 1


-27.6896 0.0911987 1
-22.6288 6.5952 1


-21.0384 -5.256 1
-22.6288 6.5952 1


-39.3824 9.3312 1
-22.6288 6.5952 1


-25.0944 -12.3504 1
-22.6288 6.5952 1


-29.5936 -11.6304 1
-22.6288 6.5952 1


-29.9776 5.3856 1
-22.6288 6.5952 1


-20.1536 -8.3376 1
-22.6288 6.5952 1


-23.7472 -5.1696 1
-22.6288 6.5952 1


-36.4128 11.9616 1
-22.6288 6.5952 1


-28.728 5.3424 1
-22.6288 6.5952 1


-30.9456 -3.4992 1
-22.6288 6.5952 1


31.464 46.3792 1
24.944 36.3968 1


31.464 46.3792 1
27.28 30.8384 1


-39.3824 9.3312 1
-32.76 26.5552 1


-36.4128 11.9616 1
-32.76 26.5552 1


-44.08 26.488 1
-32.76 26.5552 1


-42.168 28.2944 1
-32.76 26.5552 1


-42.776 26.008 1
-32.76 26.5552 1


-47.816 20.9072 1
-32.76 26.5552 1


31.624 4.5312 1
23.832 21.4672 1


32.976 5.304 1
23.832 21.4672 1


30.7328 4.2048 1
23.832 21.4672 1


35.3088 5.54879 1
23.832 21.4672 1


48.056 34.8624 1
38.488 25.9872 1


56.088 30.2864 1
38.488 25.9872 1


47.944 16.3232 1
38.488 25.9872 1


-44.08 26.488 1
-32 37.9792 1


-42.168 28.2944 1
-32 37.9792 1


-42.776 26.008 1
-32 37.9792 1


-39.3824 9.3312 1
-30.752 20.2288 1


-29.9776 5.3856 1
-30.752 20.2288 1


-36.4128 11.9616 1
-30.752 20.2288 1


-28.728 5.3424 1
-30.752 20.2288 1


-44.08 26.488 1
-30.752 20.2288 1


-42.168 28.2944 1
-30.752 20.2288 1


-42.776 26.008 1
-30.752 20.2288 1


-47.816 20.9072 1
-30.752 20.2288 1


-39.3824 9.3312 1
-27.184 22.3216 1


-29.9776 5.3856 1
-27.184 22.3216 1


-36.4128 11.9616 1
-27.184 22.3216 1


-28.728 5.3424 1
-27.184 22.3216 1


-44.08 26.488 1
-27.184 22.3216 1


-42.168 28.2944 1
-27.184 22.3216 1


-42.776 26.008 1
-27.184 22.3216 1


48.056 34.8624 1
28.96 31.0448 1


31.464 46.3792 1
28.96 31.0448 1


-14.5152 -42.6432 1
-1.0672 -30.768 1


-20.808 -32.4816 1
-1.0672 -30.768 1


-1.504 -31.6496 1
-1.0672 -30.768 1


-16.304 -26.3888 1
-1.0672 -30.768 1


10.4 -30.4576 1
-1.0672 -30.768 1


6.79998 -39.6592 1
-1.0672 -30.768 1


-10.944 -32.744 1
-1.0672 -30.768 1


-19.776 -29.6112 1
-1.0672 -30.768 1


-9.25601 -33.36 1
-1.0672 -30.768 1


-5.184 -37.0528 1
-1.0672 -30.768 1


-18.384 -28.5808 1
-1.0672 -30.768 1


-18.888 -29.3152 1
-1.0672 -30.768 1


12.52 -32.5328 1
-1.0672 -30.768 1


-10.008 -37.8272 1
-1.0672 -30.768 1


-8.35201 -34.0864 1
-1.0672 -30.768 1


8.376 -39.272 1
-1.0672 -30.768 1


-2.824 -32.0224 1
-1.0672 -30.768 1


-19.072 -34.976 1
-1.0672 -30.768 1


10.176 -36.1808 1
-1.0672 -30.768 1


-3.76 -37.1936 1
-1.0672 -30.768 1


22.8976 -29.8512 1
3.9104 -27.8208 1


-1.504 -31.6496 1
3.9104 -27.8208 1


10.4 -30.4576 1
3.9104 -27.8208 1


6.79998 -39.6592 1
3.9104 -27.8208 1


-10.944 -32.744 1
3.9104 -27.8208 1


-9.25601 -33.36 1
3.9104 -27.8208 1


-5.184 -37.0528 1
3.9104 -27.8208 1


12.52 -32.5328 1
3.9104 -27.8208 1


-10.008 -37.8272 1
3.9104 -27.8208 1


-8.35201 -34.0864 1
3.9104 -27.8208 1


8.376 -39.272 1
3.9104 -27.8208 1


-2.824 -32.0224 1
3.9104 -27.8208 1


19.96 -32.8064 1
3.9104 -27.8208 1


10.176 -36.1808 1
3.9104 -27.8208 1


-3.76 -37.1936 1
3.9104 -27.8208 1


22.8976 -29.8512 1
7.6848 -19.5504 1


-1.504 -31.6496 1
7.6848 -19.5504 1


10.4 -30.4576 1
7.6848 -19.5504 1


12.52 -32.5328 1
7.6848 -19.5504 1


8.376 -39.272 1
7.6848 -19.5504 1


-2.824 -32.0224 1
7.6848 -19.5504 1


19.96 -32.8064 1
7.6848 -19.5504 1


10.176 -36.1808 1
7.6848 -19.5504 1


-1.504 -31.6496 1
1.9408 -24.9504 1


-16.304 -26.3888 1
1.9408 -24.9504 1


10.4 -30.4576 1
1.9408 -24.9504 1


6.79998 -39.6592 1
1.9408 -24.9504 1


-10.944 -32.744 1
1.9408 -24.9504 1


-9.25601 -33.36 1
1.9408 -24.9504 1


-5.184 -37.0528 1
1.9408 -24.9504 1


12.52 -32.5328 1
1.9408 -24.9504 1


-10.008 -37.8272 1
1.9408 -24.9504 1


-8.35201 -34.0864 1
1.9408 -24.9504 1


8.376 -39.272 1
1.9408 -24.9504 1


-2.824 -32.0224 1
1.9408 -24.9504 1


19.96 -32.8064 1
1.9408 -24.9504 1


10.176 -36.1808 1
1.9408 -24.9504 1


-3.76 -37.1936 1
1.9408 -24.9504 1


-1.504 -31.6496 1
-1.0352 -14.5152 1


-16.304 -26.3888 1
-1.0352 -14.5152 1


10.4 -30.4576 1
-1.0352 -14.5152 1


-2.824 -32.0224 1
-1.0352 -14.5152 1


30.8032 -26.1312 1
25.0128 -15.0672 1


22.8976 -29.8512 1
25.0128 -15.0672 1


26.3136 -31.2528 1
25.0128 -15.0672 1


37.232 -27.9408 1
25.0128 -15.0672 1


30.16 -32.4272 1
25.0128 -15.0672 1


19.96 -32.8064 1
25.0128 -15.0672 1


30.8032 -26.1312 1
23.144 -17.4336 1


22.8976 -29.8512 1
23.144 -17.4336 1


29.8304 -34.6608 1
23.144 -17.4336 1


26.3136 -31.2528 1
23.144 -17.4336 1


37.232 -27.9408 1
23.144 -17.4336 1


10.4 -30.4576 1
23.144 -17.4336 1


30.16 -32.4272 1
23.144 -17.4336 1


12.52 -32.5328 1
23.144 -17.4336 1


19.96 -32.8064 1
23.144 -17.4336 1


26.248 -36.176 1
23.144 -17.4336 1


30.8032 -26.1312 1
23.5168 -11.0928 1


22.8976 -29.8512 1
23.5168 -11.0928 1


30.8032 -26.1312 1
17.816 -22.752 1


22.8976 -29.8512 1
17.816 -22.752 1


29.8304 -34.6608 1
17.816 -22.752 1


26.3136 -31.2528 1
17.816 -22.752 1


10.4 -30.4576 1
17.816 -22.752 1


30.16 -32.4272 1
17.816 -22.752 1


12.52 -32.5328 1
17.816 -22.752 1


8.376 -39.272 1
17.816 -22.752 1


19.96 -32.8064 1
17.816 -22.752 1


10.176 -36.1808 1
17.816 -22.752 1


26.248 -36.176 1
17.816 -22.752 1


30.8032 -26.1312 1
25.216 -13.5168 1


22.8976 -29.8512 1
25.216 -13.5168 1


26.3136 -31.2528 1
25.216 -13.5168 1


37.232 -27.9408 1
25.216 -13.5168 1


30.16 -32.4272 1
25.216 -13.5168 1


19.96 -32.8064 1
25.216 -13.5168 1


30.8032 -26.1312 1
31.7904 -10.9152 1


37.232 -27.9408 1
31.7904 -10.9152 1


30.8032 -26.1312 1
27.0224 -6.8304 1


30.8032 -26.1312 1
20.8752 -20.0352 1


22.8976 -29.8512 1
20.8752 -20.0352 1


29.8304 -34.6608 1
20.8752 -20.0352 1


26.3136 -31.2528 1
20.8752 -20.0352 1


37.232 -27.9408 1
20.8752 -20.0352 1


10.4 -30.4576 1
20.8752 -20.0352 1


30.16 -32.4272 1
20.8752 -20.0352 1


12.52 -32.5328 1
20.8752 -20.0352 1


19.96 -32.8064 1
20.8752 -20.0352 1


10.176 -36.1808 1
20.8752 -20.0352 1


26.248 -36.176 1
20.8752 -20.0352 1


30.8032 -26.1312 1
24.464 -15.648 1


22.8976 -29.8512 1
24.464 -15.648 1


29.8304 -34.6608 1
24.464 -15.648 1


26.3136 -31.2528 1
24.464 -15.648 1


37.232 -27.9408 1
24.464 -15.648 1


30.16 -32.4272 1
24.464 -15.648 1


19.96 -32.8064 1
24.464 -15.648 1


-29.648 -22.2864 1
-14.9232 -10.1808 1


-21.2224 -26.9184 1
-14.9232 -10.1808 1


-29.808 -21.8976 1
-14.9232 -10.1808 1


-16.304 -26.3888 1
-14.9232 -10.1808 1


-18.384 -28.5808 1
-14.9232 -10.1808 1


-18.888 -29.3152 1
-14.9232 -10.1808 1


-38.4464 -17.544 1
-32.664 -12.0672 1


-29.648 -22.2864 1
-32.664 -12.0672 1


-21.2224 -26.9184 1
-32.664 -12.0672 1


-27.768 -26.2064 1
-32.664 -12.0672 1


-29.808 -21.8976 1
-32.664 -12.0672 1


-28.016 -28.3088 1
-32.664 -12.0672 1


-36.32 -29.0688 1
-32.664 -12.0672 1


-31.408 -31.8832 1
-32.664 -12.0672 1


-38.4464 -17.544 1
-22.2448 -11.0064 1


-29.648 -22.2864 1
-22.2448 -11.0064 1


-21.2224 -26.9184 1
-22.2448 -11.0064 1


-27.768 -26.2064 1
-22.2448 -11.0064 1


-29.808 -21.8976 1
-22.2448 -11.0064 1


-16.304 -26.3888 1
-22.2448 -11.0064 1


-28.016 -28.3088 1
-22.2448 -11.0064 1


-19.776 -29.6112 1
-22.2448 -11.0064 1


-18.384 -28.5808 1
-22.2448 -11.0064 1


-18.888 -29.3152 1
-22.2448 -11.0064 1


-38.4464 -17.544 1
-23.5024 -18.1776 1


-29.648 -22.2864 1
-23.5024 -18.1776 1


-22.6016 -33.8496 1
-23.5024 -18.1776 1


-21.2224 -26.9184 1
-23.5024 -18.1776 1


-27.768 -26.2064 1
-23.5024 -18.1776 1


-20.808 -32.4816 1
-23.5024 -18.1776 1


-29.808 -21.8976 1
-23.5024 -18.1776 1


-16.304 -26.3888 1
-23.5024 -18.1776 1


-28.016 -28.3088 1
-23.5024 -18.1776 1


-36.32 -29.0688 1
-23.5024 -18.1776 1


-10.944 -32.744 1
-23.5024 -18.1776 1


-19.776 -29.6112 1
-23.5024 -18.1776 1


-18.384 -28.5808 1
-23.5024 -18.1776 1


-18.888 -29.3152 1
-23.5024 -18.1776 1


-31.408 -31.8832 1
-23.5024 -18.1776 1


-19.072 -34.976 1
-23.5024 -18.1776 1


-29.648 -22.2864 1
-13.9808 -11.232 1


-21.2224 -26.9184 1
-13.9808 -11.232 1


-29.808 -21.8976 1
-13.9808 -11.232 1


-16.304 -26.3888 1
-13.9808 -11.232 1


-19.776 -29.6112 1
-13.9808 -11.232 1


-18.384 -28.5808 1
-13.9808 -11.232 1


-18.888 -29.3152 1
-13.9808 -11.232 1


-29.648 -22.2864 1
-21.0384 -5.256 1


-29.808 -21.8976 1
-21.0384 -5.256 1


-38.4464 -17.544 1
-25.0944 -12.3504 1


-29.648 -22.2864 1
-25.0944 -12.3504 1


-21.2224 -26.9184 1
-25.0944 -12.3504 1


-27.768 -26.2064 1
-25.0944 -12.3504 1


-29.808 -21.8976 1
-25.0944 -12.3504 1


-16.304 -26.3888 1
-25.0944 -12.3504 1


-28.016 -28.3088 1
-25.0944 -12.3504 1


-19.776 -29.6112 1
-25.0944 -12.3504 1


-18.384 -28.5808 1
-25.0944 -12.3504 1


-18.888 -29.3152 1
-25.0944 -12.3504 1


-38.4464 -17.544 1
-29.5936 -11.6304 1


-29.648 -22.2864 1
-29.5936 -11.6304 1


-21.2224 -26.9184 1
-29.5936 -11.6304 1


-27.768 -26.2064 1
-29.5936 -11.6304 1


-29.808 -21.8976 1
-29.5936 -11.6304 1


-16.304 -26.3888 1
-29.5936 -11.6304 1


-28.016 -28.3088 1
-29.5936 -11.6304 1


-36.32 -29.0688 1
-29.5936 -11.6304 1


-29.648 -22.2864 1
-20.1536 -8.3376 1


-21.2224 -26.9184 1
-20.1536 -8.3376 1


-27.768 -26.2064 1
-20.1536 -8.3376 1


-29.808 -21.8976 1
-20.1536 -8.3376 1


-16.304 -26.3888 1
-20.1536 -8.3376 1


-29.648 -22.2864 1
-17.1696 -18.4512 1


-22.6016 -33.8496 1
-17.1696 -18.4512 1


-21.2224 -26.9184 1
-17.1696 -18.4512 1


-27.768 -26.2064 1
-17.1696 -18.4512 1


-20.808 -32.4816 1
-17.1696 -18.4512 1


-29.808 -21.8976 1
-17.1696 -18.4512 1


-16.304 -26.3888 1
-17.1696 -18.4512 1


-28.016 -28.3088 1
-17.1696 -18.4512 1


-10.944 -32.744 1
-17.1696 -18.4512 1


-19.776 -29.6112 1
-17.1696 -18.4512 1


-9.25601 -33.36 1
-17.1696 -18.4512 1


-18.384 -28.5808 1
-17.1696 -18.4512 1


-18.888 -29.3152 1
-17.1696 -18.4512 1


-8.35201 -34.0864 1
-17.1696 -18.4512 1


-31.408 -31.8832 1
-17.1696 -18.4512 1


-2.824 -32.0224 1
-17.1696 -18.4512 1


-19.072 -34.976 1
-17.1696 -18.4512 1


-38.4464 -17.544 1
-31.9344 -19.824 1


-29.648 -22.2864 1
-31.9344 -19.824 1


-22.6016 -33.8496 1
-31.9344 -19.824 1


-21.2224 -26.9184 1
-31.9344 -19.824 1


-27.6896 -37.8192 1
-31.9344 -19.824 1


-27.768 -26.2064 1
-31.9344 -19.824 1


-20.808 -32.4816 1
-31.9344 -19.824 1


-29.808 -21.8976 1
-31.9344 -19.824 1


-16.304 -26.3888 1
-31.9344 -19.824 1


-28.016 -28.3088 1
-31.9344 -19.824 1


-36.32 -29.0688 1
-31.9344 -19.824 1


-19.776 -29.6112 1
-31.9344 -19.824 1


-18.384 -28.5808 1
-31.9344 -19.824 1


-18.888 -29.3152 1
-31.9344 -19.824 1


-31.408 -31.8832 1
-31.9344 -19.824 1


-19.072 -34.976 1
-31.9344 -19.824 1


-38.4464 -17.544 1
-23.7472 -5.1696 1


-29.648 -22.2864 1
-23.7472 -5.1696 1


-29.808 -21.8976 1
-23.7472 -5.1696 1


-38.4464 -17.544 1
-22.4816 -14.064 1


-29.648 -22.2864 1
-22.4816 -14.064 1


-22.6016 -33.8496 1
-22.4816 -14.064 1


-21.2224 -26.9184 1
-22.4816 -14.064 1


-27.768 -26.2064 1
-22.4816 -14.064 1


-20.808 -32.4816 1
-22.4816 -14.064 1


-29.808 -21.8976 1
-22.4816 -14.064 1


-16.304 -26.3888 1
-22.4816 -14.064 1


-28.016 -28.3088 1
-22.4816 -14.064 1


-19.776 -29.6112 1
-22.4816 -14.064 1


-18.384 -28.5808 1
-22.4816 -14.064 1


-18.888 -29.3152 1
-22.4816 -14.064 1


-31.408 -31.8832 1
-22.4816 -14.064 1


-38.4464 -17.544 1
-30.9456 -3.4992 1


-29.648 -22.2864 1
-30.9456 -3.4992 1


-29.808 -21.8976 1
-30.9456 -3.4992 1


-38.4464 -17.544 1
-21.128 -20.6672 1


-29.648 -22.2864 1
-21.128 -20.6672 1


-22.6016 -33.8496 1
-21.128 -20.6672 1


-21.2224 -26.9184 1
-21.128 -20.6672 1


-27.6896 -37.8192 1
-21.128 -20.6672 1


-27.768 -26.2064 1
-21.128 -20.6672 1


-20.808 -32.4816 1
-21.128 -20.6672 1


-29.808 -21.8976 1
-21.128 -20.6672 1


-16.304 -26.3888 1
-21.128 -20.6672 1


-28.016 -28.3088 1
-21.128 -20.6672 1


-36.32 -29.0688 1
-21.128 -20.6672 1


-10.944 -32.744 1
-21.128 -20.6672 1


-19.776 -29.6112 1
-21.128 -20.6672 1


-9.25601 -33.36 1
-21.128 -20.6672 1


-18.384 -28.5808 1
-21.128 -20.6672 1


-18.888 -29.3152 1
-21.128 -20.6672 1


-8.35201 -34.0864 1
-21.128 -20.6672 1


-31.408 -31.8832 1
-21.128 -20.6672 1


-19.072 -34.976 1
-21.128 -20.6672 1


-29.648 -22.2864 1
-14.4 -19.84 1


-22.6016 -33.8496 1
-14.4 -19.84 1


-21.2224 -26.9184 1
-14.4 -19.84 1


-27.768 -26.2064 1
-14.4 -19.84 1


-20.808 -32.4816 1
-14.4 -19.84 1


-1.504 -31.6496 1
-14.4 -19.84 1


-29.808 -21.8976 1
-14.4 -19.84 1


-16.304 -26.3888 1
-14.4 -19.84 1


-28.016 -28.3088 1
-14.4 -19.84 1


-10.944 -32.744 1
-14.4 -19.84 1


-19.776 -29.6112 1
-14.4 -19.84 1


-9.25601 -33.36 1
-14.4 -19.84 1


-5.184 -37.0528 1
-14.4 -19.84 1


-18.384 -28.5808 1
-14.4 -19.84 1


-18.888 -29.3152 1
-14.4 -19.84 1


-10.008 -37.8272 1
-14.4 -19.84 1


-8.35201 -34.0864 1
-14.4 -19.84 1


-2.824 -32.0224 1
-14.4 -19.84 1


-19.072 -34.976 1
-14.4 -19.84 1


-21.2224 -26.9184 1
-7.896 -18.3328 1


-20.808 -32.4816 1
-7.896 -18.3328 1


-1.504 -31.6496 1
-7.896 -18.3328 1


-16.304 -26.3888 1
-7.896 -18.3328 1


-10.944 -32.744 1
-7.896 -18.3328 1


-19.776 -29.6112 1
-7.896 -18.3328 1


-9.25601 -33.36 1
-7.896 -18.3328 1


-5.184 -37.0528 1
-7.896 -18.3328 1


-18.384 -28.5808 1
-7.896 -18.3328 1


-18.888 -29.3152 1
-7.896 -18.3328 1


-10.008 -37.8272 1
-7.896 -18.3328 1


-8.35201 -34.0864 1
-7.896 -18.3328 1


-2.824 -32.0224 1
-7.896 -18.3328 1


-3.76 -37.1936 1
-7.896 -18.3328 1


22.8976 -29.8512 1
7.976 -18.6272 1


-1.504 -31.6496 1
7.976 -18.6272 1


10.4 -30.4576 1
7.976 -18.6272 1


12.52 -32.5328 1
7.976 -18.6272 1


-2.824 -32.0224 1
7.976 -18.6272 1


19.96 -32.8064 1
7.976 -18.6272 1


10.176 -36.1808 1
7.976 -18.6272 1


22.8976 -29.8512 1
8.672 -27.2064 1


26.3136 -31.2528 1
8.672 -27.2064 1


-1.504 -31.6496 1
8.672 -27.2064 1


10.4 -30.4576 1
8.672 -27.2064 1


6.79998 -39.6592 1
8.672 -27.2064 1


-9.25601 -33.36 1
8.672 -27.2064 1


-5.184 -37.0528 1
8.672 -27.2064 1


12.52 -32.5328 1
8.672 -27.2064 1


-8.35201 -34.0864 1
8.672 -27.2064 1


8.376 -39.272 1
8.672 -27.2064 1


-2.824 -32.0224 1
8.672 -27.2064 1


19.96 -32.8064 1
8.672 -27.2064 1


10.176 -36.1808 1
8.672 -27.2064 1


26.248 -36.176 1
8.672 -27.2064 1


-3.76 -37.1936 1
8.672 -27.2064 1


30.8032 -26.1312 1
16.32 -17.32 1


22.8976 -29.8512 1
16.32 -17.32 1


26.3136 -31.2528 1
16.32 -17.32 1


10.4 -30.4576 1
16.32 -17.32 1


12.52 -32.5328 1
16.32 -17.32 1


19.96 -32.8064 1
16.32 -17.32 1


10.176 -36.1808 1
16.32 -17.32 1


-29.648 -22.2864 1
-11.92 -26.904 1


-22.6016 -33.8496 1
-11.92 -26.904 1


-21.2224 -26.9184 1
-11.92 -26.904 1


-14.5152 -42.6432 1
-11.92 -26.904 1


-27.6896 -37.8192 1
-11.92 -26.904 1


-27.768 -26.2064 1
-11.92 -26.904 1


-20.808 -32.4816 1
-11.92 -26.904 1


-1.504 -31.6496 1
-11.92 -26.904 1


-29.808 -21.8976 1
-11.92 -26.904 1


-16.304 -26.3888 1
-11.92 -26.904 1


-28.016 -28.3088 1
-11.92 -26.904 1


-10.944 -32.744 1
-11.92 -26.904 1


-19.776 -29.6112 1
-11.92 -26.904 1


-9.25601 -33.36 1
-11.92 -26.904 1


-5.184 -37.0528 1
-11.92 -26.904 1


-18.384 -28.5808 1
-11.92 -26.904 1


-18.888 -29.3152 1
-11.92 -26.904 1


-10.008 -37.8272 1
-11.92 -26.904 1


-8.35201 -34.0864 1
-11.92 -26.904 1


-2.824 -32.0224 1
-11.92 -26.904 1


-19.072 -34.976 1
-11.92 -26.904 1


-3.76 -37.1936 1
-11.92 -26.904 1


22.8976 -29.8512 1
9.408 -29.0992 1


26.3136 -31.2528 1
9.408 -29.0992 1


-1.504 -31.6496 1
9.408 -29.0992 1


10.4 -30.4576 1
9.408 -29.0992 1


6.79998 -39.6592 1
9.408 -29.0992 1


-9.25601 -33.36 1
9.408 -29.0992 1


-5.184 -37.0528 1
9.408 -29.0992 1


12.52 -32.5328 1
9.408 -29.0992 1


-8.35201 -34.0864 1
9.408 -29.0992 1


8.376 -39.272 1
9.408 -29.0992 1


-2.824 -32.0224 1
9.408 -29.0992 1


19.96 -32.8064 1
9.408 -29.0992 1


10.176 -36.1808 1
9.408 -29.0992 1


26.248 -36.176 1
9.408 -29.0992 1


-3.76 -37.1936 1
9.408 -29.0992 1


-1.504 -31.6496 1
0.824003 -28.1088 1


-16.304 -26.3888 1
0.824003 -28.1088 1


10.4 -30.4576 1
0.824003 -28.1088 1


6.79998 -39.6592 1
0.824003 -28.1088 1


-10.944 -32.744 1
0.824003 -28.1088 1


-9.25601 -33.36 1
0.824003 -28.1088 1


-5.184 -37.0528 1
0.824003 -28.1088 1


-18.384 -28.5808 1
0.824003 -28.1088 1


-18.888 -29.3152 1
0.824003 -28.1088 1


12.52 -32.5328 1
0.824003 -28.1088 1


-10.008 -37.8272 1
0.824003 -28.1088 1


-8.35201 -34.0864 1
0.824003 -28.1088 1


8.376 -39.272 1
0.824003 -28.1088 1


-2.824 -32.0224 1
0.824003 -28.1088 1


19.96 -32.8064 1
0.824003 -28.1088 1


10.176 -36.1808 1
0.824003 -28.1088 1


-3.76 -37.1936 1
0.824003 -28.1088 1


30.8032 -26.1312 1
20.328 -24.3888 1


22.8976 -29.8512 1
20.328 -24.3888 1


29.8304 -34.6608 1
20.328 -24.3888 1


26.3136 -31.2528 1
20.328 -24.3888 1


37.232 -27.9408 1
20.328 -24.3888 1


10.4 -30.4576 1
20.328 -24.3888 1


30.16 -32.4272 1
20.328 -24.3888 1


12.52 -32.5328 1
20.328 -24.3888 1


8.376 -39.272 1
20.328 -24.3888 1


19.96 -32.8064 1
20.328 -24.3888 1


10.176 -36.1808 1
20.328 -24.3888 1


26.248 -36.176 1
20.328 -24.3888 1


-29.648 -22.2864 1
-13.496 -25.4672 1


-22.6016 -33.8496 1
-13.496 -25.4672 1


-21.2224 -26.9184 1
-13.496 -25.4672 1


-14.5152 -42.6432 1
-13.496 -25.4672 1


-27.6896 -37.8192 1
-13.496 -25.4672 1


-27.768 -26.2064 1
-13.496 -25.4672 1


-20.808 -32.4816 1
-13.496 -25.4672 1


-1.504 -31.6496 1
-13.496 -25.4672 1


-29.808 -21.8976 1
-13.496 -25.4672 1


-16.304 -26.3888 1
-13.496 -25.4672 1


-28.016 -28.3088 1
-13.496 -25.4672 1


-10.944 -32.744 1
-13.496 -25.4672 1


-19.776 -29.6112 1
-13.496 -25.4672 1


-9.25601 -33.36 1
-13.496 -25.4672 1


-5.184 -37.0528 1
-13.496 -25.4672 1


-18.384 -28.5808 1
-13.496 -25.4672 1


-18.888 -29.3152 1
-13.496 -25.4672 1


-10.008 -37.8272 1
-13.496 -25.4672 1


-8.35201 -34.0864 1
-13.496 -25.4672 1


-31.408 -31.8832 1
-13.496 -25.4672 1


-2.824 -32.0224 1
-13.496 -25.4672 1


-19.072 -34.976 1
-13.496 -25.4672 1


-3.76 -37.1936 1
-13.496 -25.4672 1


22.8976 -29.8512 1
4.912 -26.888 1


-1.504 -31.6496 1
4.912 -26.888 1


10.4 -30.4576 1
4.912 -26.888 1


6.79998 -39.6592 1
4.912 -26.888 1


-10.944 -32.744 1
4.912 -26.888 1


-9.25601 -33.36 1
4.912 -26.888 1


-5.184 -37.0528 1
4.912 -26.888 1


12.52 -32.5328 1
4.912 -26.888 1


-10.008 -37.8272 1
4.912 -26.888 1


-8.35201 -34.0864 1
4.912 -26.888 1


8.376 -39.272 1
4.912 -26.888 1


-2.824 -32.0224 1
4.912 -26.888 1


19.96 -32.8064 1
4.912 -26.888 1


10.176 -36.1808 1
4.912 -26.888 1


-3.76 -37.1936 1
4.912 -26.888 1


-29.648 -22.2864 1
-13.656 -21.5456 1


-22.6016 -33.8496 1
-13.656 -21.5456 1


-21.2224 -26.9184 1
-13.656 -21.5456 1


-27.768 -26.2064 1
-13.656 -21.5456 1


-20.808 -32.4816 1
-13.656 -21.5456 1


-1.504 -31.6496 1
-13.656 -21.5456 1


-29.808 -21.8976 1
-13.656 -21.5456 1


-16.304 -26.3888 1
-13.656 -21.5456 1


-28.016 -28.3088 1
-13.656 -21.5456 1


-10.944 -32.744 1
-13.656 -21.5456 1


-19.776 -29.6112 1
-13.656 -21.5456 1


-9.25601 -33.36 1
-13.656 -21.5456 1


-5.184 -37.0528 1
-13.656 -21.5456 1


-18.384 -28.5808 1
-13.656 -21.5456 1


-18.888 -29.3152 1
-13.656 -21.5456 1


-10.008 -37.8272 1
-13.656 -21.5456 1


-8.35201 -34.0864 1
-13.656 -21.5456 1


-2.824 -32.0224 1
-13.656 -21.5456 1


-19.072 -34.976 1
-13.656 -21.5456 1


-3.76 -37.1936 1
-13.656 -21.5456 1


30.8032 -26.1312 1
12.128 -22.9616 1


22.8976 -29.8512 1
12.128 -22.9616 1


26.3136 -31.2528 1
12.128 -22.9616 1


-1.504 -31.6496 1
12.128 -22.9616 1


10.4 -30.4576 1
12.128 -22.9616 1


6.79998 -39.6592 1
12.128 -22.9616 1


12.52 -32.5328 1
12.128 -22.9616 1


8.376 -39.272 1
12.128 -22.9616 1


-2.824 -32.0224 1
12.128 -22.9616 1


19.96 -32.8064 1
12.128 -22.9616 1


10.176 -36.1808 1
12.128 -22.9616 1


26.248 -36.176 1
12.128 -22.9616 1


22.8976 -29.8512 1
8.008 -26.376 1


26.3136 -31.2528 1
8.008 -26.376 1


-1.504 -31.6496 1
8.008 -26.376 1


10.4 -30.4576 1
8.008 -26.376 1


6.79998 -39.6592 1
8.008 -26.376 1


-10.944 -32.744 1
8.008 -26.376 1


-9.25601 -33.36 1
8.008 -26.376 1


-5.184 -37.0528 1
8.008 -26.376 1


12.52 -32.5328 1
8.008 -26.376 1


-8.35201 -34.0864 1
8.008 -26.376 1


8.376 -39.272 1
8.008 -26.376 1


-2.824 -32.0224 1
8.008 -26.376 1


19.96 -32.8064 1
8.008 -26.376 1


10.176 -36.1808 1
8.008 -26.376 1


-3.76 -37.1936 1
8.008 -26.376 1


-38.4464 -17.544 1
-21.344 -22.7408 1


-29.648 -22.2864 1
-21.344 -22.7408 1


-22.6016 -33.8496 1
-21.344 -22.7408 1


-21.2224 -26.9184 1
-21.344 -22.7408 1


-27.6896 -37.8192 1
-21.344 -22.7408 1


-27.768 -26.2064 1
-21.344 -22.7408 1


-20.808 -32.4816 1
-21.344 -22.7408 1


-29.808 -21.8976 1
-21.344 -22.7408 1


-16.304 -26.3888 1
-21.344 -22.7408 1


-28.016 -28.3088 1
-21.344 -22.7408 1


-36.32 -29.0688 1
-21.344 -22.7408 1


-10.944 -32.744 1
-21.344 -22.7408 1


-19.776 -29.6112 1
-21.344 -22.7408 1


-9.25601 -33.36 1
-21.344 -22.7408 1


-18.384 -28.5808 1
-21.344 -22.7408 1


-18.888 -29.3152 1
-21.344 -22.7408 1


-10.008 -37.8272 1
-21.344 -22.7408 1


-8.35201 -34.0864 1
-21.344 -22.7408 1


-31.408 -31.8832 1
-21.344 -22.7408 1


-19.072 -34.976 1
-21.344 -22.7408 1


22.8976 -29.8512 1
6.39199 -25.7728 1


-1.504 -31.6496 1
6.39199 -25.7728 1


10.4 -30.4576 1
6.39199 -25.7728 1


6.79998 -39.6592 1
6.39199 -25.7728 1


-10.944 -32.744 1
6.39199 -25.7728 1


-9.25601 -33.36 1
6.39199 -25.7728 1


-5.184 -37.0528 1
6.39199 -25.7728 1


12.52 -32.5328 1
6.39199 -25.7728 1


-8.35201 -34.0864 1
6.39199 -25.7728 1


8.376 -39.272 1
6.39199 -25.7728 1


-2.824 -32.0224 1
6.39199 -25.7728 1


19.96 -32.8064 1
6.39199 -25.7728 1


10.176 -36.1808 1
6.39199 -25.7728 1


-3.76 -37.1936 1
6.39199 -25.7728 1


59.472 31.1344 1
48.056 34.8624 1


-56.672 36.576 1
-44.08 26.488 1


-56.672 36.576 1
-42.168 28.2944 1


69.536 35.5712 1
56.088 30.2864 1


68.4 25.904 1
56.088 30.2864 1


59.472 31.1344 1
56.088 30.2864 1


75.192 35.952 1
56.088 30.2864 1


-56.672 36.576 1
-42.776 26.008 1


-56.672 36.576 1
-47.816 20.9072 1


59.472 31.1344 1
47.944 16.3232 1


43.3552 -27.3168 1
30.8032 -26.1312 1


49.248 -22.2864 1
30.8032 -26.1312 1


43.3552 -27.3168 1
29.8304 -34.6608 1


43.3552 -27.3168 1
26.3136 -31.2528 1


43.3552 -27.3168 1
37.232 -27.9408 1


49.248 -22.2864 1
37.232 -27.9408 1


50.696 -30.8768 1
37.232 -27.9408 1


43.3552 -27.3168 1
30.16 -32.4272 1


43.3552 -27.3168 1
26.248 -36.176 1


-68.232 33.4672 1
-56.672 36.576 1


-64.528 -32.5216 1
-67.224 -30.4176 1


