1.5952 25.4112 0.0689189 3
-2.7952 13.6512 0.0981536 3
2.6768 6.0192 0.122039 3
-1.0672 -30.768 0.279328 2
-6.8256 13.4736 0.09954 3
7.064 33.1536 0.0563253 3
3.9104 -27.8208 0.262364 2
4.96 1.5744 0.137824 3
7.6848 -19.5504 0.225735 2
-1.3344 -4.40641 0.164567 3
6.0576 29.5008 0.0620533 3
3.5616 26.9232 0.0662384 3
7.2368 -7.7664 0.17498 2
-6.6976 20.5392 0.0797593 3
1.8384 3.0624 0.132929 3
-4.8288 41.472 0.0424882 3
-8.12 4.7136 0.130837 3
-5.5664 7.5888 0.118819 3
2.4144 22.4448 0.0753104 3
5.728 -3.696 0.158424 3
-5.464 -2.04 0.157092 3
-6.384 3.11999 0.136153 3
0.294401 -1.3152 0.15066 3
12.6752 -8.5488 0.17748 2
-0.491203 3.984 0.130176 3
4.8576 -7.4112 0.174293 2
2.6512 21.6864 0.0770385 3
-0.595203 -3.1392 0.158706 3
3.7792 1.5216 0.138266 3
5.4608 4.5984 0.126679 3
0.7216 18.96 0.0834042 3
-1.1152 -0.148802 0.146556 3
4.7776 29.76 0.0613108 3
-3.5216 14.8992 0.0945878 3
1.4544 10.6512 0.106804 3
-3.0672 -11.3136 0.197048 2
-0.441601 20.9808 0.0784615 3
-4.0288 17.3568 0.0877624 3
6.2784 -9.0576 0.180813 2
-5.376 -3.744 0.164507 3
-1.7296 3.312 0.133164 3
3.7584 24.2688 0.0715681 3
5.6672 -9.57599 0.183293 2
16.568 20.6016 0.0831739 3
8.5872 14.208 0.0965801 3
1.9408 -24.9504 0.25285 2
-3.3936 4.9728 0.127542 3
-1.0352 -14.5152 0.209891 2
-7.4432 1.9488 0.141551 3
2.8 -2.44801 0.154263 3
22.6096 24.0864 0.0790254 3
22.1888 35.0208 0.0599152 3
43.3552 -27.3168 0.293101 2
25.0128 -15.0672 0.209362 2
21.2336 34.9872 0.0594143 3
17.704 22.3152 0.0799585 3
23.144 -17.4336 0.217941 2
23.5168 -11.0928 0.191596 2
13.3712 -0.792 0.146575 3
31.4736 18.072 0.0996136 3
26.08 2.2992 0.141529 3
30.1376 -1.68 0.159936 3
29.824 4.6848 0.136806 3
31.6512 0.475199 0.153632 3
17.816 -22.752 0.237501 2
25.9456 -1.9104 0.156773 3
30.8032 -26.1312 0.26152 2
14.704 -3.7104 0.158052 3
19.5216 3.8208 0.131973 3
34.4 4.17118 0.143922 3
31.624 4.5312 0.139279 3
25.216 -13.5168 0.203002 2
31.7904 -10.9152 0.199039 2
15.9488 -5.16 0.164049 2
16.9088 7.1568 0.119784 3
12.752 21.552 0.0795618 3
16.5776 30.8592 0.0633965 3
32.976 5.304 0.138265 3
30.5472 8.54399 0.125066 3
28.6592 14.2608 0.10668 3
26.88 0.503998 0.148627 3
24.6784 17.616 0.0948423 3
29.5856 25.3296 0.081784 3
23.6672 6.984 0.123993 3
22.8976 -29.8512 0.267123 2
19.5232 10.2624 0.111419 3
27.0224 -6.8304 0.176938 2
30.7328 4.2048 0.139396 3
18.752 20.6448 0.0841262 3
24.728 -3.94561 0.163602 2
26.0384 3.792 0.136325 3
22.5504 -3.0096 0.158483 3
35.3088 5.54879 0.140449 3
39.2896 4.4448 0.150231 3
20.8752 -20.0352 0.227483 2
24.464 -15.648 0.211378 2
29.8304 -34.6608 0.291236 2
28.9312 -1.6128 0.158407 3
19.3504 -8.5056 0.178661 2
26.3136 -31.2528 0.275148 2
-24.1776 1.008 0.162247 3
-14.9232 -10.1808 0.20634 1
-32.664 -12.0672 0.25371 1
-22.7248 2.9664 0.150899 3
-38.4464 -17.544 0.306341 1
-22.2448 -11.0064 0.22358 1
-29.648 -22.2864 0.306758 1
-23.5984 10.8144 0.117551 3
-22.6016 -33.8496 0.340858 0
-22.5968 -2.6208 0.178604 3
-23.5024 -18.1776 0.266515 1
-13.9808 -11.232 0.210282 1
-27.6896 0.0911987 0.171969 3
-16.1056 23.5056 0.0739136 3
-21.0384 -5.256 0.190093 3
-21.2224 -26.9184 0.305964 1
-14.5152 -42.6432 0.345772 0
-16.1888 22.7184 0.0758891 3
-15.328 21.0816 0.079907 3
-39.3824 9.3312 0.141107 3
-27.2064 14.8272 0.104971 3
-25.0944 -12.3504 0.237154 1
-29.5936 -11.6304 0.243292 1
-18.6896 6.8304 0.129736 3
-29.9776 5.3856 0.148099 3
-25.3232 5.4864 0.142045 3
-28.5376 13.4112 0.111329 3
-20.1536 -8.3376 0.205114 1
-27.4016 17.8224 0.094616 3
-19.88 11.0448 0.113924 3
-17.1696 -18.4512 0.253493 1
-31.9344 -19.824 0.299534 1
-30.5824 10.5024 0.125141 3
-29.0816 15.1344 0.105207 3
-23.7472 -5.1696 0.194018 3
-15.3872 43.5888 0.0387748 3
-27.6896 -37.8192 0.374162 0
-36.4128 11.9616 0.124937 3
-23.8032 18.4176 0.0907246 3
-24.9984 9.768 0.122957 3
-29.5696 18.8688 0.0924428 3
-26.68 5.0544 0.145627 3
-28.728 5.3424 0.146731 3
-26.744 5.45279 0.143819 3
-17.0272 6.84 0.128364 3
-22.4816 -14.064 0.241171 1
-17.0208 -3.4704 0.175246 3
-21.6112 -2.2032 0.175026 3
-30.9456 -3.4992 0.197535 1
-22.6288 6.5952 0.134265 3
-67.224 -30.4176 0.532452 0
-27.768 -26.2064 0.322095 1
-20.808 -32.4816 0.32966 0
-21.128 -20.6672 0.274131 1
-1.504 -31.6496 0.28318 2
-14.4 -19.84 0.254887 1
-29.808 -21.8976 0.305046 1
-7.896 -18.3328 0.236158 2
-16.304 -26.3888 0.290655 1
7.976 -18.6272 0.221642 2
8.672 -27.2064 0.256465 2
-28.016 -28.3088 0.333603 1
37.232 -27.9408 0.280265 2
10.4 -30.4576 0.267666 2
6.79998 -39.6592 0.298697 2
-36.32 -29.0688 0.367906 1
-10.944 -32.744 0.304699 2
30.16 -32.4272 0.284158 2
-19.776 -29.6112 0.314322 1
16.32 -17.32 0.214731 2
-11.92 -26.904 0.283008 2
9.408 -29.0992 0.263206 2
0.824003 -28.1088 0.266766 2
-9.25601 -33.36 0.303279 2
-5.184 -37.0528 0.307568 2
20.328 -24.3888 0.244903 2
-13.496 -25.4672 0.279969 1
4.912 -26.888 0.257841 2
-18.384 -28.5808 0.305913 1
-13.656 -21.5456 0.26179 1
-18.888 -29.3152 0.310547 1
12.52 -32.5328 0.274124 2
-99 -23.9872 0.69865 0
12.128 -22.9616 0.238324 2
-64.528 -32.5216 0.529824 0
8.008 -26.376 0.253622 2
-10.008 -37.8272 0.320121 0
-8.35201 -34.0864 0.303981 2
-31.408 -31.8832 0.363032 1
-21.344 -22.7408 0.285503 1
8.376 -39.272 0.296481 2
-2.824 -32.0224 0.286525 2
19.96 -32.8064 0.275714 2
49.248 -22.2864 0.289248 2
50.696 -30.8768 0.333138 2
-19.072 -34.976 0.334349 0
6.39199 -25.7728 0.252291 2
10.176 -36.1808 0.286627 2
26.248 -36.176 0.291386 2
-3.76 -37.1936 0.305411 2
-10.496 31.0032 0.057546 3
23.432 24.0624 0.0796068 3
24.944 36.3968 0.0596583 3
48.056 34.8624 0.0872654 3
-12.848 33.7824 0.0527221 3
0.831986 26.0496 0.0675435 3
27.28 30.8384 0.069846 3
-7.144 37.0096 0.0480643 3
-11.168 33.688 0.0529048 3
10.088 32.5168 0.0582175 3
-6.176 18.0912 0.0860478 3
-32.76 26.5552 0.0713625 3
23.832 21.4672 0.0853418 3
6.528 25.3568 0.0698784 3
-11.328 37.2 0.0474546 3
-0.176012 27.912 0.063816 3
4.41599 21.3776 0.0779564 3
-68.232 33.4672 0.0745367 3
38.488 25.9872 0.0899387 3
20.84 27.8368 0.0707867 3
69.536 35.5712 0.141825 3
-44.08 26.488 0.0773498 3
9.232 34.496 0.0549445 3
18.664 29.3728 0.0669035 3
-6.152 10.176 0.110022 3
-32 37.9792 0.0470776 3
5.93599 29.1024 0.0627229 3
-0.743998 24.8944 0.0697464 3
-1.912 37.3968 0.0482181 3
7.528 31.7312 0.0586949 3
-6.112 36.6384 0.0487069 3
-30.752 20.2288 0.0887194 3
-42.168 28.2944 0.0710751 3
-27.184 22.3216 0.0805863 3
56.088 30.2864 0.112426 3
-42.776 26.008 0.0779799 3
15.24 29.944 0.0643257 3
28.96 31.0448 0.070817 3
-13.08 26.5232 0.06651 3
-8.56 29.0176 0.0612343 3
68.4 25.904 0.161948 3
-56.672 36.576 0.0575427 3
-47.816 20.9072 0.0994561 3
59.472 31.1344 0.119242 3
31.464 46.3792 0.0519138 3
75.192 35.952 0.164943 3
47.944 16.3232 0.128792 3
-18.656 35.9616 0.0492387 3
6.632 29.8288 0.0616265 3
-22.296 33.8016 0.0531335 3
