1.5952 25.4112 4.85497e-17 3
-2.7952 13.6512 1.19771e-10 3
2.6768 6.0192 2.20006e-07 2
-1.0672 -30.768 0.925112 0
-6.8256 13.4736 1.59779e-10 3
7.064 33.1536 5.04701e-22 3
3.9104 -27.8208 0.893159 0
4.96 1.5744 9.04493e-06 2
7.6848 -19.5504 0.526591 0
-1.3344 -4.40641 0.000765009 2
6.0576 29.5008 1.25749e-19 3
3.5616 26.9232 5.55287e-18 3
7.2368 -7.7664 0.00519372 2
-6.6976 20.5392 3.81932e-14 3
1.8384 3.0624 2.88607e-06 2
-4.8288 41.472 1.23287e-27 3
-8.12 4.7136 8.91939e-07 1
-5.5664 7.5888 6.2103e-08 1
2.4144 22.4448 2.55454e-15 3
5.728 -3.696 0.000418702 2
-5.464 -2.04 0.000169099 1
-6.384 3.11999 3.3098e-06 1
0.294401 -1.3152 8.84656e-05 2
12.6752 -8.5488 0.00768911 2
-0.491203 3.984 1.40008e-06 2
4.8576 -7.4112 0.00436816 2
2.6512 21.6864 6.82081e-15 3
-0.595203 -3.1392 0.000323933 2
3.7792 1.5216 9.64923e-06 2
5.4608 4.5984 7.29846e-07 2
0.7216 18.96 2.25388e-13 3
-1.1152 -0.148802 3.86379e-05 2
4.7776 29.76 8.99881e-20 3
-3.5216 14.8992 3.03099e-11 3
1.4544 10.6512 2.62198e-09 3
-3.0672 -11.3136 0.0405335 2
-0.441601 20.9808 1.84291e-14 3
-4.0288 17.3568 1.77131e-12 3
6.2784 -9.0576 0.0108703 2
-5.376 -3.744 0.000542776 1
-1.7296 3.312 2.53315e-06 1
3.7584 24.2688 2.15834e-16 3
5.6672 -9.57599 0.0144962 2
16.568 20.6016 1.84144e-14 3
8.5872 14.208 4.93933e-11 3
1.9408 -24.9504 0.833468 0
-3.3936 4.9728 6.3648e-07 1
-1.0352 -14.5152 0.152801 2
-7.4432 1.9488 8.82354e-06 1
2.8 -2.44801 0.000188004 2
22.6096 24.0864 1.51667e-16 3
22.1888 35.0208 1.4898e-23 3
43.3552 -27.3168 0.953693 0
25.0128 -15.0672 0.176892 2
21.2336 34.9872 1.6347e-23 3
17.704 22.3152 1.91189e-15 3
23.144 -17.4336 0.358773 2
23.5168 -11.0928 0.0301351 2
13.3712 -0.792 4.83914e-05 2
31.4736 18.072 2.97148e-13 3
26.08 2.2992 3.84242e-06 2
30.1376 -1.68 8.63935e-05 2
29.824 4.6848 4.8613e-07 2
31.6512 0.475199 1.67351e-05 2
17.816 -22.752 0.751644 0
25.9456 -1.9104 0.000101247 2
30.8032 -26.1312 0.902393 0
14.704 -3.7104 0.000376599 2
19.5216 3.8208 1.12918e-06 2
34.4 4.17118 7.60443e-07 2
31.624 4.5312 5.53846e-07 2
25.216 -13.5168 0.0958121 2
31.7904 -10.9152 0.0304778 2
15.9488 -5.16 0.00097036 2
16.9088 7.1568 5.86645e-08 2
12.752 21.552 6.04392e-15 3
16.5776 30.8592 1.14211e-20 3
32.976 5.304 2.7493e-07 2
30.5472 8.54399 1.27483e-08 2
28.6592 14.2608 2.94514e-11 3
26.88 0.503998 1.62934e-05 2
24.6784 17.616 6.15841e-13 3
29.5856 25.3296 2.16926e-17 3
23.6672 6.984 6.2352e-08 2
22.8976 -29.8512 0.931819 0
19.5232 10.2624 2.65578e-09 2
27.0224 -6.8304 0.00278298 2
30.7328 4.2048 7.41404e-07 2
18.752 20.6448 1.63417e-14 3
24.728 -3.94561 0.000423792 2
26.0384 3.792 1.08757e-06 2
22.5504 -3.0096 0.000222485 2
35.3088 5.54879 2.187e-07 2
39.2896 4.4448 6.03511e-07 2
20.8752 -20.0352 0.58091 0
24.464 -15.648 0.215423 2
29.8304 -34.6608 0.961634 0
28.9312 -1.6128 8.18209e-05 2
19.3504 -8.5056 0.00732805 2
26.3136 -31.2528 0.946501 0
-24.1776 1.008 3.11907e-05 1
-14.9232 -10.1808 0.0318745 1
-32.664 -12.0672 0.160815 1
-22.7248 2.9664 6.04507e-06 1
-38.4464 -17.544 0.743174 0
-22.2448 -11.0064 0.0627055 1
-29.648 -22.2864 0.881568 0
-23.5984 10.8144 4.14282e-09 1
-22.6016 -33.8496 0.962865 0
-22.5968 -2.6208 0.000434708 1
-23.5024 -18.1776 0.605554 0
-13.9808 -11.232 0.0518089 1
-27.6896 0.0911987 7.32629e-05 1
-16.1056 23.5056 1.07035e-15 3
-21.0384 -5.256 0.00237102 1
-21.2224 -26.9184 0.92908 0
-14.5152 -42.6432 0.907506 0
-16.1888 22.7184 3.01736e-15 3
-15.328 21.0816 2.42291e-14 3
-39.3824 9.3312 3.33644e-08 1
-27.2064 14.8272 6.12272e-11 3
-25.0944 -12.3504 0.128695 1
-29.5936 -11.6304 0.11533 1
-18.6896 6.8304 1.76672e-07 1
-29.9776 5.3856 9.72156e-07 1
-25.3232 5.4864 7.46234e-07 1
-28.5376 13.4112 3.07654e-10 3
-20.1536 -8.3376 0.0144278 1
-27.4016 17.8224 1.90721e-12 3
-19.88 11.0448 2.92907e-09 1
-17.1696 -18.4512 0.563819 0
-31.9344 -19.824 0.80629 0
-30.5824 10.5024 7.19495e-09 1
-29.0816 15.1344 4.59716e-11 3
-23.7472 -5.1696 0.00250512 1
-15.3872 43.5888 5.32889e-29 3
-27.6896 -37.8192 0.967634 0
-36.4128 11.9616 1.9476e-09 3
-23.8032 18.4176 8.35678e-13 3
-24.9984 9.768 1.25448e-08 1
-29.5696 18.8688 5.79378e-13 3
-26.68 5.0544 1.15305e-06 1
-28.728 5.3424 9.62739e-07 1
-26.744 5.45279 8.09397e-07 1
-17.0272 6.84 1.66929e-07 1
-22.4816 -14.064 0.223512 1
-17.0208 -3.4704 0.000634971 1
-21.6112 -2.2032 0.000311964 1
-30.9456 -3.4992 0.0011526 1
-22.6288 6.5952 2.47974e-07 1
-67.224 -30.4176 0.998878 0
-27.768 -26.2064 0.940978 0
-20.808 -32.4816 0.958348 0
-21.128 -20.6672 0.755563 0
-1.504 -31.6496 0.930066 0
-14.4 -19.84 0.649287 0
-29.808 -21.8976 0.871298 0
-7.896 -18.3328 0.481111 0
-16.304 -26.3888 0.907949 0
7.976 -18.6272 0.447891 0
8.672 -27.2064 0.882986 0
-28.016 -28.3088 0.957328 0
37.232 -27.9408 0.944726 0
10.4 -30.4576 0.922099 0
6.79998 -39.6592 0.921585 0
-36.32 -29.0688 0.97622 0
-10.944 -32.744 0.943543 0
30.16 -32.4272 0.957575 0
-19.776 -29.6112 0.946622 0
16.32 -17.32 0.334382 2
-11.92 -26.904 0.903425 0
9.408 -29.0992 0.909489 0
0.824003 -28.1088 0.898973 0
-9.25601 -33.36 0.942573 0
-5.184 -37.0528 0.936523 0
20.328 -24.3888 0.826657 0
-13.496 -25.4672 0.88326 0
4.912 -26.888 0.877319 0
-18.384 -28.5808 0.936985 0
-13.656 -21.5456 0.749891 0
-18.888 -29.3152 0.943084 0
12.52 -32.5328 0.934602 0
-99 -23.9872 0.99979 0
12.128 -22.9616 0.753433 0
-64.528 -32.5216 0.99867 0
8.008 -26.376 0.866672 0
-10.008 -37.8272 0.93905 0
-8.35201 -34.0864 0.942394 0
-31.408 -31.8832 0.974545 0
-21.344 -22.7408 0.846605 0
8.376 -39.272 0.925121 0
-2.824 -32.0224 0.932568 0
19.96 -32.8064 0.9434 0
49.248 -22.2864 0.885526 0
50.696 -30.8768 0.983414 0
-19.072 -34.976 0.957441 0
6.39199 -25.7728 0.852739 0
10.176 -36.1808 0.937129 0
26.248 -36.176 0.956679 0
-3.76 -37.1936 0.935018 0
-10.496 31.0032 2.44679e-20 3
23.432 24.0624 1.52623e-16 3
24.944 36.3968 1.46875e-24 3
48.056 34.8624 6.59535e-24 3
-12.848 33.7824 4.04436e-22 3
0.831986 26.0496 2.05765e-17 3
27.28 30.8384 7.84379e-21 3
-7.144 37.0096 2.07712e-24 3
-11.168 33.688 4.39514e-22 3
10.088 32.5168 1.19145e-21 3
-6.176 18.0912 7.7479e-13 3
-32.76 26.5552 3.01005e-17 3
23.832 21.4672 4.84354e-15 3
6.528 25.3568 4.47689e-17 3
-11.328 37.2 1.80707e-24 3
-0.176012 27.912 1.54554e-18 3
4.41599 21.3776 9.66898e-15 3
-68.232 33.4672 6.55649e-21 3
38.488 25.9872 6.4146e-18 3
20.84 27.8368 8.32506e-19 3
69.536 35.5712 8.58407e-25 3
-44.08 26.488 5.10647e-17 3
9.232 34.496 5.78008e-23 3
18.664 29.3728 9.61141e-20 3
-6.152 10.176 5.04247e-09 1
-32 37.9792 1.1967e-24 3
5.93599 29.1024 2.25899e-19 3
-0.743998 24.8944 1.05871e-16 3
-1.912 37.3968 9.04293e-25 3
7.528 31.7312 4.32782e-21 3
-6.112 36.6384 3.60682e-24 3
-30.752 20.2288 1.1289e-13 3
-42.168 28.2944 3.84413e-18 3
-27.184 22.3216 7.05282e-15 3
56.088 30.2864 6.19212e-21 3
-42.776 26.008 9.33787e-17 3
15.24 29.944 4.69429e-20 3
28.96 31.0448 5.38676e-21 3
-13.08 26.5232 1.63976e-17 3
-8.56 29.0176 4.16889e-19 3
68.4 25.904 2.73713e-18 3
-56.672 36.576 3.34911e-23 3
-47.816 20.9072 9.14656e-14 3
59.472 31.1344 1.48621e-21 3
31.464 46.3792 4.14147e-32 3
75.192 35.952 3.61533e-25 3
47.944 16.3232 1.81908e-12 3
-18.656 35.9616 1.71112e-23 3
6.632 29.8288 7.61433e-20 3
-22.296 33.8016 5.56517e-22 3
