1.5952 25.4112 0.014524 3
-2.7952 13.6512 0.0316702 3
2.6768 6.0192 0.0503429 3
-1.0672 -30.768 0.14636 2
-6.8256 13.4736 0.0318419 3
7.064 33.1536 0.0087156 3
3.9104 -27.8208 0.137769 2
4.96 1.5744 0.0633475 3
7.6848 -19.5504 0.123961 2
-1.3344 -4.40641 0.0823207 3
6.0576 29.5008 0.011297 3
3.5616 26.9232 0.0132641 3
7.2368 -7.7664 0.0926738 2
-6.6976 20.5392 0.0196002 3
1.8384 3.0624 0.0585341 3
-4.8288 41.472 0.00384357 3
-8.12 4.7136 0.0543436 3
-5.5664 7.5888 0.0458053 3
2.4144 22.4448 0.0180701 3
5.728 -3.696 0.0797026 2
-5.464 -2.04 0.0756203 3
-6.384 3.11999 0.0588654 3
0.294401 -1.3152 0.0719339 3
12.6752 -8.5488 0.0969826 2
-0.491203 3.984 0.0557289 3
4.8576 -7.4112 0.0913234 2
2.6512 21.6864 0.0190876 3
-0.595203 -3.1392 0.0779581 3
3.7792 1.5216 0.0633097 3
5.4608 4.5984 0.054749 3
0.7216 18.96 0.0226846 3
-1.1152 -0.148802 0.0683301 3
4.7776 29.76 0.0109122 3
-3.5216 14.8992 0.0291567 3
1.4544 10.6512 0.0386222 3
-3.0672 -11.3136 0.106435 2
-0.441601 20.9808 0.0195946 3
-4.0288 17.3568 0.0247072 3
6.2784 -9.0576 0.0965006 2
-5.376 -3.744 0.0815171 3
-1.7296 3.312 0.0577043 3
3.7584 24.2688 0.0160845 3
5.6672 -9.57599 0.0980417 2
16.568 20.6016 0.0240012 3
8.5872 14.208 0.0326456 3
1.9408 -24.9504 0.136217 2
-3.3936 4.9728 0.0529304 3
-1.0352 -14.5152 0.115055 2
-7.4432 1.9488 0.0628767 3
2.8 -2.44801 0.0754929 3
22.6096 24.0864 0.0211319 3
22.1888 35.0208 0.00987315 3
43.3552 -27.3168 0.209383 2
25.0128 -15.0672 0.12833 2
21.2336 34.9872 0.00970296 3
17.704 22.3152 0.021846 3
23.144 -17.4336 0.130914 2
23.5168 -11.0928 0.114966 2
13.3712 -0.792 0.0735227 3
31.4736 18.072 0.0365698 3
26.08 2.2992 0.0747625 3
30.1376 -1.68 0.094012 2
29.824 4.6848 0.0715795 3
31.6512 0.475199 0.088768 3
17.816 -22.752 0.133537 2
25.9456 -1.9104 0.088606 2
30.8032 -26.1312 0.159999 2
14.704 -3.7104 0.0833549 2
19.5216 3.8208 0.0637601 3
34.4 4.17118 0.0800275 3
31.624 4.5312 0.074531 3
25.216 -13.5168 0.124552 2
31.7904 -10.9152 0.129799 2
15.9488 -5.16 0.0887388 2
16.9088 7.1568 0.0525698 3
12.752 21.552 0.0214206 3
16.5776 30.8592 0.0119546 3
32.976 5.304 0.0738657 3
30.5472 8.54399 0.0603037 3
28.6592 14.2608 0.0429672 3
26.88 0.503998 0.0816839 3
24.6784 17.616 0.0328848 3
29.5856 25.3296 0.0224449 3
23.6672 6.984 0.0579543 3
22.8976 -29.8512 0.14456 2
19.5232 10.2624 0.046137 3
27.0224 -6.8304 0.106862 2
30.7328 4.2048 0.0743841 3
18.752 20.6448 0.0247268 3
24.728 -3.94561 0.0938353 2
26.0384 3.792 0.0699218 3
22.5504 -3.0096 0.0880863 2
35.3088 5.54879 0.0766327 3
39.2896 4.4448 0.0880083 3
20.8752 -20.0352 0.132815 2
24.464 -15.648 0.128868 2
29.8304 -34.6608 0.155799 2
28.9312 -1.6128 0.0918568 2
19.3504 -8.5056 0.102069 2
26.3136 -31.2528 0.150298 2
-24.1776 1.008 0.07936 3
-14.9232 -10.1808 0.117008 1
-32.664 -12.0672 0.188004 1
-22.7248 2.9664 0.069002 3
-38.4464 -17.544 0.278121 1
-22.2448 -11.0064 0.138407 1
-29.648 -22.2864 0.24322 1
-23.5984 10.8144 0.0416755 3
-22.6016 -33.8496 0.238251 1
-22.5968 -2.6208 0.0945184 3
-23.5024 -18.1776 0.182724 1
-13.9808 -11.232 0.119851 1
-27.6896 0.0911987 0.0893521 3
-16.1056 23.5056 0.0154685 3
-21.0384 -5.256 0.104984 1
-21.2224 -26.9184 0.210072 1
-14.5152 -42.6432 0.191804 2
-16.1888 22.7184 0.0164489 3
-15.328 21.0816 0.0186402 3
-39.3824 9.3312 0.0609566 3
-27.2064 14.8272 0.0323343 3
-25.0944 -12.3504 0.155721 1
-29.5936 -11.6304 0.169535 1
-18.6896 6.8304 0.0516362 3
-29.9776 5.3856 0.0667289 3
-25.3232 5.4864 0.0612451 3
-28.5376 13.4112 0.0366211 3
-20.1536 -8.3376 0.118838 1
-27.4016 17.8224 0.0256549 3
-19.88 11.0448 0.0395108 3
-17.1696 -18.4512 0.158948 1
-31.9344 -19.824 0.24362 1
-30.5824 10.5024 0.0469366 3
-29.0816 15.1344 0.0323068 3
-23.7472 -5.1696 0.110006 1
-15.3872 43.5888 0.00285636 3
-27.6896 -37.8192 0.289034 2
-36.4128 11.9616 0.046612 3
-23.8032 18.4176 0.0237154 3
-24.9984 9.768 0.045623 3
-29.5696 18.8688 0.0241352 3
-26.68 5.0544 0.0643736 3
-28.728 5.3424 0.0654175 3
-26.744 5.45279 0.0627777 3
-17.0272 6.84 0.0507942 3
-22.4816 -14.064 0.156055 1
-17.0208 -3.4704 0.0903239 3
-21.6112 -2.2032 0.0909056 3
-30.9456 -3.4992 0.117918 3
-22.6288 6.5952 0.0548489 3
-67.224 -30.4176 0.819589 0
-27.768 -26.2064 0.250866 1
-20.808 -32.4816 0.223133 1
-21.128 -20.6672 0.184207 1
-1.504 -31.6496 0.147651 2
-14.4 -19.84 0.155619 1
-29.808 -21.8976 0.241956 1
-7.896 -18.3328 0.135097 1
-16.304 -26.3888 0.183909 1
7.976 -18.6272 0.122032 2
8.672 -27.2064 0.134709 2
-28.016 -28.3088 0.26271 1
37.232 -27.9408 0.18203 2
10.4 -30.4576 0.136021 2
6.79998 -39.6592 0.133545 2
-36.32 -29.0688 0.350234 0
-10.944 -32.744 0.1742 2
30.16 -32.4272 0.15851 2
-19.776 -29.6112 0.210022 1
16.32 -17.32 0.122634 2
-11.92 -26.904 0.168409 1
9.408 -29.0992 0.135737 2
0.824003 -28.1088 0.14134 2
-9.25601 -33.36 0.168708 2
-5.184 -37.0528 0.156995 2
20.328 -24.3888 0.13821 2
-13.496 -25.4672 0.170404 1
4.912 -26.888 0.136123 2
-18.384 -28.5808 0.19974 1
-13.656 -21.5456 0.159269 1
-18.888 -29.3152 0.204322 1
12.52 -32.5328 0.135964 2
-99 -23.9872 0.970303 0
12.128 -22.9616 0.130252 2
-64.528 -32.5216 0.802308 0
8.008 -26.376 0.134148 2
-10.008 -37.8272 0.172908 2
-8.35201 -34.0864 0.166147 2
-31.408 -31.8832 0.309864 1
-21.344 -22.7408 0.194463 1
8.376 -39.272 0.132694 2
-2.824 -32.0224 0.150432 2
19.96 -32.8064 0.140064 2
49.248 -22.2864 0.235421 2
50.696 -30.8768 0.256104 2
-19.072 -34.976 0.216428 2
6.39199 -25.7728 0.134111 2
10.176 -36.1808 0.134559 2
26.248 -36.176 0.146305 2
-3.76 -37.1936 0.15317 2
-10.496 31.0032 0.00865078 3
23.432 24.0624 0.0214885 3
24.944 36.3968 0.00949607 3
48.056 34.8624 0.0205414 3
-12.848 33.7824 0.006792 3
0.831986 26.0496 0.0137693 3
27.28 30.8384 0.0147874 3
-7.144 37.0096 0.00543351 3
-11.168 33.688 0.00691788 3
10.088 32.5168 0.00954852 3
-6.176 18.0912 0.0233394 3
-32.76 26.5552 0.0129534 3
23.832 21.4672 0.0255642 3
6.528 25.3568 0.0153261 3
-11.328 37.2 0.00515224 3
-0.176012 27.912 0.0118875 3
4.41599 21.3776 0.0197954 3
-68.232 33.4672 0.0132144 3
38.488 25.9872 0.0268336 3
20.84 27.8368 0.0159243 3
69.536 35.5712 0.0484417 3
-44.08 26.488 0.0151274 3
9.232 34.496 0.00812753 3
18.664 29.3728 0.01377 3
-6.152 10.176 0.0392502 3
-32 37.9792 0.00451603 3
5.93599 29.1024 0.0116159 3
-0.743998 24.8944 0.0147854 3
-1.912 37.3968 0.0055714 3
7.528 31.7312 0.00975969 3
-6.112 36.6384 0.0056596 3
-30.752 20.2288 0.0218663 3
-42.168 28.2944 0.0123641 3
-27.184 22.3216 0.0177729 3
56.088 30.2864 0.0369099 3
-42.776 26.008 0.0154823 3
15.24 29.944 0.0124768 3
28.96 31.0448 0.0151514 3
-13.08 26.5232 0.0122419 3
-8.56 29.0176 0.010251 3
68.4 25.904 0.0790871 3
-56.672 36.576 0.00697019 3
-47.816 20.9072 0.0274995 3
59.472 31.1344 0.0401743 3
31.464 46.3792 0.00539614 3
75.192 35.952 0.0627318 3
47.944 16.3232 0.0618552 3
-18.656 35.9616 0.00547991 3
6.632 29.8288 0.0111066 3
-22.296 33.8016 0.0065578 3
