1.5952 25.4112 1.18604e-20 3
-2.7952 13.6512 8.09445e-13 1
2.6768 6.0192 5.81123e-09 2
-1.0672 -30.768 0.970608 0
-6.8256 13.4736 9.34946e-13 1
7.064 33.1536 9.6824e-27 3
3.9104 -27.8208 0.944742 0
4.96 1.5744 4.64022e-07 2
7.6848 -19.5504 0.481936 2
-1.3344 -4.40641 0.000116057 2
6.0576 29.5008 7.5982e-24 3
3.5616 26.9232 8.05069e-22 3
7.2368 -7.7664 0.00103258 2
-6.6976 20.5392 3.95316e-17 1
1.8384 3.0624 1.26146e-07 2
-4.8288 41.472 2.36232e-33 3
-8.12 4.7136 2.43126e-08 1
-5.5664 7.5888 1.1453e-09 1
2.4144 22.4448 1.84155e-18 3
5.728 -3.696 4.80994e-05 2
-5.464 -2.04 1.64185e-05 1
-6.384 3.11999 1.29468e-07 1
0.294401 -1.3152 8.11467e-06 2
12.6752 -8.5488 0.00139515 2
-0.491203 3.984 5.37273e-08 2
4.8576 -7.4112 0.000904068 2
2.6512 21.6864 6.41335e-18 3
-0.595203 -3.1392 4.01332e-05 2
3.7792 1.5216 5.17881e-07 2
5.4608 4.5984 2.25869e-08 2
0.7216 18.96 4.85252e-16 2
-1.1152 -0.148802 2.95846e-06 2
4.7776 29.76 4.92989e-24 3
-3.5216 14.8992 1.54757e-13 1
1.4544 10.6512 3.26088e-11 2
-3.0672 -11.3136 0.0170033 2
-0.441601 20.9808 2.07142e-17 3
-4.0288 17.3568 5.0352e-15 1
6.2784 -9.0576 0.00270275 2
-5.376 -3.744 6.96072e-05 1
-1.7296 3.312 1.08433e-07 2
3.7584 24.2688 8.21852e-20 3
5.6672 -9.57599 0.00397558 2
16.568 20.6016 2.36424e-17 2
8.5872 14.208 2.97398e-13 2
1.9408 -24.9504 0.896083 0
-3.3936 4.9728 1.99577e-08 1
-1.0352 -14.5152 0.100419 2
-7.4432 1.9488 4.02974e-07 1
2.8 -2.44801 1.9606e-05 2
22.6096 24.0864 6.36981e-20 3
22.1888 35.0208 1.81995e-28 3
43.3552 -27.3168 0.961469 0
25.0128 -15.0672 0.0646163 2
21.2336 34.9872 2.00829e-28 3
17.704 22.3152 1.44259e-18 3
23.144 -17.4336 0.191034 2
23.5168 -11.0928 0.00624253 2
13.3712 -0.792 2.71114e-06 2
31.4736 18.072 8.60943e-16 2
26.08 2.2992 1.17045e-07 2
30.1376 -1.68 5.0057e-06 2
29.824 4.6848 1.10164e-08 2
31.6512 0.475199 7.32091e-07 2
17.816 -22.752 0.704493 0
25.9456 -1.9104 5.77753e-06 2
30.8032 -26.1312 0.891373 0
14.704 -3.7104 3.1765e-05 2
19.5216 3.8208 2.73138e-08 2
34.4 4.17118 2.1199e-08 2
31.624 4.5312 1.34277e-08 2
25.216 -13.5168 0.0277071 2
31.7904 -10.9152 0.00640805 2
15.9488 -5.16 9.83168e-05 2
16.9088 7.1568 8.77289e-10 2
12.752 21.552 5.93501e-18 3
16.5776 30.8592 4.64287e-25 3
32.976 5.304 6.21491e-09 2
30.5472 8.54399 1.68945e-10 2
28.6592 14.2608 1.6193e-13 2
26.88 0.503998 6.54621e-07 2
24.6784 17.616 1.70428e-15 2
29.5856 25.3296 6.13801e-21 3
23.6672 6.984 9.22723e-10 2
22.8976 -29.8512 0.94342 0
19.5232 10.2624 2.41591e-11 2
27.0224 -6.8304 0.000321943 2
30.7328 4.2048 1.84114e-08 2
18.752 20.6448 2.0602e-17 2
24.728 -3.94561 3.24183e-05 2
26.0384 3.792 2.64544e-08 2
22.5504 -3.0096 1.49091e-05 2
35.3088 5.54879 5.1999e-09 2
39.2896 4.4448 2.00096e-08 2
20.8752 -20.0352 0.440761 2
24.464 -15.648 0.0863019 2
29.8304 -34.6608 0.973879 0
28.9312 -1.6128 4.60513e-06 2
19.3504 -8.5056 0.0011161 2
26.3136 -31.2528 0.957328 0
-24.1776 1.008 7.99565e-07 1
-14.9232 -10.1808 0.00620454 1
-32.664 -12.0672 0.0237106 1
-22.7248 2.9664 1.1718e-07 1
-38.4464 -17.544 0.383103 1
-22.2448 -11.0064 0.00916643 1
-29.648 -22.2864 0.675676 0
-23.5984 10.8144 2.20465e-11 1
-22.6016 -33.8496 0.933997 0
-22.5968 -2.6208 1.97358e-05 1
-23.5024 -18.1776 0.289172 1
-13.9808 -11.232 0.0124763 1
-27.6896 0.0911987 2.10857e-06 1
-16.1056 23.5056 3.15881e-19 1
-21.0384 -5.256 0.00016555 1
-21.2224 -26.9184 0.871215 0
-14.5152 -42.6432 0.907702 0
-16.1888 22.7184 1.14028e-18 1
-15.328 21.0816 1.53488e-17 1
-39.3824 9.3312 4.48671e-10 1
-27.2064 14.8272 1.64739e-13 1
-25.0944 -12.3504 0.0208293 1
-29.5936 -11.6304 0.0156388 1
-18.6896 6.8304 2.00307e-09 1
-29.9776 5.3856 1.34283e-08 1
-25.3232 5.4864 9.5256e-09 1
-28.5376 13.4112 1.12095e-12 1
-20.1536 -8.3376 0.00160402 1
-27.4016 17.8224 2.71084e-15 1
-19.88 11.0448 1.55114e-11 1
-17.1696 -18.4512 0.34046 1
-31.9344 -19.824 0.493136 1
-30.5824 10.5024 4.62603e-11 1
-29.0816 15.1344 1.23008e-13 1
-23.7472 -5.1696 0.000157835 1
-15.3872 43.5888 4.57325e-35 3
-27.6896 -37.8192 0.92005 0
-36.4128 11.9616 1.37572e-11 1
-23.8032 18.4176 9.74198e-16 1
-24.9984 9.768 8.01091e-11 1
-29.5696 18.8688 6.75117e-16 1
-26.68 5.0544 1.58302e-08 1
-28.728 5.3424 1.30054e-08 1
-26.744 5.45279 1.04568e-08 1
-17.0272 6.84 2.00132e-09 1
-22.4816 -14.064 0.0520635 1
-17.0208 -3.4704 4.1193e-05 1
-21.6112 -2.2032 1.37236e-05 1
-30.9456 -3.4992 5.52979e-05 1
-22.6288 6.5952 2.68802e-09 1
-67.224 -30.4176 0.999658 0
-27.768 -26.2064 0.849413 0
-20.808 -32.4816 0.934122 0
-21.128 -20.6672 0.530288 0
-1.504 -31.6496 0.973735 0
-14.4 -19.84 0.507477 0
-29.808 -21.8976 0.648921 0
-7.896 -18.3328 0.421131 0
-16.304 -26.3888 0.879215 0
7.976 -18.6272 0.378031 2
8.672 -27.2064 0.924038 0
-28.016 -28.3088 0.893512 0
37.232 -27.9408 0.948388 0
10.4 -30.4576 0.957383 0
6.79998 -39.6592 0.976774 0
-36.32 -29.0688 0.929801 0
-10.944 -32.744 0.962453 0
30.16 -32.4272 0.967614 0
-19.776 -29.6112 0.917805 0
16.32 -17.32 0.193598 2
-11.92 -26.904 0.912641 0
9.408 -29.0992 0.947632 0
0.824003 -28.1088 0.952398 0
-9.25601 -33.36 0.967844 0
-5.184 -37.0528 0.976582 0
20.328 -24.3888 0.802868 0
-13.496 -25.4672 0.871542 0
4.912 -26.888 0.929252 0
-18.384 -28.5808 0.910082 0
-13.656 -21.5456 0.670521 0
-18.888 -29.3152 0.917314 0
12.52 -32.5328 0.965954 0
-99 -23.9872 1 0
12.128 -22.9616 0.748147 0
-64.528 -32.5216 0.999352 0
8.008 -26.376 0.909841 0
-10.008 -37.8272 0.965119 0
-8.35201 -34.0864 0.970782 0
-31.408 -31.8832 0.930952 0
-21.344 -22.7408 0.695541 0
8.376 -39.272 0.976209 0
-2.824 -32.0224 0.974295 0
19.96 -32.8064 0.963086 0
49.248 -22.2864 0.896093 0
50.696 -30.8768 0.99156 0
-19.072 -34.976 0.942004 0
6.39199 -25.7728 0.90159 0
10.176 -36.1808 0.975599 0
26.248 -36.176 0.973272 0
-3.76 -37.1936 0.978284 0
-10.496 31.0032 6.84528e-25 3
23.432 24.0624 6.48881e-20 3
24.944 36.3968 1.26882e-29 3
48.056 34.8624 8.6093e-29 3
-12.848 33.7824 4.64027e-27 3
0.831986 26.0496 3.93989e-21 3
27.28 30.8384 3.32112e-25 3
-7.144 37.0096 1.098e-29 3
-11.168 33.688 5.35075e-27 3
10.088 32.5168 2.82097e-26 3
-6.176 18.0912 1.65076e-15 1
-32.76 26.5552 3.19133e-21 3
23.832 21.4672 4.86737e-18 3
6.528 25.3568 1.17186e-20 3
-11.328 37.2 8.29595e-30 3
-0.176012 27.912 1.49812e-22 3
4.41599 21.3776 1.02592e-17 3
-68.232 33.4672 3.6449e-26 3
38.488 25.9872 1.51127e-21 3
20.84 27.8368 9.36006e-23 3
69.536 35.5712 8.09486e-30 3
-44.08 26.488 5.62735e-21 3
9.232 34.496 7.67736e-28 3
18.664 29.3728 6.38006e-24 3
-6.152 10.176 5.69151e-11 1
-32 37.9792 3.88353e-30 3
5.93599 29.1024 1.5606e-23 3
-0.743998 24.8944 2.99243e-20 3
-1.912 37.3968 4.8491e-30 3
7.528 31.7312 1.28245e-25 3
-6.112 36.6384 2.14914e-29 3
-30.752 20.2288 9.39787e-17 1
-42.168 28.2944 2.20937e-22 3
-27.184 22.3216 2.88868e-18 1
56.088 30.2864 3.05953e-25 3
-42.776 26.008 1.24839e-20 3
15.24 29.944 2.55498e-24 3
28.96 31.0448 2.14769e-25 3
-13.08 26.5232 1.90539e-21 3
-8.56 29.0176 2.32087e-23 3
68.4 25.904 5.85141e-22 3
-56.672 36.576 1.10792e-28 3
-47.816 20.9072 9.64897e-17 3
59.472 31.1344 5.44778e-26 3
31.464 46.3792 4.87783e-38 3
75.192 35.952 2.92776e-30 3
47.944 16.3232 1.72539e-14 2
-18.656 35.9616 9.73716e-29 3
6.632 29.8288 4.14038e-24 3
-22.296 33.8016 5.66305e-27 3
