-26.712 5.2536
5.9968 29.3016
-29.728 -22.092
-16.1472 23.112
2.5328 22.0656
24.7384 -15.3576
5.9728 -9.31679
23.0208 24.0744
6.3144 29.5652
-18.636 -28.948
31.1784 4.368
21.7112 35.004
7.8304 -19.0888
-1.2856 -31.2088
1.21359 25.7304
8.34 -26.7912
-22.104 -2.412
-6.628 36.824
-8.80401 -33.7232
4.3696 1.548
29.5344 -1.6464
-29.3528 5.364
-19.206 -29.2796
4.4112 -27.3544
-43.428 26.248
30.5012 4.5264
-26.0176 5.37
-1.1104 3.648
-14.452 -10.7064
-4.472 -37.1232
-3.1584 14.2752
5.49307 29.6187
-0.964801 -3.7728
26.0592 3.0456
7.296 32.4424
-6.9136 2.5344
15.9088 30.4016
7.58799 -39.4656
34.8544 4.85999
-17.8584 6.8352
9.904 -29.7784
-12.008 33.7352
28.12 30.9416
-5.42 -2.892
-2.0548 -31.6156
-24.2984 10.2912
-30.1608 19.5488
-28.8096 14.2728
-28.008 14.55
-0.4104 -0.732
-14.028 -20.6928
24.9772 -14.4372
15.3264 -4.4352
33.9152 5.082
18.228 21.48
17.398 21.0408
6.6048 -8.5416
3.4744 21.7216
5.62587 -8.1056
-21.236 -21.704
-27.892 -27.2576
0.234798 25.3124
-12.708 -26.1856
9.66 33.5064
-15.7376 22.0968
7.36599 -26.282
-21.7048 -33.1656
29.9952 -33.544
-5.1024 17.724
0.14 19.9704
-9.87401 -33.2336
23.6392 -3.4776
-42.798 27.2712
-23.4512 1.9872
-7.5168 3.624
3.45947 23.0525
0.192525 26.6819
26.4128 -0.703202
8.478 32.9744
-2.252 4.3104
-5.8592 8.8824
19.752 28.6048
-22.3928 -5.2128
23.4264 22.7708
-9.528 30.0104
-22.2484 -3.8124
3.104 2.3052
30.5928 -0.5856
19.072 -23.5704
-22.3632 -12.5352
-23.7288 -12.4428
-0.6876 -2.2524
-31.1288 -11.8488
-27.8009 5.3476
4.0688 5.3088
-20.1192 -28.0437
-30.8312 -20.958
4.264 -3.072
-20.3884 -34.0708
24.0208 -16.0888
-5.9 19.1316
-28.7812 18.6856
1.9692 26.495
3.79733 3.6808
1.3824 -26.5296
2.8968 -26.942
-65.876 -31.4696
57.78 30.7104
23.3276 35.7004
-11.668 35.4676
32.4776 4.7408
-14.506 -26.2872
24.6056 -30.552
-4.992 13.8744
26.236 1.1712
-2.0512 -12.9144
11.212 -31.1556
-15.5988 -19.572
-28.2125 20.6475
-37.8976 10.6464
19.9736 -21.8028
1.725 21.2074
-23.4636 8.4432
18.216 8.7096
14.3488 -2.6136
8.88199 -37.8232
-22.3692 -19.9408
-20.476 34.8816
17.8304 29.5032
6.1894 27.4524
31.5124 6.64239
-21.8109 10.052
23.988 -13.2546
-9.76267 -35.612
28.238 0.116
-29.4288 12.48
28.1216 -34.86
-25.5704 1.0392
30.0664 16.1664
-4.27 37.1104
-4.9424 39.2435
25.3308 -5.154
-3.0538 -2.5722
-26.1773 3.34976
1.63354 23.9289
5.29373 -26.6969
-5.00747 16.3352
15.2133 21.3696
7.23212 30.8421
-14.4771 24.4792
-21.201 -6.075
-19.4251 -4.09392
18.8688 6.2652
21.1592 7.032
-26.265 19.114
22.2828 -31.6792
-20.1974 -31.1877
-10.6547 32.4503
-4.5936 3.6752
-5.2264 6.2788
27.3724 16.8912
-20.3174 8.1954
5.137 -5.7624
-33.864 -30.476
72.364 35.7616
13.6749 -5.8848
9.9792 -21.0252
-7.056 -35.8138
28.8528 28.1356
26.3595 -2.16423
17.9965 -19.856
40.2936 -27.6288
-28.297 16.5003
-14.4909 -23.0995
-29.1777 -24.2968
25.9016 -32.8624
16.7626 -6.5292
7.86366 -28.7142
19.8676 22.2419
35.7457 4.86446
-23.8213 6.2486
-4.85787 -33.4287
18.6045 25.8037
2.59872 7.00319
-45.412 23.9187
-7.9396 35.5337
-27.2012 -12.1612
-3.58753 1.2557
-0.207429 3.17926
-18.2412 -21.814
7.98083 -24.1505
-4.9736 -15.6236
-31.6494 -27.0903
28.3524 -29.4968
28.0306 -12.7334
25.6987 32.2696
49.972 -26.5816
4.39179 27.1621
30.0421 1.99368
-17.74 -7.608
-18.5493 -26.5307
-22.8998 -9.14124
45.1328 -27.1052
22.1794 -17.5348
10.319 -6.00128
-17.9316 39.2352
-26.517 -5.96455
22.2571 28.5322
52.918 32.7864
70.382 30.8328
-30.4977 21.6962
-13.523 36.5147
24.8045 4.34787
-34.5734 -21.5917
-33.2927 14.2277
-62.452 35.0216
-10.1964 -38.3607
7.87056 -32.2758
-27.2138 11.2605
-10.0915 19.8962
24.7576 22.0413
6.3544 20.5129
