1.5952 25.4112 3.74613e-20 3
-2.7952 13.6512 1.80267e-12 1
2.6768 6.0192 9.4142e-09 2
-1.0672 -30.768 0.976948 0
-6.8256 13.4736 2.00228e-12 1
7.064 33.1536 4.32257e-26 3
3.9104 -27.8208 0.95426 0
4.96 1.5744 6.24458e-07 2
7.6848 -19.5504 0.49505 0
-1.3344 -4.40641 0.00013502 2
6.0576 29.5008 2.87071e-23 3
3.5616 26.9232 2.71156e-21 3
7.2368 -7.7664 0.00109676 2
-6.6976 20.5392 1.03315e-16 1
1.8384 3.0624 1.81335e-07 2
-4.8288 41.472 1.54639e-32 3
-8.12 4.7136 3.8565e-08 1
-5.5664 7.5888 2.00588e-09 1
2.4144 22.4448 5.314e-18 3
5.728 -3.696 5.5185e-05 2
-5.464 -2.04 2.10954e-05 2
-6.384 3.11999 1.94579e-07 1
0.294401 -1.3152 1.01235e-05 2
12.6752 -8.5488 0.00149538 2
-0.491203 3.984 8.0955e-08 2
4.8576 -7.4112 0.000962792 2
2.6512 21.6864 1.81998e-17 3
-0.595203 -3.1392 4.7884e-05 2
3.7792 1.5216 6.97703e-07 2
5.4608 4.5984 3.41723e-08 2
0.7216 18.96 1.28719e-15 3
-1.1152 -0.148802 3.86532e-06 2
4.7776 29.76 1.87882e-23 3
-3.5216 14.8992 3.56875e-13 1
1.4544 10.6512 6.55166e-11 2
-3.0672 -11.3136 0.0179463 2
-0.441601 20.9808 5.6765e-17 3
-4.0288 17.3568 1.23654e-14 1
6.2784 -9.0576 0.0028169 2
-5.376 -3.744 8.56797e-05 2
-1.7296 3.312 1.60313e-07 2
3.7584 24.2688 2.51425e-19 3
5.6672 -9.57599 0.00411484 2
16.568 20.6016 6.93811e-17 3
8.5872 14.208 7.14113e-13 2
1.9408 -24.9504 0.906245 0
-3.3936 4.9728 3.16403e-08 2
-1.0352 -14.5152 0.102032 2
-7.4432 1.9488 5.86478e-07 1
2.8 -2.44801 2.33647e-05 2
22.6096 24.0864 2.00951e-19 3
22.1888 35.0208 9.08948e-28 3
43.3552 -27.3168 0.976773 0
25.0128 -15.0672 0.0723053 2
21.2336 34.9872 1.00021e-27 3
17.704 22.3152 4.37489e-18 3
23.144 -17.4336 0.212921 2
23.5168 -11.0928 0.0068969 2
13.3712 -0.792 3.38895e-06 2
31.4736 18.072 2.21886e-15 2
26.08 2.2992 1.61612e-07 2
30.1376 -1.68 6.21241e-06 2
29.824 4.6848 1.63668e-08 2
31.6512 0.475199 9.53487e-07 2
17.816 -22.752 0.743338 0
25.9456 -1.9104 7.13611e-06 2
30.8032 -26.1312 0.92438 0
14.704 -3.7104 3.70447e-05 2
19.5216 3.8208 3.9878e-08 2
34.4 4.17118 3.05442e-08 2
31.624 4.5312 1.97481e-08 2
25.216 -13.5168 0.0308738 2
31.7904 -10.9152 0.00725745 2
15.9488 -5.16 0.000111888 2
16.9088 7.1568 1.47102e-09 2
12.752 21.552 1.76276e-17 3
16.5776 30.8592 1.9011e-24 3
32.976 5.304 9.35346e-09 2
30.5472 8.54399 2.91674e-10 2
28.6592 14.2608 3.68061e-13 2
26.88 0.503998 8.57356e-07 2
24.6784 17.616 4.53627e-15 2
29.5856 25.3296 1.98509e-20 3
23.6672 6.984 1.52035e-09 2
22.8976 -29.8512 0.964001 0
19.5232 10.2624 4.67535e-11 2
27.0224 -6.8304 0.000368259 2
30.7328 4.2048 2.68397e-08 2
18.752 20.6448 6.04097e-17 3
24.728 -3.94561 3.84401e-05 2
26.0384 3.792 3.83735e-08 2
22.5504 -3.0096 1.79389e-05 2
35.3088 5.54879 7.82836e-09 2
39.2896 4.4448 2.85511e-08 2
20.8752 -20.0352 0.480959 2
24.464 -15.648 0.0965153 2
29.8304 -34.6608 0.987807 0
28.9312 -1.6128 5.72598e-06 2
19.3504 -8.5056 0.00123006 2
26.3136 -31.2528 0.975389 0
-24.1776 1.008 1.1169e-06 1
-14.9232 -10.1808 0.00728249 1
-32.664 -12.0672 0.0263838 1
-22.7248 2.9664 1.7184e-07 1
-38.4464 -17.544 0.397763 1
-22.2448 -11.0064 0.0105675 1
-29.648 -22.2864 0.689977 0
-23.5984 10.8144 3.9944e-11 1
-22.6016 -33.8496 0.943605 0
-22.5968 -2.6208 2.56999e-05 1
-23.5024 -18.1776 0.308551 1
-13.9808 -11.232 0.0144504 1
-27.6896 0.0911987 2.8669e-06 1
-16.1056 23.5056 8.89214e-19 1
-21.0384 -5.256 0.000206685 1
-21.2224 -26.9184 0.88343 0
-14.5152 -42.6432 0.935021 0
-16.1888 22.7184 3.1118e-18 1
-15.328 21.0816 3.95204e-17 1
-39.3824 9.3312 7.71518e-10 1
-27.2064 14.8272 3.35362e-13 1
-25.0944 -12.3504 0.0234995 1
-29.5936 -11.6304 0.0175885 1
-18.6896 6.8304 3.28428e-09 1
-29.9776 5.3856 2.06424e-08 1
-25.3232 5.4864 1.47889e-08 1
-28.5376 13.4112 2.17889e-12 1
-20.1536 -8.3376 0.00191816 1
-27.4016 17.8224 6.07643e-15 1
-19.88 11.0448 2.86167e-11 1
-17.1696 -18.4512 0.365462 1
-31.9344 -19.824 0.508811 0
-30.5824 10.5024 8.21152e-11 1
-29.0816 15.1344 2.52182e-13 1
-23.7472 -5.1696 0.000196089 1
-15.3872 43.5888 3.37466e-34 3
-27.6896 -37.8192 0.933022 0
-36.4128 11.9616 2.54963e-11 1
-23.8032 18.4176 2.24203e-15 1
-24.9984 9.768 1.40242e-10 1
-29.5696 18.8688 1.56333e-15 1
-26.68 5.0544 2.42383e-08 1
-28.728 5.3424 1.99986e-08 1
-26.744 5.45279 1.61757e-08 1
-17.0272 6.84 3.30164e-09 1
-22.4816 -14.064 0.058125 1
-17.0208 -3.4704 5.34244e-05 1
-21.6112 -2.2032 1.80548e-05 1
-30.9456 -3.4992 6.97239e-05 1
-22.6288 6.5952 4.32625e-09 1
-67.224 -30.4176 0.9997 0
-27.768 -26.2064 0.859455 0
-20.808 -32.4816 0.943464 0
-21.128 -20.6672 0.554206 0
-1.504 -31.6496 0.979863 0
-14.4 -19.84 0.535279 0
-29.808 -21.8976 0.663713 0
-7.896 -18.3328 0.441496 0
-16.304 -26.3888 0.892635 0
7.976 -18.6272 0.388339 2
8.672 -27.2064 0.938472 0
-28.016 -28.3088 0.901803 0
37.232 -27.9408 0.968442 0
10.4 -30.4576 0.969813 0
6.79998 -39.6592 0.988746 0
-36.32 -29.0688 0.934097 0
-10.944 -32.744 0.970004 0
30.16 -32.4272 0.983034 0
-19.776 -29.6112 0.92781 0
16.32 -17.32 0.208004 2
-11.92 -26.904 0.923973 0
9.408 -29.0992 0.960527 0
0.824003 -28.1088 0.960157 0
-9.25601 -33.36 0.974906 0
-5.184 -37.0528 0.983913 0
20.328 -24.3888 0.84067 0
-13.496 -25.4672 0.885958 0
4.912 -26.888 0.940263 0
-18.384 -28.5808 0.920865 0
-13.656 -21.5456 0.695348 0
-18.888 -29.3152 0.927531 0
12.52 -32.5328 0.978443 0
-99 -23.9872 1 0
12.128 -22.9616 0.775049 0
-64.528 -32.5216 0.999429 0
8.008 -26.376 0.924621 0
-10.008 -37.8272 0.974788 0
-8.35201 -34.0864 0.977684 0
-31.408 -31.8832 0.937307 0
-21.344 -22.7408 0.715716 0
8.376 -39.272 0.988576 0
-2.824 -32.0224 0.980305 0
19.96 -32.8064 0.978857 0
49.248 -22.2864 0.924777 0
50.696 -30.8768 0.995904 0
-19.072 -34.976 0.952252 0
6.39199 -25.7728 0.915186 0
10.176 -36.1808 0.986605 0
26.248 -36.176 0.988077 0
-3.76 -37.1936 0.985485 0
-10.496 31.0032 2.70445e-24 3
23.432 24.0624 2.04233e-19 3
24.944 36.3968 6.78256e-29 3
48.056 34.8624 4.41783e-28 3
-12.848 33.7824 2.08562e-26 3
0.831986 26.0496 1.27232e-20 3
27.28 30.8384 1.36904e-24 3
-7.144 37.0096 5.77171e-29 3
-11.168 33.688 2.39697e-26 3
10.088 32.5168 1.23038e-25 3
-6.176 18.0912 4.05657e-15 1
-32.76 26.5552 1.01566e-20 3
23.832 21.4672 1.43197e-17 3
6.528 25.3568 3.75512e-20 3
-11.328 37.2 4.39156e-29 3
-0.176012 27.912 5.21316e-22 3
4.41599 21.3776 2.92353e-17 3
-68.232 33.4672 1.68145e-25 3
38.488 25.9872 4.91136e-21 3
20.84 27.8368 3.3796e-22 3
69.536 35.5712 4.64057e-29 3
-44.08 26.488 1.79962e-20 3
9.232 34.496 3.66083e-27 3
18.664 29.3728 2.4537e-23 3
-6.152 10.176 1.09311e-10 1
-32 37.9792 2.10439e-29 3
5.93599 29.1024 5.79302e-23 3
-0.743998 24.8944 9.2065e-20 3
-1.912 37.3968 2.60448e-29 3
7.528 31.7312 5.36977e-25 3
-6.112 36.6384 1.11059e-28 3
-30.752 20.2288 2.28195e-16 1
-42.168 28.2944 7.68105e-22 3
-27.184 22.3216 7.6367e-18 1
56.088 30.2864 1.26449e-24 3
-42.776 26.008 3.89657e-20 3
15.24 29.944 1.00273e-23 3
28.96 31.0448 8.94047e-25 3
-13.08 26.5232 6.11856e-21 3
-8.56 29.0176 8.38031e-23 3
68.4 25.904 1.97063e-21 3
-56.672 36.576 5.68825e-28 3
-47.816 20.9072 2.37433e-16 3
59.472 31.1344 2.38096e-25 3
31.464 46.3792 4.91798e-37 3
75.192 35.952 1.75475e-29 3
47.944 16.3232 3.55091e-14 2
-18.656 35.9616 4.83723e-28 3
6.632 29.8288 1.58901e-23 3
-22.296 33.8016 2.53449e-26 3
