1.5952 25.4112 2.06958e-20 3
-2.7952 13.6512 1.11373e-12 1
2.6768 6.0192 7.55076e-09 2
-1.0672 -30.768 0.968576 0
-6.8256 13.4736 1.2823e-12 1
7.064 33.1536 1.96925e-26 3
3.9104 -27.8208 0.939326 0
4.96 1.5744 5.73403e-07 2
7.6848 -19.5504 0.473014 2
-1.3344 -4.40641 0.000133123 2
6.0576 29.5008 1.43703e-23 3
3.5616 26.9232 1.44936e-21 3
7.2368 -7.7664 0.00113301 2
-6.6976 20.5392 6.19591e-17 1
1.8384 3.0624 1.58031e-07 2
-4.8288 41.472 5.91982e-33 3
-8.12 4.7136 3.02908e-08 1
-5.5664 7.5888 1.4646e-09 1
2.4144 22.4448 3.032e-18 3
5.728 -3.696 5.56304e-05 2
-5.464 -2.04 1.91877e-05 1
-6.384 3.11999 1.58503e-07 1
0.294401 -1.3152 9.64301e-06 2
12.6752 -8.5488 0.00149334 2
-0.491203 3.984 6.73899e-08 2
4.8576 -7.4112 0.00100136 2
2.6512 21.6864 1.04085e-17 3
-0.595203 -3.1392 4.66903e-05 2
3.7792 1.5216 6.39412e-07 2
5.4608 4.5984 2.8984e-08 2
0.7216 18.96 7.39751e-16 1
-1.1152 -0.148802 3.54676e-06 2
4.7776 29.76 9.37754e-24 3
-3.5216 14.8992 2.16245e-13 1
1.4544 10.6512 4.43668e-11 2
-3.0672 -11.3136 0.0182668 2
-0.441601 20.9808 3.27823e-17 3
-4.0288 17.3568 7.33168e-15 1
6.2784 -9.0576 0.0029274 2
-5.376 -3.744 8.01529e-05 1
-1.7296 3.312 1.34374e-07 2
3.7584 24.2688 1.40655e-19 3
5.6672 -9.57599 0.00428563 2
16.568 20.6016 3.72687e-17 2
8.5872 14.208 4.3305e-13 2
1.9408 -24.9504 0.88972 0
-3.3936 4.9728 2.49839e-08 1
-1.0352 -14.5152 0.103913 2
-7.4432 1.9488 4.88519e-07 1
2.8 -2.44801 2.30738e-05 2
22.6096 24.0864 1.0439e-19 3
22.1888 35.0208 3.70745e-28 3
43.3552 -27.3168 0.963421 0
25.0128 -15.0672 0.0643246 2
21.2336 34.9872 4.10158e-28 3
17.704 22.3152 2.33684e-18 3
23.144 -17.4336 0.187579 2
23.5168 -11.0928 0.00638916 2
13.3712 -0.792 3.16749e-06 2
31.4736 18.072 1.18234e-15 2
26.08 2.2992 1.34111e-07 2
30.1376 -1.68 5.48389e-06 2
29.824 4.6848 1.27546e-08 2
31.6512 0.475199 8.14023e-07 2
17.816 -22.752 0.690711 0
25.9456 -1.9104 6.36607e-06 2
30.8032 -26.1312 0.887659 0
14.704 -3.7104 3.56517e-05 2
19.5216 3.8208 3.27348e-08 2
34.4 4.17118 2.41595e-08 2
31.624 4.5312 1.54441e-08 2
25.216 -13.5168 0.0278626 2
31.7904 -10.9152 0.00659756 2
15.9488 -5.16 0.000108074 2
16.9088 7.1568 1.11201e-09 2
12.752 21.552 9.67797e-18 3
16.5776 30.8592 8.83808e-25 3
32.976 5.304 7.17128e-09 2
30.5472 8.54399 2.0251e-10 2
28.6592 14.2608 2.09904e-13 2
26.88 0.503998 7.35564e-07 2
24.6784 17.616 2.40207e-15 2
29.5856 25.3296 1.00456e-20 3
23.6672 6.984 1.12276e-09 2
22.8976 -29.8512 0.938392 0
19.5232 10.2624 3.13783e-11 2
27.0224 -6.8304 0.000339908 2
30.7328 4.2048 2.11664e-08 2
18.752 20.6448 3.21092e-17 2
24.728 -3.94561 3.51712e-05 2
26.0384 3.792 3.07698e-08 2
22.5504 -3.0096 1.64043e-05 2
35.3088 5.54879 5.98118e-09 2
39.2896 4.4448 2.2716e-08 2
20.8752 -20.0352 0.430262 2
24.464 -15.648 0.0855768 2
29.8304 -34.6608 0.972262 0
28.9312 -1.6128 5.0569e-06 2
19.3504 -8.5056 0.00117446 2
26.3136 -31.2528 0.954026 0
-24.1776 1.008 1.04196e-06 1
-14.9232 -10.1808 0.00712809 1
-32.664 -12.0672 0.0276683 1
-22.7248 2.9664 1.5517e-07 1
-38.4464 -17.544 0.407028 1
-22.2448 -11.0064 0.0108225 1
-29.648 -22.2864 0.705817 0
-23.5984 10.8144 3.2592e-11 1
-22.6016 -33.8496 0.945187 0
-22.5968 -2.6208 2.46958e-05 1
-23.5024 -18.1776 0.32094 1
-13.9808 -11.232 0.014178 1
-27.6896 0.0911987 2.74382e-06 1
-16.1056 23.5056 5.60314e-19 1
-21.0384 -5.256 0.000201703 1
-21.2224 -26.9184 0.88798 0
-14.5152 -42.6432 0.927459 0
-16.1888 22.7184 1.99116e-18 1
-15.328 21.0816 2.57351e-17 1
-39.3824 9.3312 6.57895e-10 1
-27.2064 14.8272 2.65433e-13 1
-25.0944 -12.3504 0.0245189 1
-29.5936 -11.6304 0.018458 1
-18.6896 6.8304 2.71717e-09 1
-29.9776 5.3856 1.87102e-08 1
-25.3232 5.4864 1.31458e-08 1
-28.5376 13.4112 1.76927e-12 1
-20.1536 -8.3376 0.0019091 1
-27.4016 17.8224 4.62319e-15 1
-19.88 11.0448 2.24834e-11 1
-17.1696 -18.4512 0.370354 1
-31.9344 -19.824 0.526609 0
-30.5824 10.5024 6.97779e-11 1
-29.0816 15.1344 2.00744e-13 1
-23.7472 -5.1696 0.000194128 1
-15.3872 43.5888 1.31437e-34 3
-27.6896 -37.8192 0.934578 0
-36.4128 11.9616 2.13231e-11 1
-23.8032 18.4176 1.64897e-15 1
-24.9984 9.768 1.17339e-10 1
-29.5696 18.8688 1.18354e-15 1
-26.68 5.0544 2.18172e-08 1
-28.728 5.3424 1.8078e-08 1
-26.744 5.45279 1.44906e-08 1
-17.0272 6.84 2.68482e-09 1
-22.4816 -14.064 0.0603658 1
-17.0208 -3.4704 4.99008e-05 1
-21.6112 -2.2032 1.7171e-05 1
-30.9456 -3.4992 6.94064e-05 1
-22.6288 6.5952 3.72036e-09 1
-67.224 -30.4176 0.999464 0
-27.768 -26.2064 0.867856 0
-20.808 -32.4816 0.944742 0
-21.128 -20.6672 0.566248 0
-1.504 -31.6496 0.972044 0
-14.4 -19.84 0.535791 0
-29.808 -21.8976 0.680251 0
-7.896 -18.3328 0.435707 0
-16.304 -26.3888 0.893121 0
7.976 -18.6272 0.371659 2
8.672 -27.2064 0.91633 0
-28.016 -28.3088 0.907611 0
37.232 -27.9408 0.948485 0
10.4 -30.4576 0.951779 0
6.79998 -39.6592 0.972249 0
-36.32 -29.0688 0.936675 0
-10.944 -32.744 0.96654 0
30.16 -32.4272 0.965814 0
-19.776 -29.6112 0.929599 0
16.32 -17.32 0.189881 2
-11.92 -26.904 0.920497 0
9.408 -29.0992 0.941352 0
0.824003 -28.1088 0.94864 0
-9.25601 -33.36 0.970717 0
-5.184 -37.0528 0.977278 0
20.328 -24.3888 0.791323 0
-13.496 -25.4672 0.883779 0
4.912 -26.888 0.922687 0
-18.384 -28.5808 0.922189 0
-13.656 -21.5456 0.694032 0
-18.888 -29.3152 0.928892 0
12.52 -32.5328 0.961029 0
-99 -23.9872 1 0
12.128 -22.9616 0.734603 0
-64.528 -32.5216 0.999054 0
8.008 -26.376 0.901493 0
-10.008 -37.8272 0.969751 0
-8.35201 -34.0864 0.973085 0
-31.408 -31.8832 0.940372 0
-21.344 -22.7408 0.725903 0
8.376 -39.272 0.971541 0
-2.824 -32.0224 0.973269 0
19.96 -32.8064 0.958716 0
49.248 -22.2864 0.905301 0
50.696 -30.8768 0.992662 0
-19.072 -34.976 0.952123 0
6.39199 -25.7728 0.893274 0
10.176 -36.1808 0.971305 0
26.248 -36.176 0.970808 0
-3.76 -37.1936 0.978148 0
-10.496 31.0032 1.38044e-24 3
23.432 24.0624 1.05907e-19 3
24.944 36.3968 2.63962e-29 3
48.056 34.8624 1.60318e-28 3
-12.848 33.7824 1.00904e-26 3
0.831986 26.0496 6.96012e-21 3
27.28 30.8384 6.09578e-25 3
-7.144 37.0096 2.50525e-29 3
-11.168 33.688 1.15079e-26 3
10.088 32.5168 5.6373e-26 3
-6.176 18.0912 2.44642e-15 1
-32.76 26.5552 6.41935e-21 3
23.832 21.4672 7.50301e-18 2
6.528 25.3568 2.05221e-20 3
-11.328 37.2 1.94337e-29 3
-0.176012 27.912 2.74952e-22 3
4.41599 21.3776 1.66516e-17 3
-68.232 33.4672 8.80843e-26 3
38.488 25.9872 2.45195e-21 3
20.84 27.8368 1.659e-22 3
69.536 35.5712 1.40685e-29 3
-44.08 26.488 1.1309e-20 3
9.232 34.496 1.6019e-27 3
18.664 29.3728 1.17264e-23 3
-6.152 10.176 7.48184e-11 1
-32 37.9792 1.0186e-29 3
5.93599 29.1024 2.92912e-23 3
-0.743998 24.8944 5.15522e-20 3
-1.912 37.3968 1.09651e-29 3
7.528 31.7312 2.53147e-25 3
-6.112 36.6384 4.83982e-29 3
-30.752 20.2288 1.69366e-16 1
-42.168 28.2944 4.59986e-22 3
-27.184 22.3216 5.34105e-18 1
56.088 30.2864 5.09902e-25 3
-42.776 26.008 2.48598e-20 3
15.24 29.944 4.79753e-24 3
28.96 31.0448 3.93608e-25 3
-13.08 26.5232 3.53245e-21 3
-8.56 29.0176 4.44161e-23 3
68.4 25.904 8.7814e-22 3
-56.672 36.576 2.86452e-28 3
-47.816 20.9072 1.75466e-16 3
59.472 31.1344 9.09833e-26 3
31.464 46.3792 1.48043e-37 3
75.192 35.952 5.00205e-30 3
47.944 16.3232 2.25256e-14 2
-18.656 35.9616 2.30715e-28 3
6.632 29.8288 7.8775e-24 3
-22.296 33.8016 1.29358e-26 3
