1.5952 25.4112 1.03277e-16 3
-2.7952 13.6512 1.92391e-10 3
2.6768 6.0192 2.85747e-07 2
-1.0672 -30.768 0.947206 0
-6.8256 13.4736 2.53956e-10 3
7.064 33.1536 1.33732e-21 3
3.9104 -27.8208 0.918677 0
4.96 1.5744 1.05201e-05 2
7.6848 -19.5504 0.558541 0
-1.3344 -4.40641 0.000826939 2
6.0576 29.5008 2.97836e-19 3
3.5616 26.9232 1.22744e-17 3
7.2368 -7.7664 0.00542271 2
-6.6976 20.5392 7.17515e-14 3
1.8384 3.0624 3.48703e-06 2
-4.8288 41.472 4.63799e-27 3
-8.12 4.7136 1.1295e-06 1
-5.5664 7.5888 8.45464e-08 1
2.4144 22.4448 5.07771e-15 3
5.728 -3.696 0.000449337 2
-5.464 -2.04 0.0001885 1
-6.384 3.11999 4.04083e-06 1
0.294401 -1.3152 9.88229e-05 2
12.6752 -8.5488 0.00791315 2
-0.491203 3.984 1.73417e-06 2
4.8576 -7.4112 0.00458858 2
2.6512 21.6864 1.33339e-14 3
-0.595203 -3.1392 0.000354125 2
3.7792 1.5216 1.124e-05 2
5.4608 4.5984 9.08798e-07 2
0.7216 18.96 4.13756e-13 3
-1.1152 -0.148802 4.40501e-05 2
4.7776 29.76 2.1477e-19 3
-3.5216 14.8992 5.02124e-11 3
1.4544 10.6512 3.88798e-09 2
-3.0672 -11.3136 0.0429727 2
-0.441601 20.9808 3.53436e-14 3
-4.0288 17.3568 3.11095e-12 3
6.2784 -9.0576 0.0113558 2
-5.376 -3.744 0.00059328 1
-1.7296 3.312 3.09381e-06 2
3.7584 24.2688 4.47538e-16 3
5.6672 -9.57599 0.0151633 2
16.568 20.6016 3.51629e-14 3
8.5872 14.208 8.08783e-11 3
1.9408 -24.9504 0.863224 0
-3.3936 4.9728 8.09712e-07 1
-1.0352 -14.5152 0.162951 2
-7.4432 1.9488 1.052e-05 1
2.8 -2.44801 0.000205881 2
22.6096 24.0864 3.10707e-16 3
22.1888 35.0208 4.1234e-23 3
43.3552 -27.3168 0.963898 0
25.0128 -15.0672 0.181834 2
21.2336 34.9872 4.5274e-23 3
17.704 22.3152 3.78706e-15 3
23.144 -17.4336 0.374896 2
23.5168 -11.0928 0.0302864 2
13.3712 -0.792 5.27581e-05 2
31.4736 18.072 5.28923e-13 3
26.08 2.2992 4.30611e-06 2
30.1376 -1.68 8.9096e-05 2
29.824 4.6848 5.77197e-07 2
31.6512 0.475199 1.78804e-05 2
17.816 -22.752 0.783354 0
25.9456 -1.9104 0.000104956 2
30.8032 -26.1312 0.921909 0
14.704 -3.7104 0.000394367 2
19.5216 3.8208 1.3318e-06 2
34.4 4.17118 8.88631e-07 2
31.624 4.5312 6.54071e-07 2
25.216 -13.5168 0.0973183 2
31.7904 -10.9152 0.029984 2
15.9488 -5.16 0.00100086 2
16.9088 7.1568 7.65203e-08 2
12.752 21.552 1.18087e-14 3
16.5776 30.8592 2.7902e-20 3
32.976 5.304 3.32162e-07 2
30.5472 8.54399 1.70934e-08 2
28.6592 14.2608 4.7487e-11 2
26.88 0.503998 1.75454e-05 2
24.6784 17.616 1.08965e-12 3
29.5856 25.3296 4.52235e-17 3
23.6672 6.984 7.98949e-08 2
22.8976 -29.8512 0.951652 0
19.5232 10.2624 3.80615e-09 2
27.0224 -6.8304 0.00276127 2
30.7328 4.2048 8.67831e-07 2
18.752 20.6448 3.11831e-14 3
24.728 -3.94561 0.000430505 2
26.0384 3.792 1.26521e-06 2
22.5504 -3.0096 0.000229455 2
35.3088 5.54879 2.66486e-07 2
39.2896 4.4448 7.14073e-07 2
20.8752 -20.0352 0.609325 0
24.464 -15.648 0.222581 2
29.8304 -34.6608 0.977174 0
28.9312 -1.6128 8.46484e-05 2
19.3504 -8.5056 0.00740485 2
26.3136 -31.2528 0.963853 0
-24.1776 1.008 3.66637e-05 1
-14.9232 -10.1808 0.0338553 1
-32.664 -12.0672 0.169534 1
-22.7248 2.9664 7.36424e-06 1
-38.4464 -17.544 0.760894 0
-22.2448 -11.0064 0.0663943 1
-29.648 -22.2864 0.896625 0
-23.5984 10.8144 6.00798e-09 1
-22.6016 -33.8496 0.975335 0
-22.5968 -2.6208 0.000483949 1
-23.5024 -18.1776 0.62984 0
-13.9808 -11.232 0.0550194 1
-27.6896 0.0911987 8.50319e-05 1
-16.1056 23.5056 2.11448e-15 3
-21.0384 -5.256 0.00256992 1
-21.2224 -26.9184 0.943737 0
-14.5152 -42.6432 0.953355 0
-16.1888 22.7184 5.8454e-15 3
-15.328 21.0816 4.52228e-14 3
-39.3824 9.3312 4.73324e-08 1
-27.2064 14.8272 9.69131e-11 1
-25.0944 -12.3504 0.135911 1
-29.5936 -11.6304 0.12175 1
-18.6896 6.8304 2.3415e-07 1
-29.9776 5.3856 1.2506e-06 1
-25.3232 5.4864 9.58666e-07 1
-28.5376 13.4112 4.71486e-10 1
-20.1536 -8.3376 0.0153688 1
-27.4016 17.8224 3.22547e-12 3
-19.88 11.0448 4.28751e-09 1
-17.1696 -18.4512 0.590828 0
-31.9344 -19.824 0.824004 0
-30.5824 10.5024 1.03433e-08 1
-29.0816 15.1344 7.31321e-11 1
-23.7472 -5.1696 0.0027184 1
-15.3872 43.5888 2.24485e-28 3
-27.6896 -37.8192 0.98088 0
-36.4128 11.9616 2.898e-09 1
-23.8032 18.4176 1.44063e-12 3
-24.9984 9.768 1.7744e-08 1
-29.5696 18.8688 1.00026e-12 3
-26.68 5.0544 1.46866e-06 1
-28.728 5.3424 1.23572e-06 1
-26.744 5.45279 1.03976e-06 1
-17.0272 6.84 2.21514e-07 1
-22.4816 -14.064 0.235986 1
-17.0208 -3.4704 0.00069945 1
-21.6112 -2.2032 0.000349008 1
-30.9456 -3.4992 0.00127804 1
-22.6288 6.5952 3.26385e-07 1
-67.224 -30.4176 0.99923 0
-27.768 -26.2064 0.952303 0
-20.808 -32.4816 0.971293 0
-21.128 -20.6672 0.779731 0
-1.504 -31.6496 0.951894 0
-14.4 -19.84 0.678359 0
-29.808 -21.8976 0.886888 0
-7.896 -18.3328 0.509911 0
-16.304 -26.3888 0.926305 0
7.976 -18.6272 0.476308 0
8.672 -27.2064 0.909654 0
-28.016 -28.3088 0.967105 0
37.232 -27.9408 0.958036 0
10.4 -30.4576 0.945348 0
6.79998 -39.6592 0.95874 0
-36.32 -29.0688 0.981976 0
-10.944 -32.744 0.961831 0
30.16 -32.4272 0.972551 0
-19.776 -29.6112 0.960347 0
16.32 -17.32 0.352994 2
-11.92 -26.904 0.923841 0
9.408 -29.0992 0.93382 0
0.824003 -28.1088 0.923518 0
-9.25601 -33.36 0.961949 0
-5.184 -37.0528 0.962632 0
20.328 -24.3888 0.85506 0
-13.496 -25.4672 0.904709 0
4.912 -26.888 0.904287 0
-18.384 -28.5808 0.95203 0
-13.656 -21.5456 0.77798 0
-18.888 -29.3152 0.957435 0
12.52 -32.5328 0.957114 0
-99 -23.9872 0.999926 0
12.128 -22.9616 0.786719 0
-64.528 -32.5216 0.999123 0
8.008 -26.376 0.894655 0
-10.008 -37.8272 0.964652 0
-8.35201 -34.0864 0.962685 0
-31.408 -31.8832 0.982046 0
-21.344 -22.7408 0.86708 0
8.376 -39.272 0.960299 0
-2.824 -32.0224 0.95402 0
19.96 -32.8064 0.96358 0
49.248 -22.2864 0.896149 0
50.696 -30.8768 0.988511 0
-19.072 -34.976 0.972743 0
6.39199 -25.7728 0.881701 0
10.176 -36.1808 0.963256 0
26.248 -36.176 0.975559 0
-3.76 -37.1936 0.962023 0
-10.496 31.0032 6.02757e-20 3
23.432 24.0624 3.12194e-16 3
24.944 36.3968 4.24856e-24 3
48.056 34.8624 1.68876e-23 3
-12.848 33.7824 1.09546e-21 3
0.831986 26.0496 4.44374e-17 3
27.28 30.8384 1.88234e-20 3
-7.144 37.0096 6.39544e-24 3
-11.168 33.688 1.18752e-21 3
10.088 32.5168 3.08402e-21 3
-6.176 18.0912 1.37826e-12 3
-32.76 26.5552 6.27787e-17 3
23.832 21.4672 9.36485e-15 3
6.528 25.3568 9.53047e-17 3
-11.328 37.2 5.60779e-24 3
-0.176012 27.912 3.50032e-18 3
4.41599 21.3776 1.87992e-14 3
-68.232 33.4672 1.61952e-20 3
38.488 25.9872 1.33418e-17 3
20.84 27.8368 1.8644e-18 3
69.536 35.5712 2.05345e-24 3
-44.08 26.488 1.04799e-16 3
9.232 34.496 1.60122e-22 3
18.664 29.3728 2.24625e-19 3
-6.152 10.176 7.3557e-09 1
-32 37.9792 3.80272e-24 3
5.93599 29.1024 5.29118e-19 3
-0.743998 24.8944 2.2199e-16 3
-1.912 37.3968 2.82501e-24 3
7.528 31.7312 1.0947e-20 3
-6.112 36.6384 1.09358e-23 3
-30.752 20.2288 2.00731e-13 3
-42.168 28.2944 8.34766e-18 3
-27.184 22.3216 1.32507e-14 3
56.088 30.2864 1.3491e-20 3
-42.776 26.008 1.89362e-16 3
15.24 29.944 1.11893e-19 3
28.96 31.0448 1.29588e-20 3
-13.08 26.5232 3.52337e-17 3
-8.56 29.0176 9.6738e-19 3
68.4 25.904 5.19773e-18 3
-56.672 36.576 9.71909e-23 3
-47.816 20.9072 1.62566e-13 3
59.472 31.1344 3.26558e-21 3
31.464 46.3792 1.8562e-31 3
75.192 35.952 8.51348e-25 3
47.944 16.3232 3.11695e-12 3
-18.656 35.9616 5.0282e-23 3
6.632 29.8288 1.82007e-19 3
-22.296 33.8016 1.49704e-21 3
