1.5952 25.4112 1.97588e-20 3
-2.7952 13.6512 1.08553e-12 1
2.6768 6.0192 7.37572e-09 2
-1.0672 -30.768 0.968899 0
-6.8256 13.4736 1.25184e-12 1
7.064 33.1536 1.85282e-26 3
3.9104 -27.8208 0.940406 0
4.96 1.5744 5.63978e-07 2
7.6848 -19.5504 0.476521 2
-1.3344 -4.40641 0.000131858 2
6.0576 29.5008 1.36078e-23 3
3.5616 26.9232 1.37904e-21 3
7.2368 -7.7664 0.00113256 2
-6.6976 20.5392 5.98834e-17 1
1.8384 3.0624 1.55053e-07 2
-4.8288 41.472 5.48185e-33 3
-8.12 4.7136 2.97326e-08 1
-5.5664 7.5888 1.43544e-09 1
2.4144 22.4448 2.90683e-18 3
5.728 -3.696 5.52155e-05 2
-5.464 -2.04 1.89304e-05 1
-6.384 3.11999 1.55793e-07 1
0.294401 -1.3152 9.51893e-06 2
12.6752 -8.5488 0.00149736 2
-0.491203 3.984 6.60961e-08 2
4.8576 -7.4112 0.000999273 2
2.6512 21.6864 9.98691e-18 3
-0.595203 -3.1392 4.6189e-05 2
3.7792 1.5216 6.28803e-07 2
5.4608 4.5984 2.8365e-08 2
0.7216 18.96 7.14057e-16 1
-1.1152 -0.148802 3.49567e-06 2
4.7776 29.76 8.87791e-24 3
-3.5216 14.8992 2.10676e-13 1
1.4544 10.6512 4.31336e-11 2
-3.0672 -11.3136 0.0181997 2
-0.441601 20.9808 3.15899e-17 3
-4.0288 17.3568 7.12549e-15 1
6.2784 -9.0576 0.00293051 2
-5.376 -3.744 7.91811e-05 1
-1.7296 3.312 1.31956e-07 2
3.7584 24.2688 1.34355e-19 3
5.6672 -9.57599 0.00429212 2
16.568 20.6016 3.56999e-17 2
8.5872 14.208 4.16906e-13 2
1.9408 -24.9504 0.891219 0
-3.3936 4.9728 2.45143e-08 1
-1.0352 -14.5152 0.104111 2
-7.4432 1.9488 4.80398e-07 1
2.8 -2.44801 2.2828e-05 2
22.6096 24.0864 1.00088e-19 3
22.1888 35.0208 3.49228e-28 3
43.3552 -27.3168 0.962296 0
25.0128 -15.0672 0.0646363 2
21.2336 34.9872 3.86172e-28 3
17.704 22.3152 2.23611e-18 3
23.144 -17.4336 0.188581 2
23.5168 -11.0928 0.00642043 2
13.3712 -0.792 3.143e-06 2
31.4736 18.072 1.15874e-15 2
26.08 2.2992 1.33657e-07 2
30.1376 -1.68 5.48758e-06 2
29.824 4.6848 1.27132e-08 2
31.6512 0.475199 8.14052e-07 2
17.816 -22.752 0.693126 0
25.9456 -1.9104 6.3657e-06 2
30.8032 -26.1312 0.887066 0
14.704 -3.7104 3.5554e-05 2
19.5216 3.8208 3.24121e-08 2
34.4 4.17118 2.41421e-08 2
31.624 4.5312 1.5411e-08 2
25.216 -13.5168 0.0279954 2
31.7904 -10.9152 0.00660667 2
15.9488 -5.16 0.000108037 2
16.9088 7.1568 1.09245e-09 2
12.752 21.552 9.23892e-18 3
16.5776 30.8592 8.36361e-25 3
32.976 5.304 7.15739e-09 2
30.5472 8.54399 2.01282e-10 2
28.6592 14.2608 2.06686e-13 2
26.88 0.503998 7.3446e-07 2
24.6784 17.616 2.33714e-15 2
29.5856 25.3296 9.66515e-21 3
23.6672 6.984 1.11106e-09 2
22.8976 -29.8512 0.938613 0
19.5232 10.2624 3.07522e-11 2
27.0224 -6.8304 0.000340811 2
30.7328 4.2048 2.11159e-08 2
18.752 20.6448 3.08236e-17 2
24.728 -3.94561 3.52085e-05 2
26.0384 3.792 3.06212e-08 2
22.5504 -3.0096 1.64008e-05 2
35.3088 5.54879 5.97545e-09 2
39.2896 4.4448 2.27303e-08 2
20.8752 -20.0352 0.432341 2
24.464 -15.648 0.086012 2
29.8304 -34.6608 0.971893 0
28.9312 -1.6128 5.05918e-06 2
19.3504 -8.5056 0.00117892 2
26.3136 -31.2528 0.953899 0
-24.1776 1.008 1.01396e-06 1
-14.9232 -10.1808 0.00700452 1
-32.664 -12.0672 0.0272171 1
-22.7248 2.9664 1.50856e-07 1
-38.4464 -17.544 0.405123 1
-22.2448 -11.0064 0.010606 1
-29.648 -22.2864 0.702225 0
-23.5984 10.8144 3.13801e-11 1
-22.6016 -33.8496 0.943548 0
-22.5968 -2.6208 2.41144e-05 1
-23.5024 -18.1776 0.316516 1
-13.9808 -11.232 0.0139441 1
-27.6896 0.0911987 2.66911e-06 1
-16.1056 23.5056 5.33488e-19 1
-21.0384 -5.256 0.000197348 1
-21.2224 -26.9184 0.885435 0
-14.5152 -42.6432 0.924161 0
-16.1888 22.7184 1.89861e-18 1
-15.328 21.0816 2.46439e-17 1
-39.3824 9.3312 6.3041e-10 1
-27.2064 14.8272 2.53106e-13 1
-25.0944 -12.3504 0.0240433 1
-29.5936 -11.6304 0.0181188 1
-18.6896 6.8304 2.6408e-09 1
-29.9776 5.3856 1.80741e-08 1
-25.3232 5.4864 1.27257e-08 1
-28.5376 13.4112 1.68916e-12 1
-20.1536 -8.3376 0.00187044 1
-27.4016 17.8224 4.38609e-15 1
-19.88 11.0448 2.1726e-11 1
-17.1696 -18.4512 0.365656 1
-31.9344 -19.824 0.522888 0
-30.5824 10.5024 6.68548e-11 1
-29.0816 15.1344 1.91007e-13 1
-23.7472 -5.1696 0.00018977 1
-15.3872 43.5888 1.19638e-34 3
-27.6896 -37.8192 0.932748 0
-36.4128 11.9616 2.03281e-11 1
-23.8032 18.4176 1.56894e-15 1
-24.9984 9.768 1.12995e-10 1
-29.5696 18.8688 1.11897e-15 1
-26.68 5.0544 2.11146e-08 1
-28.728 5.3424 1.74726e-08 1
-26.744 5.45279 1.40166e-08 1
-17.0272 6.84 2.61356e-09 1
-22.4816 -14.064 0.0592318 1
-17.0208 -3.4704 4.88906e-05 1
-21.6112 -2.2032 1.67697e-05 1
-30.9456 -3.4992 6.77472e-05 1
-22.6288 6.5952 3.60392e-09 1
-67.224 -30.4176 0.999506 0
-27.768 -26.2064 0.865515 0
-20.808 -32.4816 0.943109 0
-21.128 -20.6672 0.560929 0
-1.504 -31.6496 0.97229 0
-14.4 -19.84 0.531047 0
-29.808 -21.8976 0.676535 0
-7.896 -18.3328 0.433515 0
-16.304 -26.3888 0.890731 0
7.976 -18.6272 0.374749 2
8.672 -27.2064 0.917795 0
-28.016 -28.3088 0.905828 0
37.232 -27.9408 0.947514 0
10.4 -30.4576 0.95266 0
6.79998 -39.6592 0.972824 0
-36.32 -29.0688 0.936126 0
-10.944 -32.744 0.965708 0
30.16 -32.4272 0.965434 0
-19.776 -29.6112 0.927731 0
16.32 -17.32 0.191474 2
-11.92 -26.904 0.918965 0
9.408 -29.0992 0.942429 0
0.824003 -28.1088 0.94937 0
-9.25601 -33.36 0.970089 0
-5.184 -37.0528 0.97703 0
20.328 -24.3888 0.792804 0
-13.496 -25.4672 0.881527 0
4.912 -26.888 0.924044 0
-18.384 -28.5808 0.920203 0
-13.656 -21.5456 0.689937 0
-18.888 -29.3152 0.927016 0
12.52 -32.5328 0.96168 0
-99 -23.9872 1 0
12.128 -22.9616 0.737598 0
-64.528 -32.5216 0.99912 0
8.008 -26.376 0.903173 0
-10.008 -37.8272 0.968822 0
-8.35201 -34.0864 0.972557 0
-31.408 -31.8832 0.93932 0
-21.344 -22.7408 0.72139 0
8.376 -39.272 0.972114 0
-2.824 -32.0224 0.973377 0
19.96 -32.8064 0.95899 0
49.248 -22.2864 0.902319 0
50.696 -30.8768 0.992231 0
-19.072 -34.976 0.950513 0
6.39199 -25.7728 0.895059 0
10.176 -36.1808 0.971854 0
26.248 -36.176 0.97059 0
-3.76 -37.1936 0.978053 0
-10.496 31.0032 1.30005e-24 3
23.432 24.0624 1.01618e-19 3
24.944 36.3968 2.48351e-29 3
48.056 34.8624 1.53215e-28 3
-12.848 33.7824 9.42584e-27 3
0.831986 26.0496 6.63972e-21 3
27.28 30.8384 5.80308e-25 3
-7.144 37.0096 2.33429e-29 3
-11.168 33.688 1.07677e-26 3
10.088 32.5168 5.31081e-26 3
-6.176 18.0912 2.37567e-15 1
-32.76 26.5552 5.99928e-21 3
23.832 21.4672 7.23362e-18 2
6.528 25.3568 1.9546e-20 3
-11.328 37.2 1.80397e-29 3
-0.176012 27.912 2.61444e-22 3
4.41599 21.3776 1.59528e-17 3
-68.232 33.4672 8.05346e-26 3
38.488 25.9872 2.36734e-21 3
20.84 27.8368 1.58041e-22 3
69.536 35.5712 1.35867e-29 3
-44.08 26.488 1.05693e-20 3
9.232 34.496 1.5035e-27 3
18.664 29.3728 1.11328e-23 3
-6.152 10.176 7.32155e-11 1
-32 37.9792 9.26595e-30 3
5.93599 29.1024 2.7755e-23 3
-0.743998 24.8944 4.93201e-20 3
-1.912 37.3968 1.02318e-29 3
7.528 31.7312 2.38788e-25 3
-6.112 36.6384 4.51567e-29 3
-30.752 20.2288 1.59702e-16 1
-42.168 28.2944 4.28358e-22 3
-27.184 22.3216 5.03499e-18 1
56.088 30.2864 4.92472e-25 3
-42.776 26.008 2.32522e-20 3
15.24 29.944 4.54398e-24 3
28.96 31.0448 3.74954e-25 3
-13.08 26.5232 3.35278e-21 3
-8.56 29.0176 4.20681e-23 3
68.4 25.904 8.56543e-22 3
-56.672 36.576 2.60332e-28 3
-47.816 20.9072 1.65534e-16 3
59.472 31.1344 8.79184e-26 3
31.464 46.3792 1.47439e-37 3
75.192 35.952 4.84435e-30 3
47.944 16.3232 2.23453e-14 2
-18.656 35.9616 2.13191e-28 3
6.632 29.8288 7.45492e-24 3
-22.296 33.8016 1.19773e-26 3
