1.5952 25.4112 2.08321e-20 3
-2.7952 13.6512 1.11765e-12 1
2.6768 6.0192 7.57731e-09 2
-1.0672 -30.768 0.968512 0
-6.8256 13.4736 1.28635e-12 1
7.064 33.1536 1.98677e-26 3
3.9104 -27.8208 0.939105 0
4.96 1.5744 5.74688e-07 2
7.6848 -19.5504 0.472223 2
-1.3344 -4.40641 0.000133276 2
6.0576 29.5008 1.44843e-23 3
3.5616 26.9232 1.45974e-21 3
7.2368 -7.7664 0.00113217 2
-6.6976 20.5392 6.22361e-17 1
1.8384 3.0624 1.58463e-07 2
-4.8288 41.472 5.9848e-33 3
-8.12 4.7136 3.0372e-08 1
-5.5664 7.5888 1.46873e-09 1
2.4144 22.4448 3.05036e-18 3
5.728 -3.696 5.56616e-05 2
-5.464 -2.04 1.92257e-05 1
-6.384 3.11999 1.58899e-07 1
0.294401 -1.3152 9.6593e-06 2
12.6752 -8.5488 0.00149144 2
-0.491203 3.984 6.75798e-08 2
4.8576 -7.4112 0.00100095 2
2.6512 21.6864 1.04707e-17 3
-0.595203 -3.1392 4.67529e-05 2
3.7792 1.5216 6.40877e-07 2
5.4608 4.5984 2.90756e-08 2
0.7216 18.96 7.43468e-16 1
-1.1152 -0.148802 3.55387e-06 2
4.7776 29.76 9.45195e-24 3
-3.5216 14.8992 2.17e-13 1
1.4544 10.6512 4.45565e-11 2
-3.0672 -11.3136 0.0182714 2
-0.441601 20.9808 3.29501e-17 3
-4.0288 17.3568 7.35905e-15 1
6.2784 -9.0576 0.00292451 2
-5.376 -3.744 8.02959e-05 1
-1.7296 3.312 1.34725e-07 2
3.7584 24.2688 1.41588e-19 3
5.6672 -9.57599 0.0042811 2
16.568 20.6016 3.75194e-17 2
8.5872 14.208 4.3571e-13 2
1.9408 -24.9504 0.889399 0
-3.3936 4.9728 2.50521e-08 1
-1.0352 -14.5152 0.103829 2
-7.4432 1.9488 4.89724e-07 1
2.8 -2.44801 2.31017e-05 2
22.6096 24.0864 1.05033e-19 3
22.1888 35.0208 3.73946e-28 3
43.3552 -27.3168 0.963682 0
25.0128 -15.0672 0.0642528 2
21.2336 34.9872 4.13737e-28 3
17.704 22.3152 2.35261e-18 3
23.144 -17.4336 0.187369 2
23.5168 -11.0928 0.00638032 2
13.3712 -0.792 3.16923e-06 2
31.4736 18.072 1.18503e-15 2
26.08 2.2992 1.34066e-07 2
30.1376 -1.68 5.47867e-06 2
29.824 4.6848 1.27487e-08 2
31.6512 0.475199 8.13273e-07 2
17.816 -22.752 0.690247 0
25.9456 -1.9104 6.36086e-06 2
30.8032 -26.1312 0.88785 0
14.704 -3.7104 3.56397e-05 2
19.5216 3.8208 3.27635e-08 2
34.4 4.17118 2.41365e-08 2
31.624 4.5312 1.54336e-08 2
25.216 -13.5168 0.0278295 2
31.7904 -10.9152 0.00659385 2
15.9488 -5.16 0.000107994 2
16.9088 7.1568 1.1146e-09 2
12.752 21.552 9.74818e-18 3
16.5776 30.8592 8.90938e-25 3
32.976 5.304 7.16581e-09 2
30.5472 8.54399 2.02498e-10 2
28.6592 14.2608 2.10239e-13 2
26.88 0.503998 7.35098e-07 2
24.6784 17.616 2.41129e-15 2
29.5856 25.3296 1.00989e-20 3
23.6672 6.984 1.12377e-09 2
22.8976 -29.8512 0.93839 0
19.5232 10.2624 3.14641e-11 2
27.0224 -6.8304 0.000339531 2
30.7328 4.2048 2.11535e-08 2
18.752 20.6448 3.23114e-17 2
24.728 -3.94561 3.51373e-05 2
26.0384 3.792 3.07664e-08 2
22.5504 -3.0096 1.63916e-05 2
35.3088 5.54879 5.97532e-09 2
39.2896 4.4448 2.26873e-08 2
20.8752 -20.0352 0.429854 2
24.464 -15.648 0.0854792 2
29.8304 -34.6608 0.972372 0
28.9312 -1.6128 5.05228e-06 2
19.3504 -8.5056 0.00117285 2
26.3136 -31.2528 0.954094 0
-24.1776 1.008 1.04658e-06 1
-14.9232 -10.1808 0.00715039 1
-32.664 -12.0672 0.0277434 1
-22.7248 2.9664 1.55873e-07 1
-38.4464 -17.544 0.407282 1
-22.2448 -11.0064 0.0108611 1
-29.648 -22.2864 0.706448 0
-23.5984 10.8144 3.27864e-11 1
-22.6016 -33.8496 0.945499 0
-22.5968 -2.6208 2.47932e-05 1
-23.5024 -18.1776 0.321757 1
-13.9808 -11.232 0.0142207 1
-27.6896 0.0911987 2.75625e-06 1
-16.1056 23.5056 5.64315e-19 1
-21.0384 -5.256 0.000202447 1
-21.2224 -26.9184 0.888468 0
-14.5152 -42.6432 0.928105 0
-16.1888 22.7184 2.00492e-18 1
-15.328 21.0816 2.58948e-17 1
-39.3824 9.3312 6.62639e-10 1
-27.2064 14.8272 2.67453e-13 1
-25.0944 -12.3504 0.0246031 1
-29.5936 -11.6304 0.0185161 1
-18.6896 6.8304 2.7291e-09 1
-29.9776 5.3856 1.88161e-08 1
-25.3232 5.4864 1.32144e-08 1
-28.5376 13.4112 1.78251e-12 1
-20.1536 -8.3376 0.00191588 1
-27.4016 17.8224 4.66193e-15 1
-19.88 11.0448 2.26011e-11 1
-17.1696 -18.4512 0.371258 1
-31.9344 -19.824 0.527237 0
-30.5824 10.5024 7.02664e-11 1
-29.0816 15.1344 2.02358e-13 1
-23.7472 -5.1696 0.000194869 1
-15.3872 43.5888 1.33294e-34 3
-27.6896 -37.8192 0.934911 0
-36.4128 11.9616 2.14937e-11 1
-23.8032 18.4176 1.66171e-15 1
-24.9984 9.768 1.18043e-10 1
-29.5696 18.8688 1.19419e-15 1
-26.68 5.0544 2.19328e-08 1
-28.728 5.3424 1.81784e-08 1
-26.744 5.45279 1.45685e-08 1
-17.0272 6.84 2.69579e-09 1
-22.4816 -14.064 0.0605721 1
-17.0208 -3.4704 5.00702e-05 1
-21.6112 -2.2032 1.7238e-05 1
-30.9456 -3.4992 6.96836e-05 1
-22.6288 6.5952 3.73908e-09 1
-67.224 -30.4176 0.999456 0
-27.768 -26.2064 0.86828 0
-20.808 -32.4816 0.945057 0
-21.128 -20.6672 0.567255 0
-1.504 -31.6496 0.971996 0
-14.4 -19.84 0.536718 0
-29.808 -21.8976 0.680902 0
-7.896 -18.3328 0.436112 0
-16.304 -26.3888 0.893593 0
7.976 -18.6272 0.37095 2
8.672 -27.2064 0.916037 0
-28.016 -28.3088 0.907934 0
37.232 -27.9408 0.948728 0
10.4 -30.4576 0.951614 0
6.79998 -39.6592 0.972151 0
-36.32 -29.0688 0.936753 0
-10.944 -32.744 0.966708 0
30.16 -32.4272 0.96593 0
-19.776 -29.6112 0.929961 0
16.32 -17.32 0.189525 2
-11.92 -26.904 0.920805 0
9.408 -29.0992 0.941143 0
0.824003 -28.1088 0.948489 0
-9.25601 -33.36 0.970846 0
-5.184 -37.0528 0.977331 0
20.328 -24.3888 0.791072 0
-13.496 -25.4672 0.884228 0
4.912 -26.888 0.922408 0
-18.384 -28.5808 0.922576 0
-13.656 -21.5456 0.69484 0
-18.888 -29.3152 0.929258 0
12.52 -32.5328 0.960916 0
-99 -23.9872 1 0
12.128 -22.9616 0.733986 0
-64.528 -32.5216 0.99904 0
8.008 -26.376 0.901152 0
-10.008 -37.8272 0.969939 0
-8.35201 -34.0864 0.973193 0
-31.408 -31.8832 0.940553 0
-21.344 -22.7408 0.726761 0
8.376 -39.272 0.971445 0
-2.824 -32.0224 0.97325 0
19.96 -32.8064 0.958694 0
49.248 -22.2864 0.905955 0
50.696 -30.8768 0.992757 0
-19.072 -34.976 0.952436 0
6.39199 -25.7728 0.892905 0
10.176 -36.1808 0.971211 0
26.248 -36.176 0.970891 0
-3.76 -37.1936 0.978171 0
-10.496 31.0032 1.39249e-24 3
23.432 24.0624 1.06543e-19 3
24.944 36.3968 2.66269e-29 3
48.056 34.8624 1.61248e-28 3
-12.848 33.7824 1.01922e-26 3
0.831986 26.0496 7.00667e-21 3
27.28 30.8384 6.13792e-25 3
-7.144 37.0096 2.53105e-29 3
-11.168 33.688 1.16205e-26 3
10.088 32.5168 5.68658e-26 3
-6.176 18.0912 2.45567e-15 1
-32.76 26.5552 6.4879e-21 3
23.832 21.4672 7.54308e-18 2
6.528 25.3568 2.06693e-20 3
-11.328 37.2 1.96478e-29 3
-0.176012 27.912 2.76921e-22 3
4.41599 21.3776 1.67575e-17 3
-68.232 33.4672 8.93632e-26 3
38.488 25.9872 2.46295e-21 3
20.84 27.8368 1.67071e-22 3
69.536 35.5712 1.41217e-29 3
-44.08 26.488 1.14298e-20 3
9.232 34.496 1.61674e-27 3
18.664 29.3728 1.18153e-23 3
-6.152 10.176 7.5039e-11 1
-32 37.9792 1.03397e-29 3
5.93599 29.1024 2.95206e-23 3
-0.743998 24.8944 5.18713e-20 3
-1.912 37.3968 1.10748e-29 3
7.528 31.7312 2.55305e-25 3
-6.112 36.6384 4.88855e-29 3
-30.752 20.2288 1.70963e-16 1
-42.168 28.2944 4.65167e-22 3
-27.184 22.3216 5.39054e-18 1
56.088 30.2864 5.12019e-25 3
-42.776 26.008 2.51223e-20 3
15.24 29.944 4.83575e-24 3
28.96 31.0448 3.96272e-25 3
-13.08 26.5232 3.55905e-21 3
-8.56 29.0176 4.47613e-23 3
68.4 25.904 8.80439e-22 3
-56.672 36.576 2.9087e-28 3
-47.816 20.9072 1.77082e-16 3
59.472 31.1344 9.1348e-26 3
31.464 46.3792 1.48183e-37 3
75.192 35.952 5.01825e-30 3
47.944 16.3232 2.25177e-14 2
-18.656 35.9616 2.33497e-28 3
6.632 29.8288 7.94072e-24 3
-22.296 33.8016 1.30896e-26 3
