1.5952 25.4112 2.09094e-20 3
-2.7952 13.6512 1.11983e-12 1
2.6768 6.0192 7.59303e-09 2
-1.0672 -30.768 0.968469 0
-6.8256 13.4736 1.28851e-12 1
7.064 33.1536 1.99696e-26 3
3.9104 -27.8208 0.938951 0
4.96 1.5744 5.7538e-07 2
7.6848 -19.5504 0.471641 2
-1.3344 -4.40641 0.000133348 2
6.0576 29.5008 1.45503e-23 3
3.5616 26.9232 1.4657e-21 3
7.2368 -7.7664 0.00113126 2
-6.6976 20.5392 6.23821e-17 1
1.8384 3.0624 1.58709e-07 2
-4.8288 41.472 6.02178e-33 3
-8.12 4.7136 3.04187e-08 1
-5.5664 7.5888 1.47106e-09 1
2.4144 22.4448 3.06089e-18 3
5.728 -3.696 5.56651e-05 2
-5.464 -2.04 1.92478e-05 1
-6.384 3.11999 1.59129e-07 1
0.294401 -1.3152 9.66774e-06 2
12.6752 -8.5488 0.00148975 2
-0.491203 3.984 6.76894e-08 2
4.8576 -7.4112 0.00100038 2
2.6512 21.6864 1.05066e-17 3
-0.595203 -3.1392 4.67836e-05 2
3.7792 1.5216 6.41673e-07 2
5.4608 4.5984 2.91287e-08 2
0.7216 18.96 7.45592e-16 1
-1.1152 -0.148802 3.55778e-06 2
4.7776 29.76 9.49494e-24 3
-3.5216 14.8992 2.17409e-13 1
1.4544 10.6512 4.46703e-11 2
-3.0672 -11.3136 0.0182716 2
-0.441601 20.9808 3.30433e-17 3
-4.0288 17.3568 7.37354e-15 1
6.2784 -9.0576 0.0029217 2
-5.376 -3.744 8.0379e-05 1
-1.7296 3.312 1.34927e-07 2
3.7584 24.2688 1.42126e-19 3
5.6672 -9.57599 0.00427678 2
16.568 20.6016 3.76738e-17 2
8.5872 14.208 4.37379e-13 2
1.9408 -24.9504 0.88917 0
-3.3936 4.9728 2.50914e-08 1
-1.0352 -14.5152 0.103754 2
-7.4432 1.9488 4.90432e-07 1
2.8 -2.44801 2.31138e-05 2
22.6096 24.0864 1.05409e-19 3
22.1888 35.0208 3.75795e-28 3
43.3552 -27.3168 0.963881 0
25.0128 -15.0672 0.0642012 2
21.2336 34.9872 4.15808e-28 3
17.704 22.3152 2.36216e-18 3
23.144 -17.4336 0.187224 2
23.5168 -11.0928 0.00637338 2
13.3712 -0.792 3.16939e-06 2
31.4736 18.072 1.18629e-15 2
26.08 2.2992 1.33991e-07 2
30.1376 -1.68 5.47361e-06 2
29.824 4.6848 1.27401e-08 2
31.6512 0.475199 8.12511e-07 2
17.816 -22.752 0.689939 0
25.9456 -1.9104 6.35552e-06 2
30.8032 -26.1312 0.888016 0
14.704 -3.7104 3.56206e-05 2
19.5216 3.8208 3.27719e-08 2
34.4 4.17118 2.41119e-08 2
31.624 4.5312 1.54209e-08 2
25.216 -13.5168 0.0278048 2
31.7904 -10.9152 0.00659077 2
15.9488 -5.16 0.000107908 2
16.9088 7.1568 1.11598e-09 2
12.752 21.552 9.7913e-18 3
16.5776 30.8592 8.95093e-25 3
32.976 5.304 7.15945e-09 2
30.5472 8.54399 2.02409e-10 2
28.6592 14.2608 2.1038e-13 2
26.88 0.503998 7.34553e-07 2
24.6784 17.616 2.41658e-15 2
29.5856 25.3296 1.01285e-20 3
23.6672 6.984 1.12405e-09 2
22.8976 -29.8512 0.938409 0
19.5232 10.2624 3.15113e-11 2
27.0224 -6.8304 0.000339207 2
30.7328 4.2048 2.11371e-08 2
18.752 20.6448 3.24348e-17 2
24.728 -3.94561 3.51053e-05 2
26.0384 3.792 3.07535e-08 2
22.5504 -3.0096 1.63785e-05 2
35.3088 5.54879 5.96905e-09 2
39.2896 4.4448 2.26589e-08 2
20.8752 -20.0352 0.429581 2
24.464 -15.648 0.0854098 2
29.8304 -34.6608 0.972465 0
28.9312 -1.6128 5.04772e-06 2
19.3504 -8.5056 0.00117149 2
26.3136 -31.2528 0.954161 0
-24.1776 1.008 1.04946e-06 1
-14.9232 -10.1808 0.00716526 1
-32.664 -12.0672 0.0277903 1
-22.7248 2.9664 1.56308e-07 1
-38.4464 -17.544 0.407409 1
-22.2448 -11.0064 0.0108864 1
-29.648 -22.2864 0.706856 0
-23.5984 10.8144 3.29051e-11 1
-22.6016 -33.8496 0.945712 0
-22.5968 -2.6208 2.48548e-05 1
-23.5024 -18.1776 0.322306 1
-13.9808 -11.232 0.0142494 1
-27.6896 0.0911987 2.76405e-06 1
-16.1056 23.5056 5.66609e-19 1
-21.0384 -5.256 0.000202924 1
-21.2224 -26.9184 0.888804 0
-14.5152 -42.6432 0.928558 0
-16.1888 22.7184 2.01282e-18 1
-15.328 21.0816 2.59852e-17 1
-39.3824 9.3312 6.65681e-10 1
-27.2064 14.8272 2.687e-13 1
-25.0944 -12.3504 0.0246582 1
-29.5936 -11.6304 0.018553 1
-18.6896 6.8304 2.7363e-09 1
-29.9776 5.3856 1.88825e-08 1
-25.3232 5.4864 1.32569e-08 1
-28.5376 13.4112 1.79076e-12 1
-20.1536 -8.3376 0.00192032 1
-27.4016 17.8224 4.68574e-15 1
-19.88 11.0448 2.26714e-11 1
-17.1696 -18.4512 0.371881 1
-31.9344 -19.824 0.527631 0
-30.5824 10.5024 7.0573e-11 1
-29.0816 15.1344 2.03361e-13 1
-23.7472 -5.1696 0.000195341 1
-15.3872 43.5888 1.34384e-34 3
-27.6896 -37.8192 0.935132 0
-36.4128 11.9616 2.16026e-11 1
-23.8032 18.4176 1.66939e-15 1
-24.9984 9.768 1.18477e-10 1
-29.5696 18.8688 1.20078e-15 1
-26.68 5.0544 2.20047e-08 1
-28.728 5.3424 1.82411e-08 1
-26.744 5.45279 1.46171e-08 1
-17.0272 6.84 2.70233e-09 1
-22.4816 -14.064 0.0607095 1
-17.0208 -3.4704 5.01779e-05 1
-21.6112 -2.2032 1.72803e-05 1
-30.9456 -3.4992 6.9858e-05 1
-22.6288 6.5952 3.75056e-09 1
-67.224 -30.4176 0.999449 0
-27.768 -26.2064 0.868561 0
-20.808 -32.4816 0.945275 0
-21.128 -20.6672 0.567943 0
-1.504 -31.6496 0.971965 0
-14.4 -19.84 0.537366 0
-29.808 -21.8976 0.681322 0
-7.896 -18.3328 0.43639 0
-16.304 -26.3888 0.893924 0
7.976 -18.6272 0.370425 2
8.672 -27.2064 0.915836 0
-28.016 -28.3088 0.908148 0
37.232 -27.9408 0.948919 0
10.4 -30.4576 0.951505 0
6.79998 -39.6592 0.972092 0
-36.32 -29.0688 0.936794 0
-10.944 -32.744 0.966829 0
30.16 -32.4272 0.966028 0
-19.776 -29.6112 0.930213 0
16.32 -17.32 0.189266 2
-11.92 -26.904 0.921025 0
9.408 -29.0992 0.941003 0
0.824003 -28.1088 0.948385 0
-9.25601 -33.36 0.970939 0
-5.184 -37.0528 0.977372 0
20.328 -24.3888 0.790922 0
-13.496 -25.4672 0.884546 0
4.912 -26.888 0.922212 0
-18.384 -28.5808 0.922847 0
-13.656 -21.5456 0.695408 0
-18.888 -29.3152 0.929513 0
12.52 -32.5328 0.960846 0
-99 -23.9872 1 0
12.128 -22.9616 0.733555 0
-64.528 -32.5216 0.99903 0
8.008 -26.376 0.900915 0
-10.008 -37.8272 0.970073 0
-8.35201 -34.0864 0.973272 0
-31.408 -31.8832 0.940669 0
-21.344 -22.7408 0.727348 0
8.376 -39.272 0.971389 0
-2.824 -32.0224 0.973238 0
19.96 -32.8064 0.958695 0
49.248 -22.2864 0.906436 0
50.696 -30.8768 0.992827 0
-19.072 -34.976 0.952653 0
6.39199 -25.7728 0.892646 0
10.176 -36.1808 0.971154 0
26.248 -36.176 0.970965 0
-3.76 -37.1936 0.97819 0
-10.496 31.0032 1.39942e-24 3
23.432 24.0624 1.06914e-19 3
24.944 36.3968 2.67596e-29 3
48.056 34.8624 1.61733e-28 3
-12.848 33.7824 1.02519e-26 3
0.831986 26.0496 7.03294e-21 3
27.28 30.8384 6.16179e-25 3
-7.144 37.0096 2.54592e-29 3
-11.168 33.688 1.16859e-26 3
10.088 32.5168 5.71531e-26 3
-6.176 18.0912 2.46048e-15 1
-32.76 26.5552 6.52996e-21 3
23.832 21.4672 7.56655e-18 2
6.528 25.3568 2.07551e-20 3
-11.328 37.2 1.97726e-29 3
-0.176012 27.912 2.78035e-22 3
4.41599 21.3776 1.68201e-17 3
-68.232 33.4672 9.01621e-26 3
38.488 25.9872 2.46868e-21 3
20.84 27.8368 1.67752e-22 3
69.536 35.5712 1.41452e-29 3
-44.08 26.488 1.15037e-20 3
9.232 34.496 1.62541e-27 3
18.664 29.3728 1.1867e-23 3
-6.152 10.176 7.51607e-11 1
-32 37.9792 1.04349e-29 3
5.93599 29.1024 2.96536e-23 3
-0.743998 24.8944 5.20495e-20 3
-1.912 37.3968 1.11379e-29 3
7.528 31.7312 2.56559e-25 3
-6.112 36.6384 4.91661e-29 3
-30.752 20.2288 1.71949e-16 1
-42.168 28.2944 4.68342e-22 3
-27.184 22.3216 5.42065e-18 1
56.088 30.2864 5.13053e-25 3
-42.776 26.008 2.52829e-20 3
15.24 29.944 4.85812e-24 3
28.96 31.0448 3.9777e-25 3
-13.08 26.5232 3.57425e-21 3
-8.56 29.0176 4.49571e-23 3
68.4 25.904 8.81395e-22 3
-56.672 36.576 2.93626e-28 3
-47.816 20.9072 1.78071e-16 3
59.472 31.1344 9.15217e-26 3
31.464 46.3792 1.4829e-37 3
75.192 35.952 5.02471e-30 3
47.944 16.3232 2.2498e-14 2
-18.656 35.9616 2.35166e-28 3
6.632 29.8288 7.97745e-24 3
-22.296 33.8016 1.31825e-26 3
