1.5952 25.4112 3.06506e-19 3
-2.7952 13.6512 6.94041e-12 1
2.6768 6.0192 2.33205e-08 2
-1.0672 -30.768 0.980191 0
-6.8256 13.4736 7.60571e-12 1
7.064 33.1536 6.37188e-25 3
3.9104 -27.8208 0.961105 0
4.96 1.5744 1.23984e-06 2
7.6848 -19.5504 0.535191 0
-1.3344 -4.40641 0.000206937 2
6.0576 29.5008 3.17279e-22 3
3.5616 26.9232 2.47143e-20 3
7.2368 -7.7664 0.00154516 2
-6.6976 20.5392 6.15242e-16 1
1.8384 3.0624 3.84016e-07 2
-4.8288 41.472 4.85463e-31 3
-8.12 4.7136 8.88255e-08 1
-5.5664 7.5888 5.36656e-09 1
2.4144 22.4448 3.53677e-17 3
5.728 -3.696 8.82229e-05 2
-5.464 -2.04 3.5428e-05 2
-6.384 3.11999 4.12054e-07 1
0.294401 -1.3152 1.75143e-05 2
12.6752 -8.5488 0.00208539 2
-0.491203 3.984 1.78757e-07 2
4.8576 -7.4112 0.00136095 2
2.6512 21.6864 1.15307e-16 3
-0.595203 -3.1392 7.6957e-05 2
3.7792 1.5216 1.37812e-06 2
5.4608 4.5984 7.89302e-08 2
0.7216 18.96 6.88871e-15 3
-1.1152 -0.148802 7.01102e-06 2
4.7776 29.76 2.12207e-22 3
-3.5216 14.8992 1.48313e-12 1
1.4544 10.6512 2.12054e-10 2
-3.0672 -11.3136 0.0224071 2
-0.441601 20.9808 3.44294e-16 3
-4.0288 17.3568 5.98614e-14 1
6.2784 -9.0576 0.00382318 2
-5.376 -3.744 0.000134747 2
-1.7296 3.312 3.41633e-07 2
3.7584 24.2688 1.8916e-18 3
5.6672 -9.57599 0.00550137 2
16.568 20.6016 4.1661e-16 3
8.5872 14.208 2.94996e-12 2
1.9408 -24.9504 0.916738 0
-3.3936 4.9728 7.33583e-08 2
-1.0352 -14.5152 0.118671 2
-7.4432 1.9488 1.17764e-06 1
2.8 -2.44801 3.88507e-05 2
22.6096 24.0864 1.48335e-18 3
22.1888 35.0208 1.54849e-26 3
43.3552 -27.3168 0.981593 0
25.0128 -15.0672 0.0886165 2
21.2336 34.9872 1.69966e-26 3
17.704 22.3152 2.90058e-17 3
23.144 -17.4336 0.248724 2
23.5168 -11.0928 0.00910854 2
13.3712 -0.792 6.12911e-06 2
31.4736 18.072 1.10534e-14 2
26.08 2.2992 3.29985e-07 2
30.1376 -1.68 1.06186e-05 2
29.824 4.6848 3.71225e-08 2
31.6512 0.475199 1.76804e-06 2
17.816 -22.752 0.778447 0
25.9456 -1.9104 1.22112e-05 2
30.8032 -26.1312 0.939178 0
14.704 -3.7104 5.99469e-05 2
19.5216 3.8208 8.87666e-08 2
34.4 4.17118 6.63856e-08 2
31.624 4.5312 4.41666e-08 2
25.216 -13.5168 0.0389166 2
31.7904 -10.9152 0.00951572 2
15.9488 -5.16 0.000172505 2
16.9088 7.1568 3.93026e-09 2
12.752 21.552 1.11662e-16 3
16.5776 30.8592 2.321e-23 3
32.976 5.304 2.16494e-08 2
30.5472 8.54399 8.14639e-10 2
28.6592 14.2608 1.47586e-12 2
26.88 0.503998 1.61309e-06 2
24.6784 17.616 2.26825e-14 2
29.5856 25.3296 1.57742e-19 3
23.6672 6.984 3.97126e-09 2
22.8976 -29.8512 0.972789 0
19.5232 10.2624 1.49752e-10 2
27.0224 -6.8304 0.000535836 2
30.7328 4.2048 5.92405e-08 2
18.752 20.6448 3.63075e-16 3
24.728 -3.94561 6.13058e-05 2
26.0384 3.792 8.41708e-08 2
22.5504 -3.0096 2.9645e-05 2
35.3088 5.54879 1.8174e-08 2
39.2896 4.4448 6.1536e-08 2
20.8752 -20.0352 0.528973 0
24.464 -15.648 0.117014 2
29.8304 -34.6608 0.991951 0
28.9312 -1.6128 9.84302e-06 2
19.3504 -8.5056 0.00172424 2
26.3136 -31.2528 0.982078 0
-24.1776 1.008 2.24886e-06 1
-14.9232 -10.1808 0.00988639 1
-32.664 -12.0672 0.0361847 1
-22.7248 2.9664 3.75726e-07 1
-38.4464 -17.544 0.460809 1
-22.2448 -11.0064 0.0146185 1
-29.648 -22.2864 0.737856 0
-23.5984 10.8144 1.29177e-10 1
-22.6016 -33.8496 0.957423 0
-22.5968 -2.6208 4.5103e-05 1
-23.5024 -18.1776 0.359529 1
-13.9808 -11.232 0.018989 1
-27.6896 0.0911987 5.55738e-06 1
-16.1056 23.5056 6.57763e-18 1
-21.0384 -5.256 0.000331541 1
-21.2224 -26.9184 0.902929 0
-14.5152 -42.6432 0.956636 0
-16.1888 22.7184 2.17712e-17 1
-15.328 21.0816 2.46826e-16 1
-39.3824 9.3312 2.13645e-09 1
-27.2064 14.8272 1.35559e-12 1
-25.0944 -12.3504 0.0318312 1
-29.5936 -11.6304 0.0243688 1
-18.6896 6.8304 8.61851e-09 1
-29.9776 5.3856 4.97224e-08 1
-25.3232 5.4864 3.61978e-08 1
-28.5376 13.4112 8.04389e-12 1
-20.1536 -8.3376 0.00280925 1
-27.4016 17.8224 2.96768e-14 1
-19.88 11.0448 9.43167e-11 1
-17.1696 -18.4512 0.410218 1
-31.9344 -19.824 0.569688 0
-30.5824 10.5024 2.54884e-10 1
-29.0816 15.1344 1.03011e-12 1
-23.7472 -5.1696 0.000317364 1
-15.3872 43.5888 1.37737e-32 3
-27.6896 -37.8192 0.954778 0
-36.4128 11.9616 8.28997e-11 1
-23.8032 18.4176 1.15403e-14 1
-24.9984 9.768 4.26763e-10 1
-29.5696 18.8688 8.11109e-15 1
-26.68 5.0544 5.79993e-08 1
-28.728 5.3424 4.82588e-08 1
-26.744 5.45279 3.94261e-08 1
-17.0272 6.84 8.65729e-09 1
-22.4816 -14.064 0.0750761 1
-17.0208 -3.4704 8.95852e-05 1
-21.6112 -2.2032 3.21011e-05 1
-30.9456 -3.4992 0.000118827 1
-22.6288 6.5952 1.1211e-08 1
-67.224 -30.4176 0.999754 0
-27.768 -26.2064 0.885876 0
-20.808 -32.4816 0.95581 0
-21.128 -20.6672 0.603019 0
-1.504 -31.6496 0.982825 0
-14.4 -19.84 0.57381 0
-29.808 -21.8976 0.714114 0
-7.896 -18.3328 0.47208 0
-16.304 -26.3888 0.907331 0
7.976 -18.6272 0.428471 2
8.672 -27.2064 0.948942 0
-28.016 -28.3088 0.922219 0
37.232 -27.9408 0.975434 0
10.4 -30.4576 0.976512 0
6.79998 -39.6592 0.992855 0
-36.32 -29.0688 0.949876 0
-10.944 -32.744 0.974729 0
30.16 -32.4272 0.988061 0
-19.776 -29.6112 0.940969 0
16.32 -17.32 0.242303 2
-11.92 -26.904 0.932534 0
9.408 -29.0992 0.968327 0
0.824003 -28.1088 0.965302 0
-9.25601 -33.36 0.978815 0
-5.184 -37.0528 0.987121 0
20.328 -24.3888 0.866601 0
-13.496 -25.4672 0.899032 0
4.912 -26.888 0.94903 0
-18.384 -28.5808 0.933937 0
-13.656 -21.5456 0.724295 0
-18.888 -29.3152 0.940174 0
12.52 -32.5328 0.984158 0
-99 -23.9872 1 0
12.128 -22.9616 0.80476 0
-64.528 -32.5216 0.999564 0
8.008 -26.376 0.936518 0
-10.008 -37.8272 0.980432 0
-8.35201 -34.0864 0.981281 0
-31.408 -31.8832 0.953472 0
-21.344 -22.7408 0.753825 0
8.376 -39.272 0.99283 0
-2.824 -32.0224 0.983103 0
19.96 -32.8064 0.985003 0
49.248 -22.2864 0.935209 0
50.696 -30.8768 0.996944 0
-19.072 -34.976 0.963709 0
6.39199 -25.7728 0.927397 0
10.176 -36.1808 0.990929 0
26.248 -36.176 0.992462 0
-3.76 -37.1936 0.988476 0
-10.496 31.0032 3.49344e-23 3
23.432 24.0624 1.50329e-18 3
24.944 36.3968 1.29418e-27 3
48.056 34.8624 7.38479e-27 3
-12.848 33.7824 3.39127e-25 3
0.831986 26.0496 1.09207e-19 3
27.28 30.8384 1.65915e-23 3
-7.144 37.0096 1.21683e-27 3
-11.168 33.688 3.85475e-25 3
10.088 32.5168 1.71857e-24 3
-6.176 18.0912 2.05983e-14 1
-32.76 26.5552 9.17977e-20 3
23.832 21.4672 8.94461e-17 3
6.528 25.3568 3.04445e-19 3
-11.328 37.2 9.53269e-28 3
-0.176012 27.912 5.15396e-21 3
4.41599 21.3776 1.81749e-16 3
-68.232 33.4672 2.73402e-24 3
38.488 25.9872 4.02669e-20 3
20.84 27.8368 3.26364e-21 3
69.536 35.5712 8.30477e-28 3
-44.08 26.488 1.6295e-19 3
9.232 34.496 6.00495e-26 3
18.664 29.3728 2.66617e-22 3
-6.152 10.176 3.39715e-10 1
-32 37.9792 4.77158e-28 3
5.93599 29.1024 6.20946e-22 3
-0.743998 24.8944 7.29049e-19 3
-1.912 37.3968 5.5727e-28 3
7.528 31.7312 7.05962e-24 3
-6.112 36.6384 2.25928e-27 3
-30.752 20.2288 1.2943e-15 1
-42.168 28.2944 7.96929e-21 3
-27.184 22.3216 5.09209e-17 1
56.088 30.2864 1.44303e-23 3
-42.776 26.008 3.38952e-19 3
15.24 29.944 1.14041e-22 3
28.96 31.0448 1.10011e-23 3
-13.08 26.5232 5.62469e-20 3
-8.56 29.0176 9.22217e-22 3
68.4 25.904 1.57129e-20 3
-56.672 36.576 1.15746e-26 3
-47.816 20.9072 1.4114e-15 3
59.472 31.1344 2.91562e-24 3
31.464 46.3792 2.25927e-35 3
75.192 35.952 3.25776e-28 3
47.944 16.3232 1.42858e-13 2
-18.656 35.9616 9.49087e-27 3
6.632 29.8288 1.80037e-22 3
-22.296 33.8016 4.13161e-25 3
