1.5952 25.4112 2.46848e-20 3
-2.7952 13.6512 1.37498e-12 1
2.6768 6.0192 7.86412e-09 2
-1.0672 -30.768 0.976068 0
-6.8256 13.4736 1.53437e-12 1
7.064 33.1536 2.53504e-26 3
3.9104 -27.8208 0.952604 0
4.96 1.5744 5.47026e-07 2
7.6848 -19.5504 0.48797 2
-1.3344 -4.40641 0.00012435 2
6.0576 29.5008 1.78236e-23 3
3.5616 26.9232 1.74903e-21 3
7.2368 -7.7664 0.00103174 2
-6.6976 20.5392 7.25567e-17 1
1.8384 3.0624 1.56466e-07 2
-4.8288 41.472 7.80703e-33 3
-8.12 4.7136 3.26497e-08 1
-5.5664 7.5888 1.64706e-09 1
2.4144 22.4448 3.64283e-18 3
5.728 -3.696 5.05778e-05 2
-5.464 -2.04 1.90339e-05 2
-6.384 3.11999 1.67496e-07 1
0.294401 -1.3152 9.10261e-06 2
12.6752 -8.5488 0.00141094 2
-0.491203 3.984 6.917e-08 2
4.8576 -7.4112 0.000904365 2
2.6512 21.6864 1.25919e-17 3
-0.595203 -3.1392 4.36917e-05 2
3.7792 1.5216 6.11476e-07 2
5.4608 4.5984 2.90087e-08 2
0.7216 18.96 9.19778e-16 3
-1.1152 -0.148802 3.43905e-06 2
4.7776 29.76 1.16168e-23 3
-3.5216 14.8992 2.68244e-13 1
1.4544 10.6512 5.17311e-11 2
-3.0672 -11.3136 0.0172029 2
-0.441601 20.9808 3.9637e-17 3
-4.0288 17.3568 9.02678e-15 1
6.2784 -9.0576 0.00266869 2
-5.376 -3.744 7.83442e-05 2
-1.7296 3.312 1.37922e-07 2
3.7584 24.2688 1.68326e-19 3
5.6672 -9.57599 0.00390904 2
16.568 20.6016 4.84524e-17 3
8.5872 14.208 5.37002e-13 2
1.9408 -24.9504 0.90389 0
-3.3936 4.9728 2.67427e-08 2
-1.0352 -14.5152 0.0992154 2
-7.4432 1.9488 5.10308e-07 1
2.8 -2.44801 2.12113e-05 2
22.6096 24.0864 1.34971e-19 3
22.1888 35.0208 5.17564e-28 3
43.3552 -27.3168 0.975259 0
25.0128 -15.0672 0.0696999 2
21.2336 34.9872 5.69834e-28 3
17.704 22.3152 2.99817e-18 3
23.144 -17.4336 0.206833 2
23.5168 -11.0928 0.00656949 2
13.3712 -0.792 3.03533e-06 2
31.4736 18.072 1.61289e-15 2
26.08 2.2992 1.41307e-07 2
30.1376 -1.68 5.62694e-06 2
29.824 4.6848 1.40032e-08 2
31.6512 0.475199 8.49526e-07 2
17.816 -22.752 0.73606 0
25.9456 -1.9104 6.46576e-06 2
30.8032 -26.1312 0.920495 0
14.704 -3.7104 3.39441e-05 2
19.5216 3.8208 3.4252e-08 2
34.4 4.17118 2.63447e-08 2
31.624 4.5312 1.69414e-08 2
25.216 -13.5168 0.0296302 2
31.7904 -10.9152 0.00690879 2
15.9488 -5.16 0.000103531 2
16.9088 7.1568 1.216e-09 2
12.752 21.552 1.21812e-17 3
16.5776 30.8592 1.15667e-24 3
32.976 5.304 7.96671e-09 2
30.5472 8.54399 2.39089e-10 2
28.6592 14.2608 2.79819e-13 2
26.88 0.503998 7.62118e-07 2
24.6784 17.616 3.29171e-15 2
29.5856 25.3296 1.31532e-20 3
23.6672 6.984 1.26373e-09 2
22.8976 -29.8512 0.961633 0
19.5232 10.2624 3.72254e-11 2
27.0224 -6.8304 0.000344354 2
30.7328 4.2048 2.30893e-08 2
18.752 20.6448 4.21944e-17 3
24.728 -3.94561 3.53227e-05 2
26.0384 3.792 3.30654e-08 2
22.5504 -3.0096 1.63712e-05 2
35.3088 5.54879 6.66117e-09 2
39.2896 4.4448 2.46414e-08 2
20.8752 -20.0352 0.471954 2
24.464 -15.648 0.0932017 2
29.8304 -34.6608 0.986506 0
28.9312 -1.6128 5.18148e-06 2
19.3504 -8.5056 0.00115948 2
26.3136 -31.2528 0.973481 0
-24.1776 1.008 9.74742e-07 1
-14.9232 -10.1808 0.00685578 1
-32.664 -12.0672 0.0248885 1
-22.7248 2.9664 1.47507e-07 1
-38.4464 -17.544 0.387079 1
-22.2448 -11.0064 0.00993293 1
-29.648 -22.2864 0.681164 0
-23.5984 10.8144 3.17264e-11 1
-22.6016 -33.8496 0.940609 0
-22.5968 -2.6208 2.30449e-05 1
-23.5024 -18.1776 0.29961 1
-13.9808 -11.232 0.013687 1
-27.6896 0.0911987 2.52176e-06 1
-16.1056 23.5056 5.99269e-19 1
-21.0384 -5.256 0.000188606 1
-21.2224 -26.9184 0.879455 0
-14.5152 -42.6432 0.929519 0
-16.1888 22.7184 2.12057e-18 1
-15.328 21.0816 2.75454e-17 1
-39.3824 9.3312 6.30369e-10 1
-27.2064 14.8272 2.54754e-13 1
-25.0944 -12.3504 0.0221952 1
-29.5936 -11.6304 0.0165534 1
-18.6896 6.8304 2.71748e-09 1
-29.9776 5.3856 1.73828e-08 1
-25.3232 5.4864 1.24154e-08 1
-28.5376 13.4112 1.68503e-12 1
-20.1536 -8.3376 0.00178179 1
-27.4016 17.8224 4.44522e-15 1
-19.88 11.0448 2.26396e-11 1
-17.1696 -18.4512 0.356991 1
-31.9344 -19.824 0.498126 1
-30.5824 10.5024 6.57196e-11 1
-29.0816 15.1344 1.91113e-13 1
-23.7472 -5.1696 0.00017873 1
-15.3872 43.5888 1.61653e-34 3
-27.6896 -37.8192 0.928145 0
-36.4128 11.9616 2.01883e-11 1
-23.8032 18.4176 1.62385e-15 1
-24.9984 9.768 1.12743e-10 1
-29.5696 18.8688 1.1295e-15 1
-26.68 5.0544 2.04408e-08 1
-28.728 5.3424 1.68361e-08 1
-26.744 5.45279 1.35912e-08 1
-17.0272 6.84 2.73135e-09 1
-22.4816 -14.064 0.0553635 1
-17.0208 -3.4704 4.82744e-05 1
-21.6112 -2.2032 1.61446e-05 1
-30.9456 -3.4992 6.29456e-05 1
-22.6288 6.5952 3.59044e-09 1
-67.224 -30.4176 0.99969 0
-27.768 -26.2064 0.854335 0
-20.808 -32.4816 0.940798 0
-21.128 -20.6672 0.544962 0
-1.504 -31.6496 0.979044 0
-14.4 -19.84 0.527449 0
-29.808 -21.8976 0.654494 0
-7.896 -18.3328 0.435161 0
-16.304 -26.3888 0.889475 0
7.976 -18.6272 0.381512 2
8.672 -27.2064 0.936019 0
-28.016 -28.3088 0.897766 0
37.232 -27.9408 0.966386 0
10.4 -30.4576 0.96809 0
6.79998 -39.6592 0.987439 0
-36.32 -29.0688 0.931024 0
-10.944 -32.744 0.968839 0
30.16 -32.4272 0.981521 0
-19.776 -29.6112 0.925024 0
16.32 -17.32 0.202411 2
-11.92 -26.904 0.921977 0
9.408 -29.0992 0.958594 0
0.824003 -28.1088 0.958866 0
-9.25601 -33.36 0.973904 0
-5.184 -37.0528 0.983005 0
20.328 -24.3888 0.834835 0
-13.496 -25.4672 0.883038 0
4.912 -26.888 0.938213 0
-18.384 -28.5808 0.918082 0
-13.656 -21.5456 0.689202 0
-18.888 -29.3152 0.924838 0
12.52 -32.5328 0.976887 0
-99 -23.9872 1 0
12.128 -22.9616 0.769012 0
-64.528 -32.5216 0.999403 0
8.008 -26.376 0.921906 0
-10.008 -37.8272 0.973329 0
-8.35201 -34.0864 0.976741 0
-31.408 -31.8832 0.934011 0
-21.344 -22.7408 0.708274 0
8.376 -39.272 0.987231 0
-2.824 -32.0224 0.979526 0
19.96 -32.8064 0.977115 0
49.248 -22.2864 0.921436 0
50.696 -30.8768 0.99553 0
-19.072 -34.976 0.949671 0
6.39199 -25.7728 0.912448 0
10.176 -36.1808 0.985329 0
26.248 -36.176 0.986687 0
-3.76 -37.1936 0.984617 0
-10.496 31.0032 1.63032e-24 3
23.432 24.0624 1.37265e-19 3
24.944 36.3968 3.77568e-29 3
48.056 34.8624 2.52302e-28 3
-12.848 33.7824 1.20111e-26 3
0.831986 26.0496 8.30684e-21 3
27.28 30.8384 8.34145e-25 3
-7.144 37.0096 3.15567e-29 3
-11.168 33.688 1.38336e-26 3
10.088 32.5168 7.2916e-26 3
-6.176 18.0912 2.93737e-15 1
-32.76 26.5552 6.56665e-21 3
23.832 21.4672 9.93629e-18 3
6.528 25.3568 2.47704e-20 3
-11.328 37.2 2.38763e-29 3
-0.176012 27.912 3.31077e-22 3
4.41599 21.3776 2.029e-17 3
-68.232 33.4672 9.66573e-26 3
38.488 25.9872 3.23691e-21 3
20.84 27.8368 2.15357e-22 3
69.536 35.5712 2.60874e-29 3
-44.08 26.488 1.16182e-20 3
9.232 34.496 2.10169e-27 3
18.664 29.3728 1.5276e-23 3
-6.152 10.176 8.71248e-11 1
-32 37.9792 1.13432e-29 3
5.93599 29.1024 3.61859e-23 3
-0.743998 24.8944 6.1078e-20 3
-1.912 37.3968 1.41945e-29 3
7.528 31.7312 3.22123e-25 3
-6.112 36.6384 6.11512e-29 3
-30.752 20.2288 1.61929e-16 1
-42.168 28.2944 4.82827e-22 3
-27.184 22.3216 5.25041e-18 1
56.088 30.2864 7.7945e-25 3
-42.776 26.008 2.53575e-20 3
15.24 29.944 6.18715e-24 3
28.96 31.0448 5.43094e-25 3
-13.08 26.5232 3.94786e-21 3
-8.56 29.0176 5.21498e-23 3
68.4 25.904 1.30547e-21 3
-56.672 36.576 3.13226e-28 3
-47.816 20.9072 1.66461e-16 3
59.472 31.1344 1.44651e-25 3
31.464 46.3792 2.36925e-37 3
75.192 35.952 9.78478e-30 3
47.944 16.3232 2.69847e-14 2
-18.656 35.9616 2.6838e-28 3
6.632 29.8288 9.81714e-24 3
-22.296 33.8016 1.45888e-26 3
