1.5952 25.4112 0.0855248 3
-2.7952 13.6512 0.113829 3
2.6768 6.0192 0.136412 3
-1.0672 -30.768 0.315515 2
-6.8256 13.4736 0.115984 3
7.064 33.1536 0.0739005 3
3.9104 -27.8208 0.295424 2
4.96 1.5744 0.15208 3
7.6848 -19.5504 0.249807 2
-1.3344 -4.40641 0.181008 3
6.0576 29.5008 0.0790078 3
3.5616 26.9232 0.0829098 3
7.2368 -7.7664 0.191251 2
-6.6976 20.5392 0.0968954 3
1.8384 3.0624 0.147547 3
-4.8288 41.472 0.0618554 3
-8.12 4.7136 0.147318 3
-5.5664 7.5888 0.134709 3
2.4144 22.4448 0.0913548 3
5.728 -3.696 0.173526 3
-5.464 -2.04 0.173745 3
-6.384 3.11999 0.152335 3
0.294401 -1.3152 0.166097 3
12.6752 -8.5488 0.193414 2
-0.491203 3.984 0.145142 3
4.8576 -7.4112 0.190755 2
2.6512 21.6864 0.092937 3
-0.595203 -3.1392 0.174688 3
3.7792 1.5216 0.152708 3
5.4608 4.5984 0.140661 3
0.7216 18.96 0.0991385 3
-1.1152 -0.148802 0.162047 3
4.7776 29.76 0.0783836 3
-3.5216 14.8992 0.110513 3
1.4544 10.6512 0.121525 3
-3.0672 -11.3136 0.21648 2
-0.441601 20.9808 0.09464 3
-4.0288 17.3568 0.104041 3
6.2784 -9.0576 0.197787 2
-5.376 -3.744 0.181515 3
-1.7296 3.312 0.148397 3
3.7584 24.2688 0.0877735 3
5.6672 -9.57599 0.200599 2
16.568 20.6016 0.0980415 3
8.5872 14.208 0.110758 3
1.9408 -24.9504 0.282652 2
-3.3936 4.9728 0.143014 3
-1.0352 -14.5152 0.230912 2
-7.4432 1.9488 0.158054 3
2.8 -2.44801 0.16951 3
22.6096 24.0864 0.0948615 3
22.1888 35.0208 0.0785285 3
43.3552 -27.3168 0.325314 2
25.0128 -15.0672 0.228193 2
21.2336 34.9872 0.0779113 3
17.704 22.3152 0.0951982 3
23.144 -17.4336 0.238799 2
23.5168 -11.0928 0.207901 2
13.3712 -0.792 0.1601 3
31.4736 18.072 0.114658 3
26.08 2.2992 0.15406 3
30.1376 -1.68 0.172834 3
29.824 4.6848 0.149402 3
31.6512 0.475199 0.166331 3
17.816 -22.752 0.264028 2
25.9456 -1.9104 0.169722 3
30.8032 -26.1312 0.291671 2
14.704 -3.7104 0.172058 3
19.5216 3.8208 0.144639 3
34.4 4.17118 0.156731 3
31.624 4.5312 0.151942 3
25.216 -13.5168 0.220716 2
31.7904 -10.9152 0.215013 2
15.9488 -5.16 0.178352 2
16.9088 7.1568 0.132653 3
12.752 21.552 0.0947002 3
16.5776 30.8592 0.0805634 3
32.976 5.304 0.151049 3
30.5472 8.54399 0.138043 3
28.6592 14.2608 0.120551 3
26.88 0.503998 0.16126 3
24.6784 17.616 0.109224 3
29.5856 25.3296 0.0986562 3
23.6672 6.984 0.136641 3
22.8976 -29.8512 0.302594 2
19.5232 10.2624 0.124449 3
27.0224 -6.8304 0.191148 2
30.7328 4.2048 0.152006 3
18.752 20.6448 0.0990082 3
24.728 -3.94561 0.177007 2
26.0384 3.792 0.148835 3
22.5504 -3.0096 0.171755 3
35.3088 5.54879 0.153424 3
39.2896 4.4448 0.163511 3
20.8752 -20.0352 0.250921 2
24.464 -15.648 0.230683 2
29.8304 -34.6608 0.334329 2
28.9312 -1.6128 0.171285 3
19.3504 -8.5056 0.193942 2
26.3136 -31.2528 0.312681 2
-24.1776 1.008 0.18292 3
-14.9232 -10.1808 0.226851 1
-32.664 -12.0672 0.274354 1
-22.7248 2.9664 0.171187 3
-38.4464 -17.544 0.322883 1
-22.2448 -11.0064 0.244866 1
-29.648 -22.2864 0.32736 1
-23.5984 10.8144 0.138367 3
-22.6016 -33.8496 0.369322 0
-22.5968 -2.6208 0.198988 3
-23.5024 -18.1776 0.28916 1
-13.9808 -11.232 0.231055 1
-27.6896 0.0911987 0.193506 1
-16.1056 23.5056 0.0933908 3
-21.0384 -5.256 0.210402 1
-21.2224 -26.9184 0.33238 1
-14.5152 -42.6432 0.388148 0
-16.1888 22.7184 0.0953213 3
-15.328 21.0816 0.0989844 3
-39.3824 9.3312 0.167485 3
-27.2064 14.8272 0.127244 3
-25.0944 -12.3504 0.25861 1
-29.5936 -11.6304 0.264405 1
-18.6896 6.8304 0.148903 3
-29.9776 5.3856 0.170663 3
-25.3232 5.4864 0.163158 3
-28.5376 13.4112 0.133991 3
-20.1536 -8.3376 0.225756 1
-27.4016 17.8224 0.117125 3
-19.88 11.0448 0.133585 3
-17.1696 -18.4512 0.277314 1
-31.9344 -19.824 0.319059 1
-30.5824 10.5024 0.148341 3
-29.0816 15.1344 0.128172 3
-23.7472 -5.1696 0.214768 1
-15.3872 43.5888 0.0593836 3
-27.6896 -37.8192 0.39807 0
-36.4128 11.9616 0.15049 3
-23.8032 18.4176 0.11205 3
-24.9984 9.768 0.144176 3
-29.5696 18.8688 0.115784 3
-26.68 5.0544 0.167137 3
-28.728 5.3424 0.168897 3
-26.744 5.45279 0.16537 3
-17.0272 6.84 0.147062 3
-22.4816 -14.064 0.263049 1
-17.0208 -3.4704 0.194551 3
-21.6112 -2.2032 0.195175 3
-30.9456 -3.4992 0.219449 1
-22.6288 6.5952 0.154592 3
-67.224 -30.4176 0.487284 0
-27.768 -26.2064 0.344104 1
-20.808 -32.4816 0.359009 0
-21.128 -20.6672 0.298108 1
-1.504 -31.6496 0.320345 0
-14.4 -19.84 0.279723 1
-29.808 -21.8976 0.325566 1
-7.896 -18.3328 0.260274 2
-16.304 -26.3888 0.319024 1
7.976 -18.6272 0.244853 2
8.672 -27.2064 0.288765 2
-28.016 -28.3088 0.355626 1
37.232 -27.9408 0.31301 2
10.4 -30.4576 0.304187 2
6.79998 -39.6592 0.348449 2
-36.32 -29.0688 0.380994 1
-10.944 -32.744 0.340249 0
30.16 -32.4272 0.323565 2
-19.776 -29.6112 0.342882 1
16.32 -17.32 0.236002 2
-11.92 -26.904 0.31314 0
9.408 -29.0992 0.297906 2
0.824003 -28.1088 0.300042 2
-9.25601 -33.36 0.340146 0
-5.184 -37.0528 0.350183 0
20.328 -24.3888 0.273182 2
-13.496 -25.4672 0.308595 1
4.912 -26.888 0.289806 2
-18.384 -28.5808 0.334691 1
-13.656 -21.5456 0.28774 1
-18.888 -29.3152 0.339472 1
12.52 -32.5328 0.313614 2
-99 -23.9872 0.614039 0
12.128 -22.9616 0.265483 2
-64.528 -32.5216 0.486123 0
8.008 -26.376 0.284929 2
-10.008 -37.8272 0.361208 0
-8.35201 -34.0864 0.341964 0
-31.408 -31.8832 0.381596 1
-21.344 -22.7408 0.310171 1
8.376 -39.272 0.345916 2
-2.824 -32.0224 0.32388 0
19.96 -32.8064 0.315672 2
49.248 -22.2864 0.315662 2
50.696 -30.8768 0.37145 2
-19.072 -34.976 0.366552 0
6.39199 -25.7728 0.282933 2
10.176 -36.1808 0.331472 2
26.248 -36.176 0.336968 2
-3.76 -37.1936 0.348754 0
-10.496 31.0032 0.0765538 3
23.432 24.0624 0.0954912 3
24.944 36.3968 0.0790045 3
48.056 34.8624 0.113335 3
-12.848 33.7824 0.0723849 3
0.831986 26.0496 0.0843316 3
27.28 30.8384 0.0880027 3
-7.144 37.0096 0.0672097 3
-11.168 33.688 0.0722812 3
10.088 32.5168 0.0756225 3
-6.176 18.0912 0.102805 3
-32.76 26.5552 0.0960553 3
23.832 21.4672 0.100596 3
6.528 25.3568 0.086053 3
-11.328 37.2 0.0671539 3
-0.176012 27.912 0.0810016 3
4.41599 21.3776 0.0936195 3
-68.232 33.4672 0.117294 1
38.488 25.9872 0.108752 3
20.84 27.8368 0.0874557 3
69.536 35.5712 0.186096 3
-44.08 26.488 0.106764 3
9.232 34.496 0.0727334 3
18.664 29.3728 0.0838205 3
-6.152 10.176 0.126114 3
-32 37.9792 0.0711828 3
5.93599 29.1024 0.0796121 3
-0.743998 24.8944 0.0865396 3
-1.912 37.3968 0.0669119 3
7.528 31.7312 0.0759966 3
-6.112 36.6384 0.0676984 3
-30.752 20.2288 0.112555 3
-42.168 28.2944 0.0995052 3
-27.184 22.3216 0.10323 3
56.088 30.2864 0.140739 3
-42.776 26.008 0.106813 3
15.24 29.944 0.0812409 3
28.96 31.0448 0.0893004 3
-13.08 26.5232 0.0855663 3
-8.56 29.0176 0.0797059 3
68.4 25.904 0.1968 3
-56.672 36.576 0.0918918 3
-47.816 20.9072 0.130866 3
59.472 31.1344 0.150428 3
31.464 46.3792 0.0753985 3
75.192 35.952 0.217119 3
47.944 16.3232 0.146637 3
-18.656 35.9616 0.0701176 3
6.632 29.8288 0.0786124 3
-22.296 33.8016 0.0747379 3
