1.5952 25.4112 2.06524e-20 3
-2.7952 13.6512 1.11246e-12 1
2.6768 6.0192 7.54238e-09 2
-1.0672 -30.768 0.968595 0
-6.8256 13.4736 1.28097e-12 1
7.064 33.1536 1.96376e-26 3
3.9104 -27.8208 0.93939 0
4.96 1.5744 5.72983e-07 2
7.6848 -19.5504 0.473235 2
-1.3344 -4.40641 0.00013307 2
6.0576 29.5008 1.43342e-23 3
3.5616 26.9232 1.44607e-21 3
7.2368 -7.7664 0.00113317 2
-6.6976 20.5392 6.18677e-17 1
1.8384 3.0624 1.57892e-07 2
-4.8288 41.472 5.89918e-33 3
-8.12 4.7136 3.02649e-08 1
-5.5664 7.5888 1.46327e-09 1
2.4144 22.4448 3.02619e-18 3
5.728 -3.696 5.56172e-05 2
-5.464 -2.04 1.91756e-05 1
-6.384 3.11999 1.58377e-07 1
0.294401 -1.3152 9.6376e-06 2
12.6752 -8.5488 0.0014938 2
-0.491203 3.984 6.73293e-08 2
4.8576 -7.4112 0.00100141 2
2.6512 21.6864 1.03888e-17 3
-0.595203 -3.1392 4.66692e-05 2
3.7792 1.5216 6.38936e-07 2
5.4608 4.5984 2.8955e-08 2
0.7216 18.96 7.3857e-16 1
-1.1152 -0.148802 3.54445e-06 2
4.7776 29.76 9.354e-24 3
-3.5216 14.8992 2.15998e-13 1
1.4544 10.6512 4.43074e-11 2
-3.0672 -11.3136 0.0182647 2
-0.441601 20.9808 3.2728e-17 3
-4.0288 17.3568 7.32269e-15 1
6.2784 -9.0576 0.00292805 2
-5.376 -3.744 8.01072e-05 1
-1.7296 3.312 1.34261e-07 2
3.7584 24.2688 1.4036e-19 3
5.6672 -9.57599 0.00428668 2
16.568 20.6016 3.71915e-17 2
8.5872 14.208 4.3224e-13 2
1.9408 -24.9504 0.889811 0
-3.3936 4.9728 2.4962e-08 1
-1.0352 -14.5152 0.103934 2
-7.4432 1.9488 4.88136e-07 1
2.8 -2.44801 2.3064e-05 2
22.6096 24.0864 1.04188e-19 3
22.1888 35.0208 3.69738e-28 3
43.3552 -27.3168 0.963348 0
25.0128 -15.0672 0.0643446 2
21.2336 34.9872 4.09033e-28 3
17.704 22.3152 2.33194e-18 3
23.144 -17.4336 0.187639 2
23.5168 -11.0928 0.00639151 2
13.3712 -0.792 3.16674e-06 2
31.4736 18.072 1.18142e-15 2
26.08 2.2992 1.34114e-07 2
30.1376 -1.68 5.48503e-06 2
29.824 4.6848 1.27552e-08 2
31.6512 0.475199 8.14184e-07 2
17.816 -22.752 0.690847 0
25.9456 -1.9104 6.36718e-06 2
30.8032 -26.1312 0.88761 0
14.704 -3.7104 3.56527e-05 2
19.5216 3.8208 3.27237e-08 2
34.4 4.17118 2.41641e-08 2
31.624 4.5312 1.54458e-08 2
25.216 -13.5168 0.0278717 2
31.7904 -10.9152 0.00659848 2
15.9488 -5.16 0.000108091 2
16.9088 7.1568 1.11115e-09 2
12.752 21.552 9.65634e-18 3
16.5776 30.8592 8.8156e-25 3
32.976 5.304 7.17223e-09 2
30.5472 8.54399 2.02494e-10 2
28.6592 14.2608 2.09785e-13 2
26.88 0.503998 7.35648e-07 2
24.6784 17.616 2.39912e-15 2
29.5856 25.3296 1.00285e-20 3
23.6672 6.984 1.12237e-09 2
22.8976 -29.8512 0.938396 0
19.5232 10.2624 3.13507e-11 2
27.0224 -6.8304 0.000340002 2
30.7328 4.2048 2.11685e-08 2
18.752 20.6448 3.20466e-17 2
24.728 -3.94561 3.51789e-05 2
26.0384 3.792 3.07682e-08 2
22.5504 -3.0096 1.64069e-05 2
35.3088 5.54879 5.98235e-09 2
39.2896 4.4448 2.27223e-08 2
20.8752 -20.0352 0.430381 2
24.464 -15.648 0.0856042 2
29.8304 -34.6608 0.972233 0
28.9312 -1.6128 5.05792e-06 2
19.3504 -8.5056 0.00117487 2
26.3136 -31.2528 0.95401 0
-24.1776 1.008 1.04054e-06 1
-14.9232 -10.1808 0.00712145 1
-32.664 -12.0672 0.0276454 1
-22.7248 2.9664 1.54954e-07 1
-38.4464 -17.544 0.406944 1
-22.2448 -11.0064 0.010811 1
-29.648 -22.2864 0.705628 0
-23.5984 10.8144 3.25318e-11 1
-22.6016 -33.8496 0.945096 0
-22.5968 -2.6208 2.46661e-05 1
-23.5024 -18.1776 0.320698 1
-13.9808 -11.232 0.0141653 1
-27.6896 0.0911987 2.74002e-06 1
-16.1056 23.5056 5.59047e-19 1
-21.0384 -5.256 0.000201478 1
-21.2224 -26.9184 0.887838 0
-14.5152 -42.6432 0.927272 0
-16.1888 22.7184 1.98682e-18 1
-15.328 21.0816 2.56843e-17 1
-39.3824 9.3312 6.56464e-10 1
-27.2064 14.8272 2.64813e-13 1
-25.0944 -12.3504 0.0244936 1
-29.5936 -11.6304 0.0184404 1
-18.6896 6.8304 2.71346e-09 1
-29.9776 5.3856 1.86779e-08 1
-25.3232 5.4864 1.31246e-08 1
-28.5376 13.4112 1.76521e-12 1
-20.1536 -8.3376 0.00190706 1
-27.4016 17.8224 4.61129e-15 1
-19.88 11.0448 2.24467e-11 1
-17.1696 -18.4512 0.37009 1
-31.9344 -19.824 0.526418 0
-30.5824 10.5024 6.96286e-11 1
-29.0816 15.1344 2.0025e-13 1
-23.7472 -5.1696 0.000193903 1
-15.3872 43.5888 1.30861e-34 3
-27.6896 -37.8192 0.934479 0
-36.4128 11.9616 2.12716e-11 1
-23.8032 18.4176 1.64502e-15 1
-24.9984 9.768 1.17122e-10 1
-29.5696 18.8688 1.18027e-15 1
-26.68 5.0544 2.17818e-08 1
-28.728 5.3424 1.80473e-08 1
-26.744 5.45279 1.44667e-08 1
-17.0272 6.84 2.68137e-09 1
-22.4816 -14.064 0.0603043 1
-17.0208 -3.4704 4.9849e-05 1
-21.6112 -2.2032 1.71506e-05 1
-30.9456 -3.4992 6.93216e-05 1
-22.6288 6.5952 3.71458e-09 1
-67.224 -30.4176 0.999467 0
-27.768 -26.2064 0.86773 0
-20.808 -32.4816 0.944651 0
-21.128 -20.6672 0.565952 0
-1.504 -31.6496 0.972058 0
-14.4 -19.84 0.535521 0
-29.808 -21.8976 0.680056 0
-7.896 -18.3328 0.435587 0
-16.304 -26.3888 0.892985 0
7.976 -18.6272 0.371857 2
8.672 -27.2064 0.916415 0
-28.016 -28.3088 0.907515 0
37.232 -27.9408 0.948418 0
10.4 -30.4576 0.951828 0
6.79998 -39.6592 0.972279 0
-36.32 -29.0688 0.93665 0
-10.944 -32.744 0.966491 0
30.16 -32.4272 0.965784 0
-19.776 -29.6112 0.929494 0
16.32 -17.32 0.189981 2
-11.92 -26.904 0.920408 0
9.408 -29.0992 0.941413 0
0.824003 -28.1088 0.948683 0
-9.25601 -33.36 0.97068 0
-5.184 -37.0528 0.977263 0
20.328 -24.3888 0.7914 0
-13.496 -25.4672 0.883649 0
4.912 -26.888 0.922767 0
-18.384 -28.5808 0.922076 0
-13.656 -21.5456 0.693798 0
-18.888 -29.3152 0.928786 0
12.52 -32.5328 0.961063 0
-99 -23.9872 1 0
12.128 -22.9616 0.73478 0
-64.528 -32.5216 0.999058 0
8.008 -26.376 0.901592 0
-10.008 -37.8272 0.969697 0
-8.35201 -34.0864 0.973054 0
-31.408 -31.8832 0.940317 0
-21.344 -22.7408 0.725652 0
8.376 -39.272 0.97157 0
-2.824 -32.0224 0.973276 0
19.96 -32.8064 0.958725 0
49.248 -22.2864 0.905116 0
50.696 -30.8768 0.992635 0
-19.072 -34.976 0.952032 0
6.39199 -25.7728 0.89338 0
10.176 -36.1808 0.971333 0
26.248 -36.176 0.970788 0
-3.76 -37.1936 0.978142 0
-10.496 31.0032 1.37664e-24 3
23.432 24.0624 1.05705e-19 3
24.944 36.3968 2.63235e-29 3
48.056 34.8624 1.6001e-28 3
-12.848 33.7824 1.00585e-26 3
0.831986 26.0496 6.94529e-21 3
27.28 30.8384 6.08231e-25 3
-7.144 37.0096 2.4971e-29 3
-11.168 33.688 1.14725e-26 3
10.088 32.5168 5.62184e-26 3
-6.176 18.0912 2.44336e-15 1
-32.76 26.5552 6.39829e-21 3
23.832 21.4672 7.4904e-18 2
6.528 25.3568 2.0476e-20 3
-11.328 37.2 1.93665e-29 3
-0.176012 27.912 2.74329e-22 3
4.41599 21.3776 1.66184e-17 3
-68.232 33.4672 8.76943e-26 3
38.488 25.9872 2.4483e-21 3
20.84 27.8368 1.65531e-22 3
69.536 35.5712 1.40497e-29 3
-44.08 26.488 1.12719e-20 3
9.232 34.496 1.59721e-27 3
18.664 29.3728 1.16983e-23 3
-6.152 10.176 7.47465e-11 1
-32 37.9792 1.0139e-29 3
5.93599 29.1024 2.92186e-23 3
-0.743998 24.8944 5.145e-20 3
-1.912 37.3968 1.09306e-29 3
7.528 31.7312 2.52467e-25 3
-6.112 36.6384 4.82447e-29 3
-30.752 20.2288 1.68878e-16 1
-42.168 28.2944 4.58396e-22 3
-27.184 22.3216 5.3258e-18 1
56.088 30.2864 5.09191e-25 3
-42.776 26.008 2.4779e-20 3
15.24 29.944 4.78552e-24 3
28.96 31.0448 3.92758e-25 3
-13.08 26.5232 3.524e-21 3
-8.56 29.0176 4.43062e-23 3
68.4 25.904 8.77322e-22 3
-56.672 36.576 2.85106e-28 3
-47.816 20.9072 1.74968e-16 3
59.472 31.1344 9.08601e-26 3
31.464 46.3792 1.48004e-37 3
75.192 35.952 4.99617e-30 3
47.944 16.3232 2.25246e-14 2
-18.656 35.9616 2.29852e-28 3
6.632 29.8288 7.85757e-24 3
-22.296 33.8016 1.28883e-26 3
