1.5952 25.4112 1.32466e-20 3
-2.7952 13.6512 8.62294e-13 1
2.6768 6.0192 6.11489e-09 2
-1.0672 -30.768 0.970231 0
-6.8256 13.4736 9.97135e-13 1
7.064 33.1536 1.1124e-26 3
3.9104 -27.8208 0.944115 0
4.96 1.5744 4.85005e-07 2
7.6848 -19.5504 0.482726 2
-1.3344 -4.40641 0.000119624 2
6.0576 29.5008 8.60925e-24 3
3.5616 26.9232 9.04015e-22 3
7.2368 -7.7664 0.00106054 2
-6.6976 20.5392 4.33723e-17 1
1.8384 3.0624 1.32011e-07 2
-4.8288 41.472 2.8345e-33 3
-8.12 4.7136 2.53923e-08 1
-5.5664 7.5888 1.20281e-09 1
2.4144 22.4448 2.03109e-18 3
5.728 -3.696 4.98006e-05 2
-5.464 -2.04 1.69368e-05 1
-6.384 3.11999 1.34756e-07 1
0.294401 -1.3152 8.41974e-06 2
12.6752 -8.5488 0.00142664 2
-0.491203 3.984 5.62074e-08 2
4.8576 -7.4112 0.000929599 2
2.6512 21.6864 7.04959e-18 3
-0.595203 -3.1392 4.14823e-05 2
3.7792 1.5216 5.41093e-07 2
5.4608 4.5984 2.37345e-08 2
0.7216 18.96 5.26963e-16 2
-1.1152 -0.148802 3.07195e-06 2
4.7776 29.76 5.59376e-24 3
-3.5216 14.8992 1.65508e-13 1
1.4544 10.6512 3.45612e-11 2
-3.0672 -11.3136 0.0172961 2
-0.441601 20.9808 2.27053e-17 3
-4.0288 17.3568 5.43583e-15 1
6.2784 -9.0576 0.00276972 2
-5.376 -3.744 7.16024e-05 1
-1.7296 3.312 1.13188e-07 2
3.7584 24.2688 9.13231e-20 3
5.6672 -9.57599 0.00407044 2
16.568 20.6016 2.57299e-17 2
8.5872 14.208 3.18079e-13 2
1.9408 -24.9504 0.89556 0
-3.3936 4.9728 2.08673e-08 1
-1.0352 -14.5152 0.101608 2
-7.4432 1.9488 4.1849e-07 1
2.8 -2.44801 2.03354e-05 2
22.6096 24.0864 7.01634e-20 3
22.1888 35.0208 2.09326e-28 3
43.3552 -27.3168 0.960796 0
25.0128 -15.0672 0.0648009 2
21.2336 34.9872 2.31057e-28 3
17.704 22.3152 1.5807e-18 3
23.144 -17.4336 0.190902 2
23.5168 -11.0928 0.00631226 2
13.3712 -0.792 2.8126e-06 2
31.4736 18.072 9.21167e-16 2
26.08 2.2992 1.21176e-07 2
30.1376 -1.68 5.13872e-06 2
29.824 4.6848 1.14369e-08 2
31.6512 0.475199 7.54137e-07 2
17.816 -22.752 0.702602 0
25.9456 -1.9104 5.93681e-06 2
30.8032 -26.1312 0.889501 0
14.704 -3.7104 3.27431e-05 2
19.5216 3.8208 2.84594e-08 2
34.4 4.17118 2.19663e-08 2
31.624 4.5312 1.39294e-08 2
25.216 -13.5168 0.0278676 2
31.7904 -10.9152 0.00646793 2
15.9488 -5.16 0.00010098 2
16.9088 7.1568 9.213e-10 2
12.752 21.552 6.50015e-18 3
16.5776 30.8592 5.26539e-25 3
32.976 5.304 6.45379e-09 2
30.5472 8.54399 1.76532e-10 2
28.6592 14.2608 1.71255e-13 2
26.88 0.503998 6.75338e-07 2
24.6784 17.616 1.82388e-15 2
29.5856 25.3296 6.78073e-21 3
23.6672 6.984 9.64463e-10 2
22.8976 -29.8512 0.942042 0
19.5232 10.2624 2.54697e-11 2
27.0224 -6.8304 0.000327734 2
30.7328 4.2048 1.90932e-08 2
18.752 20.6448 2.23952e-17 2
24.728 -3.94561 3.32057e-05 2
26.0384 3.792 2.74614e-08 2
22.5504 -3.0096 1.53136e-05 2
35.3088 5.54879 5.40012e-09 2
39.2896 4.4448 2.07405e-08 2
20.8752 -20.0352 0.439516 2
24.464 -15.648 0.0864693 2
29.8304 -34.6608 0.972947 0
28.9312 -1.6128 4.72961e-06 2
19.3504 -8.5056 0.00113658 2
26.3136 -31.2528 0.956126 0
-24.1776 1.008 8.39417e-07 1
-14.9232 -10.1808 0.0063432 1
-32.664 -12.0672 0.0243971 1
-22.7248 2.9664 1.23451e-07 1
-38.4464 -17.544 0.388259 1
-22.2448 -11.0064 0.00942415 1
-29.648 -22.2864 0.680993 0
-23.5984 10.8144 2.37323e-11 1
-22.6016 -33.8496 0.935593 0
-22.5968 -2.6208 2.05518e-05 1
-23.5024 -18.1776 0.293961 1
-13.9808 -11.232 0.0127255 1
-27.6896 0.0911987 2.2122e-06 1
-16.1056 23.5056 3.5408e-19 1
-21.0384 -5.256 0.000171426 1
-21.2224 -26.9184 0.873502 0
-14.5152 -42.6432 0.909837 0
-16.1888 22.7184 1.27438e-18 1
-15.328 21.0816 1.70277e-17 1
-39.3824 9.3312 4.79331e-10 1
-27.2064 14.8272 1.80009e-13 1
-25.0944 -12.3504 0.0214142 1
-29.5936 -11.6304 0.0161094 1
-18.6896 6.8304 2.12343e-09 1
-29.9776 5.3856 1.4263e-08 1
-25.3232 5.4864 1.01111e-08 1
-28.5376 13.4112 1.21915e-12 1
-20.1536 -8.3376 0.00165217 1
-27.4016 17.8224 2.99548e-15 1
-19.88 11.0448 1.66609e-11 1
-17.1696 -18.4512 0.344319 1
-31.9344 -19.824 0.499287 0
-30.5824 10.5024 4.98419e-11 1
-29.0816 15.1344 1.34609e-13 1
-23.7472 -5.1696 0.000163759 1
-15.3872 43.5888 5.61698e-35 3
-27.6896 -37.8192 0.922512 0
-36.4128 11.9616 1.4859e-11 1
-23.8032 18.4176 1.07724e-15 1
-24.9984 9.768 8.60278e-11 1
-29.5696 18.8688 7.49316e-16 1
-26.68 5.0544 1.67932e-08 1
-28.728 5.3424 1.3812e-08 1
-26.744 5.45279 1.11044e-08 1
-17.0272 6.84 2.118e-09 1
-22.4816 -14.064 0.0533202 1
-17.0208 -3.4704 4.26314e-05 1
-21.6112 -2.2032 1.42923e-05 1
-30.9456 -3.4992 5.76258e-05 1
-22.6288 6.5952 2.8572e-09 1
-67.224 -30.4176 0.99964 0
-27.768 -26.2064 0.85252 0
-20.808 -32.4816 0.935533 0
-21.128 -20.6672 0.535364 0
-1.504 -31.6496 0.973383 0
-14.4 -19.84 0.510724 0
-29.808 -21.8976 0.654461 0
-7.896 -18.3328 0.422888 0
-16.304 -26.3888 0.880728 0
7.976 -18.6272 0.379186 2
8.672 -27.2064 0.923107 0
-28.016 -28.3088 0.895901 0
37.232 -27.9408 0.947316 0
10.4 -30.4576 0.956517 0
6.79998 -39.6592 0.975906 0
-36.32 -29.0688 0.931358 0
-10.944 -32.744 0.962685 0
30.16 -32.4272 0.966611 0
-19.776 -29.6112 0.919305 0
16.32 -17.32 0.194021 2
-11.92 -26.904 0.913217 0
9.408 -29.0992 0.946752 0
0.824003 -28.1088 0.951907 0
-9.25601 -33.36 0.967927 0
-5.184 -37.0528 0.976402 0
20.328 -24.3888 0.800716 0
-13.496 -25.4672 0.872654 0
4.912 -26.888 0.928554 0
-18.384 -28.5808 0.91153 0
-13.656 -21.5456 0.672991 0
-18.888 -29.3152 0.918729 0
12.52 -32.5328 0.965066 0
-99 -23.9872 1 0
12.128 -22.9616 0.746955 0
-64.528 -32.5216 0.999328 0
8.008 -26.376 0.908927 0
-10.008 -37.8272 0.965375 0
-8.35201 -34.0864 0.970799 0
-31.408 -31.8832 0.932727 0
-21.344 -22.7408 0.699805 0
8.376 -39.272 0.975304 0
-2.824 -32.0224 0.973996 0
19.96 -32.8064 0.96198 0
49.248 -22.2864 0.895599 0
50.696 -30.8768 0.991398 0
-19.072 -34.976 0.943263 0
6.39199 -25.7728 0.900788 0
10.176 -36.1808 0.9748 0
26.248 -36.176 0.972238 0
-3.76 -37.1936 0.97802 0
-10.496 31.0032 7.86345e-25 3
23.432 24.0624 7.14428e-20 3
24.944 36.3968 1.46606e-29 3
48.056 34.8624 9.78157e-29 3
-12.848 33.7824 5.40176e-27 3
0.831986 26.0496 4.41241e-21 3
27.28 30.8384 3.74877e-25 3
-7.144 37.0096 1.29147e-29 3
-11.168 33.688 6.21863e-27 3
10.088 32.5168 3.22901e-26 3
-6.176 18.0912 1.79033e-15 1
-32.76 26.5552 3.6396e-21 3
23.832 21.4672 5.29689e-18 2
6.528 25.3568 1.30687e-20 3
-11.328 37.2 9.79861e-30 3
-0.176012 27.912 1.69057e-22 3
4.41599 21.3776 1.12594e-17 3
-68.232 33.4672 4.28211e-26 3
38.488 25.9872 1.6708e-21 3
20.84 27.8368 1.04734e-22 3
69.536 35.5712 9.09944e-30 3
-44.08 26.488 6.41705e-21 3
9.232 34.496 8.86149e-28 3
18.664 29.3728 7.18778e-24 3
-6.152 10.176 6.01303e-11 1
-32 37.9792 4.64433e-30 3
5.93599 29.1024 1.76567e-23 3
-0.743998 24.8944 3.33732e-20 3
-1.912 37.3968 5.69417e-30 3
7.528 31.7312 1.46486e-25 3
-6.112 36.6384 2.52162e-29 3
-30.752 20.2288 1.04854e-16 1
-42.168 28.2944 2.53501e-22 3
-27.184 22.3216 3.24561e-18 1
56.088 30.2864 3.40464e-25 3
-42.776 26.008 1.42103e-20 3
15.24 29.944 2.88923e-24 3
28.96 31.0448 2.4246e-25 3
-13.08 26.5232 2.15514e-21 3
-8.56 29.0176 2.64163e-23 3
68.4 25.904 6.3837e-22 3
-56.672 36.576 1.31861e-28 3
-47.816 20.9072 1.08043e-16 3
59.472 31.1344 6.06684e-26 3
31.464 46.3792 7.31278e-38 3
75.192 35.952 3.28275e-30 3
47.944 16.3232 1.84324e-14 2
-18.656 35.9616 1.14928e-28 3
6.632 29.8288 4.69626e-24 3
-22.296 33.8016 6.62956e-27 3
