1.5952 25.4112 9.50535e-21 3
-2.7952 13.6512 7.23602e-13 1
2.6768 6.0192 5.23263e-09 2
-1.0672 -30.768 0.972468 0
-6.8256 13.4736 8.2609e-13 1
7.064 33.1536 7.40272e-27 3
3.9104 -27.8208 0.946939 0
4.96 1.5744 4.15941e-07 2
7.6848 -19.5504 0.476191 2
-1.3344 -4.40641 0.000106535 2
6.0576 29.5008 5.9518e-24 3
3.5616 26.9232 6.39815e-22 3
7.2368 -7.7664 0.000942823 2
-6.6976 20.5392 3.2562e-17 1
1.8384 3.0624 1.13659e-07 2
-4.8288 41.472 1.63696e-33 3
-8.12 4.7136 2.22894e-08 1
-5.5664 7.5888 1.04212e-09 1
2.4144 22.4448 1.52295e-18 3
5.728 -3.696 4.33706e-05 2
-5.464 -2.04 1.527e-05 1
-6.384 3.11999 1.19211e-07 1
0.294401 -1.3152 7.3632e-06 2
12.6752 -8.5488 0.00129145 2
-0.491203 3.984 4.87194e-08 2
4.8576 -7.4112 0.000823502 2
2.6512 21.6864 5.35572e-18 3
-0.595203 -3.1392 3.6636e-05 2
3.7792 1.5216 4.64876e-07 2
5.4608 4.5984 2.02457e-08 2
0.7216 18.96 4.17527e-16 3
-1.1152 -0.148802 2.69537e-06 2
4.7776 29.76 3.84695e-24 3
-3.5216 14.8992 1.36925e-13 1
1.4544 10.6512 2.94832e-11 2
-3.0672 -11.3136 0.016089 2
-0.441601 20.9808 1.7307e-17 3
-4.0288 17.3568 4.34497e-15 1
6.2784 -9.0576 0.00247807 2
-5.376 -3.744 6.49873e-05 1
-1.7296 3.312 9.87268e-08 2
3.7584 24.2688 6.68483e-20 3
5.6672 -9.57599 0.00365167 2
16.568 20.6016 2.05448e-17 2
8.5872 14.208 2.68536e-13 2
1.9408 -24.9504 0.897415 0
-3.3936 4.9728 1.82222e-08 2
-1.0352 -14.5152 0.0958833 2
-7.4432 1.9488 3.7262e-07 1
2.8 -2.44801 1.76911e-05 2
22.6096 24.0864 5.326e-20 3
22.1888 35.0208 1.39801e-28 3
43.3552 -27.3168 0.966851 0
25.0128 -15.0672 0.0642527 2
21.2336 34.9872 1.54162e-28 3
17.704 22.3152 1.22816e-18 3
23.144 -17.4336 0.192354 2
23.5168 -11.0928 0.00601509 2
13.3712 -0.792 2.45212e-06 2
31.4736 18.072 7.61927e-16 2
26.08 2.2992 1.07049e-07 2
30.1376 -1.68 4.64114e-06 2
29.824 4.6848 1.00462e-08 2
31.6512 0.475199 6.74195e-07 2
17.816 -22.752 0.712743 0
25.9456 -1.9104 5.3436e-06 2
30.8032 -26.1312 0.902265 0
14.704 -3.7104 2.90077e-05 2
19.5216 3.8208 2.47756e-08 2
34.4 4.17118 1.93283e-08 2
31.624 4.5312 1.22461e-08 2
25.216 -13.5168 0.0272457 2
31.7904 -10.9152 0.00625017 2
15.9488 -5.16 9.04516e-05 2
16.9088 7.1568 7.92894e-10 2
12.752 21.552 5.07134e-18 3
16.5776 30.8592 3.65448e-25 3
32.976 5.304 5.65837e-09 2
30.5472 8.54399 1.53459e-10 2
28.6592 14.2608 1.46729e-13 2
26.88 0.503998 6.01541e-07 2
24.6784 17.616 1.52702e-15 2
29.5856 25.3296 5.06812e-21 3
23.6672 6.984 8.38381e-10 2
22.8976 -29.8512 0.950379 0
19.5232 10.2624 2.19215e-11 2
27.0224 -6.8304 0.000304492 2
30.7328 4.2048 1.68028e-08 2
18.752 20.6448 1.79204e-17 2
24.728 -3.94561 3.01655e-05 2
26.0384 3.792 2.41322e-08 2
22.5504 -3.0096 1.37819e-05 2
35.3088 5.54879 4.72594e-09 2
39.2896 4.4448 1.81604e-08 2
20.8752 -20.0352 0.446861 2
24.464 -15.648 0.0860856 2
29.8304 -34.6608 0.97913 0
28.9312 -1.6128 4.26565e-06 2
19.3504 -8.5056 0.00104987 2
26.3136 -31.2528 0.963736 0
-24.1776 1.008 7.21436e-07 1
-14.9232 -10.1808 0.00596766 1
-32.664 -12.0672 0.022153 1
-22.7248 2.9664 1.05023e-07 1
-38.4464 -17.544 0.368681 1
-22.2448 -11.0064 0.00867006 1
-29.648 -22.2864 0.663446 0
-23.5984 10.8144 1.89138e-11 1
-22.6016 -33.8496 0.932113 0
-22.5968 -2.6208 1.81237e-05 1
-23.5024 -18.1776 0.280338 1
-13.9808 -11.232 0.0120691 1
-27.6896 0.0911987 1.90339e-06 1
-16.1056 23.5056 2.47467e-19 1
-21.0384 -5.256 0.000154068 1
-21.2224 -26.9184 0.868541 0
-14.5152 -42.6432 0.909485 0
-16.1888 22.7184 8.98464e-19 1
-15.328 21.0816 1.22778e-17 1
-39.3824 9.3312 3.96251e-10 1
-27.2064 14.8272 1.37238e-13 1
-25.0944 -12.3504 0.0196478 1
-29.5936 -11.6304 0.014618 1
-18.6896 6.8304 1.77426e-09 1
-29.9776 5.3856 1.18499e-08 1
-25.3232 5.4864 8.40695e-09 1
-28.5376 13.4112 9.44185e-13 1
-20.1536 -8.3376 0.00151239 1
-27.4016 17.8224 2.20317e-15 1
-19.88 11.0448 1.33615e-11 1
-17.1696 -18.4512 0.335942 1
-31.9344 -19.824 0.478101 1
-30.5824 10.5024 3.97732e-11 1
-29.0816 15.1344 1.02309e-13 1
-23.7472 -5.1696 0.000145999 1
-15.3872 43.5888 3.01246e-35 3
-27.6896 -37.8192 0.915541 0
-36.4128 11.9616 1.18507e-11 1
-23.8032 18.4176 7.88263e-16 1
-24.9984 9.768 6.90916e-11 1
-29.5696 18.8688 5.44163e-16 1
-26.68 5.0544 1.39891e-08 1
-28.728 5.3424 1.14739e-08 1
-26.744 5.45279 9.22251e-09 1
-17.0272 6.84 1.78e-09 1
-22.4816 -14.064 0.0497065 1
-17.0208 -3.4704 3.84473e-05 1
-21.6112 -2.2032 1.26067e-05 1
-30.9456 -3.4992 5.0524e-05 1
-22.6288 6.5952 2.36598e-09 1
-67.224 -30.4176 0.999676 0
-27.768 -26.2064 0.842957 0
-20.808 -32.4816 0.932897 0
-21.128 -20.6672 0.522613 0
-1.504 -31.6496 0.97558 0
-14.4 -19.84 0.505819 0
-29.808 -21.8976 0.63611 0
-7.896 -18.3328 0.419845 0
-16.304 -26.3888 0.879284 0
7.976 -18.6272 0.371162 2
8.672 -27.2064 0.927457 0
-28.016 -28.3088 0.88859 0
37.232 -27.9408 0.955472 0
10.4 -30.4576 0.961007 0
6.79998 -39.6592 0.980808 0
-36.32 -29.0688 0.925262 0
-10.944 -32.744 0.964031 0
30.16 -32.4272 0.973288 0
-19.776 -29.6112 0.916701 0
16.32 -17.32 0.191578 2
-11.92 -26.904 0.914487 0
9.408 -29.0992 0.951139 0
0.824003 -28.1088 0.954316 0
-9.25601 -33.36 0.969577 0
-5.184 -37.0528 0.978757 0
20.328 -24.3888 0.813064 0
-13.496 -25.4672 0.872927 0
4.912 -26.888 0.931551 0
-18.384 -28.5808 0.909454 0
-13.656 -21.5456 0.670714 0
-18.888 -29.3152 0.916565 0
12.52 -32.5328 0.969905 0
-99 -23.9872 1 0
12.128 -22.9616 0.751997 0
-64.528 -32.5216 0.999367 0
8.008 -26.376 0.912983 0
-10.008 -37.8272 0.96716 0
-8.35201 -34.0864 0.972581 0
-31.408 -31.8832 0.926775 0
-21.344 -22.7408 0.689469 0
8.376 -39.272 0.980397 0
-2.824 -32.0224 0.976131 0
19.96 -32.8064 0.968527 0
49.248 -22.2864 0.904536 0
50.696 -30.8768 0.993172 0
-19.072 -34.976 0.941474 0
6.39199 -25.7728 0.904053 0
10.176 -36.1808 0.979215 0
26.248 -36.176 0.97884 0
-3.76 -37.1936 0.980507 0
-10.496 31.0032 5.15665e-25 3
23.432 24.0624 5.42724e-20 3
24.944 36.3968 9.66797e-30 3
48.056 34.8624 6.79791e-29 3
-12.848 33.7824 3.4132e-27 3
0.831986 26.0496 3.13639e-21 3
27.28 30.8384 2.63868e-25 3
-7.144 37.0096 7.93371e-30 3
-11.168 33.688 3.94894e-27 3
10.088 32.5168 2.17612e-26 3
-6.176 18.0912 1.40102e-15 1
-32.76 26.5552 2.44332e-21 3
23.832 21.4672 4.19254e-18 3
6.528 25.3568 9.48583e-21 3
-11.328 37.2 5.9362e-30 3
-0.176012 27.912 1.17416e-22 3
4.41599 21.3776 8.63852e-18 3
-68.232 33.4672 2.68489e-26 3
38.488 25.9872 1.23931e-21 3
20.84 27.8368 7.56335e-23 3
69.536 35.5712 6.62386e-30 3
-44.08 26.488 4.30734e-21 3
9.232 34.496 5.82937e-28 3
18.664 29.3728 5.08707e-24 3
-6.152 10.176 5.12953e-11 1
-32 37.9792 2.74535e-30 3
5.93599 29.1024 1.22563e-23 3
-0.743998 24.8944 2.39712e-20 3
-1.912 37.3968 3.52897e-30 3
7.528 31.7312 9.91225e-26 3
-6.112 36.6384 1.5615e-29 3
-30.752 20.2288 7.49233e-17 1
-42.168 28.2944 1.67701e-22 3
-27.184 22.3216 2.26423e-18 1
56.088 30.2864 2.51052e-25 3
-42.776 26.008 9.58332e-21 3
15.24 29.944 2.02112e-24 3
28.96 31.0448 1.70582e-25 3
-13.08 26.5232 1.47029e-21 3
-8.56 29.0176 1.77729e-23 3
68.4 25.904 4.98079e-22 3
-56.672 36.576 7.935e-29 3
-47.816 20.9072 7.56368e-17 3
59.472 31.1344 4.48078e-26 3
31.464 46.3792 4.88871e-38 3
75.192 35.952 2.41966e-30 3
47.944 16.3232 1.47521e-14 2
-18.656 35.9616 6.98865e-29 3
6.632 29.8288 3.23871e-24 3
-22.296 33.8016 4.13348e-27 3
