1.5952 25.4112 1.29675e-20 3
-2.7952 13.6512 8.51801e-13 1
2.6768 6.0192 6.05515e-09 2
-1.0672 -30.768 0.970299 0
-6.8256 13.4736 9.84847e-13 1
7.064 33.1536 1.08296e-26 3
3.9104 -27.8208 0.944238 0
4.96 1.5744 4.80951e-07 2
7.6848 -19.5504 0.482635 2
-1.3344 -4.40641 0.000118947 2
6.0576 29.5008 8.40399e-24 3
3.5616 26.9232 8.84025e-22 3
7.2368 -7.7664 0.00105541 2
-6.6976 20.5392 4.26085e-17 1
1.8384 3.0624 1.3087e-07 2
-4.8288 41.472 2.73669e-33 3
-8.12 4.7136 2.51806e-08 1
-5.5664 7.5888 1.1915e-09 1
2.4144 22.4448 1.99302e-18 3
5.728 -3.696 4.94802e-05 2
-5.464 -2.04 1.68364e-05 1
-6.384 3.11999 1.33722e-07 1
0.294401 -1.3152 8.36129e-06 2
12.6752 -8.5488 0.00142092 2
-0.491203 3.984 5.57229e-08 2
4.8576 -7.4112 0.000924889 2
2.6512 21.6864 6.92178e-18 3
-0.595203 -3.1392 4.12254e-05 2
3.7792 1.5216 5.36606e-07 2
5.4608 4.5984 2.351e-08 2
0.7216 18.96 5.18612e-16 2
-1.1152 -0.148802 3.05007e-06 2
4.7776 29.76 5.45897e-24 3
-3.5216 14.8992 1.63373e-13 1
1.4544 10.6512 3.41721e-11 2
-3.0672 -11.3136 0.0172415 2
-0.441601 20.9808 2.23071e-17 3
-4.0288 17.3568 5.35624e-15 1
6.2784 -9.0576 0.00275753 2
-5.376 -3.744 7.12173e-05 1
-1.7296 3.312 1.12261e-07 2
3.7584 24.2688 8.94829e-20 3
5.6672 -9.57599 0.00405322 2
16.568 20.6016 2.53085e-17 2
8.5872 14.208 3.13905e-13 2
1.9408 -24.9504 0.895671 0
-3.3936 4.9728 2.06891e-08 1
-1.0352 -14.5152 0.101396 2
-7.4432 1.9488 4.15456e-07 1
2.8 -2.44801 2.01968e-05 2
22.6096 24.0864 6.88631e-20 3
22.1888 35.0208 2.03738e-28 3
43.3552 -27.3168 0.960891 0
25.0128 -15.0672 0.0647693 2
21.2336 34.9872 2.24873e-28 3
17.704 22.3152 1.55285e-18 3
23.144 -17.4336 0.190932 2
23.5168 -11.0928 0.00629982 2
13.3712 -0.792 2.79334e-06 2
31.4736 18.072 9.0927e-16 2
26.08 2.2992 1.20394e-07 2
30.1376 -1.68 5.11398e-06 2
29.824 4.6848 1.1357e-08 2
31.6512 0.475199 7.50015e-07 2
17.816 -22.752 0.702963 0
25.9456 -1.9104 5.90712e-06 2
30.8032 -26.1312 0.889813 0
14.704 -3.7104 3.25603e-05 2
19.5216 3.8208 2.82392e-08 2
34.4 4.17118 2.18217e-08 2
31.624 4.5312 1.38344e-08 2
25.216 -13.5168 0.0278393 2
31.7904 -10.9152 0.00645689 2
15.9488 -5.16 0.000100487 2
16.9088 7.1568 9.12689e-10 2
12.752 21.552 6.38589e-18 3
16.5776 30.8592 5.13883e-25 3
32.976 5.304 6.40853e-09 2
30.5472 8.54399 1.75074e-10 2
28.6592 14.2608 1.69421e-13 2
26.88 0.503998 6.71445e-07 2
24.6784 17.616 1.80001e-15 2
29.5856 25.3296 6.65189e-21 3
23.6672 6.984 9.56384e-10 2
22.8976 -29.8512 0.942284 0
19.5232 10.2624 2.52113e-11 2
27.0224 -6.8304 0.000326674 2
30.7328 4.2048 1.89641e-08 2
18.752 20.6448 2.20338e-17 2
24.728 -3.94561 3.306e-05 2
26.0384 3.792 2.72696e-08 2
22.5504 -3.0096 1.52383e-05 2
35.3088 5.54879 5.3623e-09 2
39.2896 4.4448 2.06035e-08 2
20.8752 -20.0352 0.439756 2
24.464 -15.648 0.0864418 2
29.8304 -34.6608 0.973102 0
28.9312 -1.6128 4.70643e-06 2
19.3504 -8.5056 0.00113287 2
26.3136 -31.2528 0.956332 0
-24.1776 1.008 8.31548e-07 1
-14.9232 -10.1808 0.00631543 1
-32.664 -12.0672 0.0242637 1
-22.7248 2.9664 1.22212e-07 1
-38.4464 -17.544 0.387294 1
-22.2448 -11.0064 0.00937305 1
-29.648 -22.2864 0.679967 0
-23.5984 10.8144 2.33967e-11 1
-22.6016 -33.8496 0.93527 0
-22.5968 -2.6208 2.03909e-05 1
-23.5024 -18.1776 0.293008 1
-13.9808 -11.232 0.0126753 1
-27.6896 0.0911987 2.19174e-06 1
-16.1056 23.5056 3.46407e-19 1
-21.0384 -5.256 0.000170266 1
-21.2224 -26.9184 0.873034 0
-14.5152 -42.6432 0.909364 0
-16.1888 22.7184 1.24749e-18 1
-15.328 21.0816 1.6692e-17 1
-39.3824 9.3312 4.73163e-10 1
-27.2064 14.8272 1.76947e-13 1
-25.0944 -12.3504 0.0212987 1
-29.5936 -11.6304 0.0160173 1
-18.6896 6.8304 2.09965e-09 1
-29.9776 5.3856 1.40971e-08 1
-25.3232 5.4864 9.99507e-09 1
-28.5376 13.4112 1.19946e-12 1
-20.1536 -8.3376 0.00164262 1
-27.4016 17.8224 2.9382e-15 1
-19.88 11.0448 1.64329e-11 1
-17.1696 -18.4512 0.343523 1
-31.9344 -19.824 0.498108 1
-30.5824 10.5024 4.91248e-11 1
-29.0816 15.1344 1.32278e-13 1
-23.7472 -5.1696 0.000162591 1
-15.3872 43.5888 5.39892e-35 3
-27.6896 -37.8192 0.922032 0
-36.4128 11.9616 1.46371e-11 1
-23.8032 18.4176 1.05655e-15 1
-24.9984 9.768 8.48499e-11 1
-29.5696 18.8688 7.34345e-16 1
-26.68 5.0544 1.66023e-08 1
-28.728 5.3424 1.36518e-08 1
-26.744 5.45279 1.09759e-08 1
-17.0272 6.84 2.09498e-09 1
-22.4816 -14.064 0.0530701 1
-17.0208 -3.4704 4.23475e-05 1
-21.6112 -2.2032 1.41801e-05 1
-30.9456 -3.4992 5.71677e-05 1
-22.6288 6.5952 2.82368e-09 1
-67.224 -30.4176 0.999644 0
-27.768 -26.2064 0.851915 0
-20.808 -32.4816 0.935242 0
-21.128 -20.6672 0.534338 0
-1.504 -31.6496 0.973444 0
-14.4 -19.84 0.510032 0
-29.808 -21.8976 0.653392 0
-7.896 -18.3328 0.422514 0
-16.304 -26.3888 0.880399 0
7.976 -18.6272 0.379024 2
8.672 -27.2064 0.92329 0
-28.016 -28.3088 0.895437 0
37.232 -27.9408 0.947483 0
10.4 -30.4576 0.95668 0
6.79998 -39.6592 0.976064 0
-36.32 -29.0688 0.931071 0
-10.944 -32.744 0.962619 0
30.16 -32.4272 0.966778 0
-19.776 -29.6112 0.918993 0
16.32 -17.32 0.193964 2
-11.92 -26.904 0.913073 0
9.408 -29.0992 0.946921 0
0.824003 -28.1088 0.952001 0
-9.25601 -33.36 0.967892 0
-5.184 -37.0528 0.976422 0
20.328 -24.3888 0.80111 0
-13.496 -25.4672 0.872398 0
4.912 -26.888 0.928694 0
-18.384 -28.5808 0.911223 0
-13.656 -21.5456 0.672449 0
-18.888 -29.3152 0.918431 0
12.52 -32.5328 0.96523 0
-99 -23.9872 1 0
12.128 -22.9616 0.747205 0
-64.528 -32.5216 0.999333 0
8.008 -26.376 0.90911 0
-10.008 -37.8272 0.9653 0
-8.35201 -34.0864 0.970778 0
-31.408 -31.8832 0.932389 0
-21.344 -22.7408 0.698942 0
8.376 -39.272 0.975469 0
-2.824 -32.0224 0.974045 0
19.96 -32.8064 0.962176 0
49.248 -22.2864 0.895624 0
50.696 -30.8768 0.991417 0
-19.072 -34.976 0.942998 0
6.39199 -25.7728 0.900953 0
10.176 -36.1808 0.974946 0
26.248 -36.176 0.972413 0
-3.76 -37.1936 0.978058 0
-10.496 31.0032 7.65633e-25 3
23.432 24.0624 7.01255e-20 3
24.944 36.3968 1.42565e-29 3
48.056 34.8624 9.54372e-29 3
-12.848 33.7824 5.24581e-27 3
0.831986 26.0496 4.31719e-21 3
27.28 30.8384 3.66212e-25 3
-7.144 37.0096 1.25166e-29 3
-11.168 33.688 6.04105e-27 3
10.088 32.5168 3.14574e-26 3
-6.176 18.0912 1.76267e-15 1
-32.76 26.5552 3.54822e-21 3
23.832 21.4672 5.21078e-18 2
6.528 25.3568 1.27961e-20 3
-11.328 37.2 9.48891e-30 3
-0.176012 27.912 1.6517e-22 3
4.41599 21.3776 1.10581e-17 3
-68.232 33.4672 4.14996e-26 3
38.488 25.9872 1.63891e-21 3
20.84 27.8368 1.02483e-22 3
69.536 35.5712 8.89639e-30 3
-44.08 26.488 6.25611e-21 3
9.232 34.496 8.61902e-28 3
18.664 29.3728 7.02395e-24 3
-6.152 10.176 5.94961e-11 1
-32 37.9792 4.48579e-30 3
5.93599 29.1024 1.72406e-23 3
-0.743998 24.8944 3.268e-20 3
-1.912 37.3968 5.52035e-30 3
7.528 31.7312 1.42768e-25 3
-6.112 36.6384 2.44509e-29 3
-30.752 20.2288 1.02655e-16 1
-42.168 28.2944 2.46841e-22 3
-27.184 22.3216 3.17343e-18 1
56.088 30.2864 3.33532e-25 3
-42.776 26.008 1.38588e-20 3
15.24 29.944 2.82135e-24 3
28.96 31.0448 2.36852e-25 3
-13.08 26.5232 2.10474e-21 3
-8.56 29.0176 2.5767e-23 3
68.4 25.904 6.27778e-22 3
-56.672 36.576 1.27473e-28 3
-47.816 20.9072 1.05712e-16 3
59.472 31.1344 5.9424e-26 3
31.464 46.3792 7.31306e-38 3
75.192 35.952 3.21103e-30 3
47.944 16.3232 1.82052e-14 2
-18.656 35.9616 1.11304e-28 3
6.632 29.8288 4.58338e-24 3
-22.296 33.8016 6.43065e-27 3
