1.5952 25.4112 1.35251e-20 3
-2.7952 13.6512 8.72698e-13 1
2.6768 6.0192 6.17383e-09 2
-1.0672 -30.768 0.970168 0
-6.8256 13.4736 1.00928e-12 1
7.064 33.1536 1.14197e-26 3
3.9104 -27.8208 0.943991 0
4.96 1.5744 4.88974e-07 2
7.6848 -19.5504 0.482786 2
-1.3344 -4.40641 0.000120282 2
6.0576 29.5008 8.81483e-24 3
3.5616 26.9232 9.23999e-22 3
7.2368 -7.7664 0.00106545 2
-6.6976 20.5392 4.41293e-17 1
1.8384 3.0624 1.33133e-07 2
-4.8288 41.472 2.93342e-33 3
-8.12 4.7136 2.5601e-08 1
-5.5664 7.5888 1.21397e-09 1
2.4144 22.4448 2.06903e-18 3
5.728 -3.696 5.01106e-05 2
-5.464 -2.04 1.70352e-05 1
-6.384 3.11999 1.35773e-07 1
0.294401 -1.3152 8.47673e-06 2
12.6752 -8.5488 0.00143207 2
-0.491203 3.984 5.66841e-08 2
4.8576 -7.4112 0.000934112 2
2.6512 21.6864 7.17688e-18 3
-0.595203 -3.1392 4.17322e-05 2
3.7792 1.5216 5.45486e-07 2
5.4608 4.5984 2.39553e-08 2
0.7216 18.96 5.35271e-16 2
-1.1152 -0.148802 3.09335e-06 2
4.7776 29.76 5.72876e-24 3
-3.5216 14.8992 1.67621e-13 1
1.4544 10.6512 3.49471e-11 2
-3.0672 -11.3136 0.0173487 2
-0.441601 20.9808 2.31014e-17 3
-4.0288 17.3568 5.51459e-15 1
6.2784 -9.0576 0.00278133 2
-5.376 -3.744 7.19795e-05 1
-1.7296 3.312 1.14101e-07 2
3.7584 24.2688 9.31591e-20 3
5.6672 -9.57599 0.00408679 2
16.568 20.6016 2.61507e-17 2
8.5872 14.208 3.22247e-13 2
1.9408 -24.9504 0.895446 0
-3.3936 4.9728 2.10429e-08 1
-1.0352 -14.5152 0.101809 2
-7.4432 1.9488 4.21476e-07 1
2.8 -2.44801 2.04701e-05 2
22.6096 24.0864 7.14597e-20 3
22.1888 35.0208 2.14936e-28 3
43.3552 -27.3168 0.960719 0
25.0128 -15.0672 0.0648298 2
21.2336 34.9872 2.37263e-28 3
17.704 22.3152 1.60851e-18 3
23.144 -17.4336 0.190869 2
23.5168 -11.0928 0.00632398 2
13.3712 -0.792 2.8313e-06 2
31.4736 18.072 9.32921e-16 2
26.08 2.2992 1.21935e-07 2
30.1376 -1.68 5.1625e-06 2
29.824 4.6848 1.15144e-08 2
31.6512 0.475199 7.58108e-07 2
17.816 -22.752 0.702247 0
25.9456 -1.9104 5.96538e-06 2
30.8032 -26.1312 0.889216 0
14.704 -3.7104 3.29192e-05 2
19.5216 3.8208 2.86746e-08 2
34.4 4.17118 2.21061e-08 2
31.624 4.5312 1.40215e-08 2
25.216 -13.5168 0.0278939 2
31.7904 -10.9152 0.00647852 2
15.9488 -5.16 0.000101453 2
16.9088 7.1568 9.29771e-10 2
12.752 21.552 6.6143e-18 3
16.5776 30.8592 5.39227e-25 3
32.976 5.304 6.49764e-09 2
30.5472 8.54399 1.77956e-10 2
28.6592 14.2608 1.73062e-13 2
26.88 0.503998 6.79099e-07 2
24.6784 17.616 1.84761e-15 2
29.5856 25.3296 6.90894e-21 3
23.6672 6.984 9.72364e-10 2
22.8976 -29.8512 0.941815 0
19.5232 10.2624 2.57249e-11 2
27.0224 -6.8304 0.000328744 2
30.7328 4.2048 1.92183e-08 2
18.752 20.6448 2.2756e-17 2
24.728 -3.94561 3.33455e-05 2
26.0384 3.792 2.76478e-08 2
22.5504 -3.0096 1.5386e-05 2
35.3088 5.54879 5.43674e-09 2
39.2896 4.4448 2.08728e-08 2
20.8752 -20.0352 0.43928 2
24.464 -15.648 0.0864939 2
29.8304 -34.6608 0.972806 0
28.9312 -1.6128 4.7519e-06 2
19.3504 -8.5056 0.0011401 2
26.3136 -31.2528 0.955935 0
-24.1776 1.008 8.47198e-07 1
-14.9232 -10.1808 0.00637082 1
-32.664 -12.0672 0.0245281 1
-22.7248 2.9664 1.24676e-07 1
-38.4464 -17.544 0.389191 1
-22.2448 -11.0064 0.00947476 1
-29.648 -22.2864 0.681996 0
-23.5984 10.8144 2.40652e-11 1
-22.6016 -33.8496 0.935916 0
-22.5968 -2.6208 2.07108e-05 1
-23.5024 -18.1776 0.294906 1
-13.9808 -11.232 0.0127755 1
-27.6896 0.0911987 2.23244e-06 1
-16.1056 23.5056 3.61726e-19 1
-21.0384 -5.256 0.000172573 1
-21.2224 -26.9184 0.873969 0
-14.5152 -42.6432 0.910324 0
-16.1888 22.7184 1.30116e-18 1
-15.328 21.0816 1.7361e-17 1
-39.3824 9.3312 4.85488e-10 1
-27.2064 14.8272 1.83061e-13 1
-25.0944 -12.3504 0.0215283 1
-29.5936 -11.6304 0.0162 1
-18.6896 6.8304 2.14693e-09 1
-29.9776 5.3856 1.44276e-08 1
-25.3232 5.4864 1.02262e-08 1
-28.5376 13.4112 1.23876e-12 1
-20.1536 -8.3376 0.00166162 1
-27.4016 17.8224 3.05264e-15 1
-19.88 11.0448 1.68869e-11 1
-17.1696 -18.4512 0.34512 1
-31.9344 -19.824 0.500436 0
-30.5824 10.5024 5.05552e-11 1
-29.0816 15.1344 1.36935e-13 1
-23.7472 -5.1696 0.000164913 1
-15.3872 43.5888 5.83882e-35 3
-27.6896 -37.8192 0.922984 0
-36.4128 11.9616 1.50805e-11 1
-23.8032 18.4176 1.09785e-15 1
-24.9984 9.768 8.71967e-11 1
-29.5696 18.8688 7.64279e-16 1
-26.68 5.0544 1.69825e-08 1
-28.728 5.3424 1.39708e-08 1
-26.744 5.45279 1.12317e-08 1
-17.0272 6.84 2.14076e-09 1
-22.4816 -14.064 0.0535683 1
-17.0208 -3.4704 4.29122e-05 1
-21.6112 -2.2032 1.44031e-05 1
-30.9456 -3.4992 5.80781e-05 1
-22.6288 6.5952 2.89037e-09 1
-67.224 -30.4176 0.999637 0
-27.768 -26.2064 0.853114 0
-20.808 -32.4816 0.935825 0
-21.128 -20.6672 0.536387 0
-1.504 -31.6496 0.973325 0
-14.4 -19.84 0.51143 0
-29.808 -21.8976 0.655505 0
-7.896 -18.3328 0.42327 0
-16.304 -26.3888 0.881066 0
7.976 -18.6272 0.379316 2
8.672 -27.2064 0.922925 0
-28.016 -28.3088 0.896357 0
37.232 -27.9408 0.947169 0
10.4 -30.4576 0.956357 0
6.79998 -39.6592 0.975755 0
-36.32 -29.0688 0.931633 0
-10.944 -32.744 0.962758 0
30.16 -32.4272 0.966458 0
-19.776 -29.6112 0.919621 0
16.32 -17.32 0.194064 2
-11.92 -26.904 0.913372 0
9.408 -29.0992 0.946587 0
0.824003 -28.1088 0.951815 0
-9.25601 -33.36 0.967969 0
-5.184 -37.0528 0.97639 0
20.328 -24.3888 0.800339 0
-13.496 -25.4672 0.872923 0
4.912 -26.888 0.928412 0
-18.384 -28.5808 0.911841 0
-13.656 -21.5456 0.673548 0
-18.888 -29.3152 0.919031 0
12.52 -32.5328 0.964908 0
-99 -23.9872 1 0
12.128 -22.9616 0.7467 0
-64.528 -32.5216 0.999322 0
8.008 -26.376 0.908743 0
-10.008 -37.8272 0.965458 0
-8.35201 -34.0864 0.970827 0
-31.408 -31.8832 0.933056 0
-21.344 -22.7408 0.700668 0
8.376 -39.272 0.975146 0
-2.824 -32.0224 0.973951 0
19.96 -32.8064 0.961794 0
49.248 -22.2864 0.895607 0
50.696 -30.8768 0.991385 0
-19.072 -34.976 0.943532 0
6.39199 -25.7728 0.90062 0
10.176 -36.1808 0.974659 0
26.248 -36.176 0.972076 0
-3.76 -37.1936 0.977989 0
-10.496 31.0032 8.07115e-25 3
23.432 24.0624 7.27559e-20 3
24.944 36.3968 1.50665e-29 3
48.056 34.8624 1.00196e-28 3
-12.848 33.7824 5.55857e-27 3
0.831986 26.0496 4.50745e-21 3
27.28 30.8384 3.83544e-25 3
-7.144 37.0096 1.33158e-29 3
-11.168 33.688 6.39721e-27 3
10.088 32.5168 3.31257e-26 3
-6.176 18.0912 1.81772e-15 1
-32.76 26.5552 3.73134e-21 3
23.832 21.4672 5.38265e-18 2
6.528 25.3568 1.33411e-20 3
-11.328 37.2 1.01109e-29 3
-0.176012 27.912 1.72945e-22 3
4.41599 21.3776 1.14602e-17 3
-68.232 33.4672 4.41592e-26 3
38.488 25.9872 1.70251e-21 3
20.84 27.8368 1.06983e-22 3
69.536 35.5712 9.30206e-30 3
-44.08 26.488 6.57855e-21 3
9.232 34.496 9.10532e-28 3
18.664 29.3728 7.35166e-24 3
-6.152 10.176 6.0756e-11 1
-32 37.9792 4.80527e-30 3
5.93599 29.1024 1.80732e-23 3
-0.743998 24.8944 3.40636e-20 3
-1.912 37.3968 5.86929e-30 3
7.528 31.7312 1.50214e-25 3
-6.112 36.6384 2.59874e-29 3
-30.752 20.2288 1.07053e-16 1
-42.168 28.2944 2.60197e-22 3
-27.184 22.3216 3.31781e-18 1
56.088 30.2864 3.47367e-25 3
-42.776 26.008 1.45631e-20 3
15.24 29.944 2.95723e-24 3
28.96 31.0448 2.48067e-25 3
-13.08 26.5232 2.20543e-21 3
-8.56 29.0176 2.70662e-23 3
68.4 25.904 6.48862e-22 3
-56.672 36.576 1.36315e-28 3
-47.816 20.9072 1.1037e-16 3
59.472 31.1344 6.19075e-26 3
31.464 46.3792 7.31272e-38 3
75.192 35.952 3.35428e-30 3
47.944 16.3232 1.86546e-14 2
-18.656 35.9616 1.18583e-28 3
6.632 29.8288 4.80941e-24 3
-22.296 33.8016 6.83024e-27 3
