1.5952 25.4112 1.24096e-20 3
-2.7952 13.6512 8.306e-13 1
2.6768 6.0192 5.93373e-09 2
-1.0672 -30.768 0.970445 0
-6.8256 13.4736 9.59943e-13 1
7.064 33.1536 1.02474e-26 3
3.9104 -27.8208 0.944488 0
4.96 1.5744 4.72604e-07 2
7.6848 -19.5504 0.482355 2
-1.3344 -4.40641 0.000117536 2
6.0576 29.5008 7.99633e-24 3
3.5616 26.9232 8.44172e-22 3
7.2368 -7.7664 0.00104444 2
-6.6976 20.5392 4.10683e-17 1
1.8384 3.0624 1.28532e-07 2
-4.8288 41.472 2.54538e-33 3
-8.12 4.7136 2.47492e-08 1
-5.5664 7.5888 1.1685e-09 1
2.4144 22.4448 1.91679e-18 3
5.728 -3.696 4.88084e-05 2
-5.464 -2.04 1.66302e-05 1
-6.384 3.11999 1.31611e-07 1
0.294401 -1.3152 8.24028e-06 2
12.6752 -8.5488 0.0014086 2
-0.491203 3.984 5.47331e-08 2
4.8576 -7.4112 0.000914866 2
2.6512 21.6864 6.6659e-18 3
-0.595203 -3.1392 4.06912e-05 2
3.7792 1.5216 5.27372e-07 2
5.4608 4.5984 2.3052e-08 2
0.7216 18.96 5.01849e-16 2
-1.1152 -0.148802 3.00495e-06 2
4.7776 29.76 5.19129e-24 3
-3.5216 14.8992 1.59062e-13 1
1.4544 10.6512 3.33884e-11 2
-3.0672 -11.3136 0.0171263 2
-0.441601 20.9808 2.15072e-17 3
-4.0288 17.3568 5.19562e-15 1
6.2784 -9.0576 0.00273133 2
-5.376 -3.744 7.0424e-05 1
-1.7296 3.312 1.10365e-07 2
3.7584 24.2688 8.58055e-20 3
5.6672 -9.57599 0.00401615 2
16.568 20.6016 2.44674e-17 2
8.5872 14.208 3.05572e-13 2
1.9408 -24.9504 0.895883 0
-3.3936 4.9728 2.03257e-08 1
-1.0352 -14.5152 0.100933 2
-7.4432 1.9488 4.09263e-07 1
2.8 -2.44801 1.99081e-05 2
22.6096 24.0864 6.62616e-20 3
22.1888 35.0208 1.92696e-28 3
43.3552 -27.3168 0.961136 0
25.0128 -15.0672 0.0646975 2
21.2336 34.9872 2.12664e-28 3
17.704 22.3152 1.49724e-18 3
23.144 -17.4336 0.190986 2
23.5168 -11.0928 0.00627263 2
13.3712 -0.792 2.75317e-06 2
31.4736 18.072 8.85138e-16 2
26.08 2.2992 1.18758e-07 2
30.1376 -1.68 5.06157e-06 2
29.824 4.6848 1.11903e-08 2
31.6512 0.475199 7.41318e-07 2
17.816 -22.752 0.703707 0
25.9456 -1.9104 5.84434e-06 2
30.8032 -26.1312 0.890526 0
14.704 -3.7104 3.21747e-05 2
19.5216 3.8208 2.77837e-08 2
34.4 4.17118 2.15182e-08 2
31.624 4.5312 1.36357e-08 2
25.216 -13.5168 0.0277768 2
31.7904 -10.9152 0.00643333 2
15.9488 -5.16 9.94396e-05 2
16.9088 7.1568 8.95111e-10 2
12.752 21.552 6.15821e-18 3
16.5776 30.8592 4.88766e-25 3
32.976 5.304 6.31393e-09 2
30.5472 8.54399 1.72056e-10 2
28.6592 14.2608 1.65688e-13 2
26.88 0.503998 6.63262e-07 2
24.6784 17.616 1.75194e-15 2
29.5856 25.3296 6.39347e-21 3
23.6672 6.984 9.39757e-10 2
22.8976 -29.8512 0.942816 0
19.5232 10.2624 2.46865e-11 2
27.0224 -6.8304 0.000324403 2
30.7328 4.2048 1.86942e-08 2
18.752 20.6448 2.13116e-17 2
24.728 -3.94561 3.27502e-05 2
26.0384 3.792 2.68703e-08 2
22.5504 -3.0096 1.50789e-05 2
35.3088 5.54879 5.28305e-09 2
39.2896 4.4448 2.03149e-08 2
20.8752 -20.0352 0.440246 2
24.464 -15.648 0.086377 2
29.8304 -34.6608 0.973457 0
28.9312 -1.6128 4.65738e-06 2
19.3504 -8.5056 0.00112486 2
26.3136 -31.2528 0.956793 0
-24.1776 1.008 8.15603e-07 1
-14.9232 -10.1808 0.00625973 1
-32.664 -12.0672 0.0239903 1
-22.7248 2.9664 1.19702e-07 1
-38.4464 -17.544 0.385262 1
-22.2448 -11.0064 0.00926984 1
-29.648 -22.2864 0.677855 0
-23.5984 10.8144 2.27207e-11 1
-22.6016 -33.8496 0.934626 0
-22.5968 -2.6208 2.00645e-05 1
-23.5024 -18.1776 0.291088 1
-13.9808 -11.232 0.0125751 1
-27.6896 0.0911987 2.15027e-06 1
-16.1056 23.5056 3.31051e-19 1
-21.0384 -5.256 0.000167915 1
-21.2224 -26.9184 0.87211 0
-14.5152 -42.6432 0.908478 0
-16.1888 22.7184 1.1936e-18 1
-15.328 21.0816 1.60181e-17 1
-39.3824 9.3312 4.60828e-10 1
-27.2064 14.8272 1.70811e-13 1
-25.0944 -12.3504 0.0210648 1
-29.5936 -11.6304 0.0158296 1
-18.6896 6.8304 2.05148e-09 1
-29.9776 5.3856 1.37626e-08 1
-25.3232 5.4864 9.76051e-09 1
-28.5376 13.4112 1.16001e-12 1
-20.1536 -8.3376 0.00162334 1
-27.4016 17.8224 2.82372e-15 1
-19.88 11.0448 1.59723e-11 1
-17.1696 -18.4512 0.34196 1
-31.9344 -19.824 0.495668 1
-30.5824 10.5024 4.76865e-11 1
-29.0816 15.1344 1.27613e-13 1
-23.7472 -5.1696 0.000160222 1
-15.3872 43.5888 4.97475e-35 3
-27.6896 -37.8192 0.92105 0
-36.4128 11.9616 1.41939e-11 1
-23.8032 18.4176 1.01514e-15 1
-24.9984 9.768 8.24761e-11 1
-29.5696 18.8688 7.04484e-16 1
-26.68 5.0544 1.62165e-08 1
-28.728 5.3424 1.33286e-08 1
-26.744 5.45279 1.07164e-08 1
-17.0272 6.84 2.04829e-09 1
-22.4816 -14.064 0.0525664 1
-17.0208 -3.4704 4.17719e-05 1
-21.6112 -2.2032 1.39527e-05 1
-30.9456 -3.4992 5.62372e-05 1
-22.6288 6.5952 2.75592e-09 1
-67.224 -30.4176 0.999651 0
-27.768 -26.2064 0.850677 0
-20.808 -32.4816 0.934669 0
-21.128 -20.6672 0.532294 0
-1.504 -31.6496 0.97358 0
-14.4 -19.84 0.508702 0
-29.808 -21.8976 0.651191 0
-7.896 -18.3328 0.421795 0
-16.304 -26.3888 0.879775 0
7.976 -18.6272 0.378599 2
8.672 -27.2064 0.92366 0
-28.016 -28.3088 0.894485 0
37.232 -27.9408 0.947885 0
10.4 -30.4576 0.957021 0
6.79998 -39.6592 0.976402 0
-36.32 -29.0688 0.93046 0
-10.944 -32.744 0.962514 0
30.16 -32.4272 0.96716 0
-19.776 -29.6112 0.918383 0
16.32 -17.32 0.193809 2
-11.92 -26.904 0.912824 0
9.408 -29.0992 0.947268 0
0.824003 -28.1088 0.952195 0
-9.25601 -33.36 0.967848 0
-5.184 -37.0528 0.976484 0
20.328 -24.3888 0.801948 0
-13.496 -25.4672 0.871931 0
4.912 -26.888 0.928974 0
-18.384 -28.5808 0.910631 0
-13.656 -21.5456 0.671429 0
-18.888 -29.3152 0.917853 0
12.52 -32.5328 0.965577 0
-99 -23.9872 1 0
12.128 -22.9616 0.747686 0
-64.528 -32.5216 0.999343 0
8.008 -26.376 0.909475 0
-10.008 -37.8272 0.965183 0
-8.35201 -34.0864 0.970761 0
-31.408 -31.8832 0.931686 0
-21.344 -22.7408 0.697223 0
8.376 -39.272 0.975821 0
-2.824 -32.0224 0.974158 0
19.96 -32.8064 0.962603 0
49.248 -22.2864 0.895778 0
50.696 -30.8768 0.991474 0
-19.072 -34.976 0.942484 0
6.39199 -25.7728 0.901276 0
10.176 -36.1808 0.975258 0
26.248 -36.176 0.972809 0
-3.76 -37.1936 0.978154 0
-10.496 31.0032 7.24563e-25 3
23.432 24.0624 6.7488e-20 3
24.944 36.3968 1.34595e-29 3
48.056 34.8624 9.071e-29 3
-12.848 33.7824 4.93815e-27 3
0.831986 26.0496 4.127e-21 3
27.28 30.8384 3.48973e-25 3
-7.144 37.0096 1.17341e-29 3
-11.168 33.688 5.69047e-27 3
10.088 32.5168 2.981e-26 3
-6.176 18.0912 1.70674e-15 1
-32.76 26.5552 3.36735e-21 3
23.832 21.4672 5.03802e-18 2
6.528 25.3568 1.22525e-20 3
-11.328 37.2 8.8809e-30 3
-0.176012 27.912 1.57417e-22 3
4.41599 21.3776 1.06556e-17 3
-68.232 33.4672 3.89171e-26 3
38.488 25.9872 1.57481e-21 3
20.84 27.8368 9.79985e-23 3
69.536 35.5712 8.49147e-30 3
-44.08 26.488 5.93753e-21 3
9.232 34.496 8.1405e-28 3
18.664 29.3728 6.69832e-24 3
-6.152 10.176 5.82093e-11 1
-32 37.9792 4.17708e-30 3
5.93599 29.1024 1.64139e-23 3
-0.743998 24.8944 3.1293e-20 3
-1.912 37.3968 5.1785e-30 3
7.528 31.7312 1.35406e-25 3
-6.112 36.6384 2.29445e-29 3
-30.752 20.2288 9.82766e-17 1
-42.168 28.2944 2.33689e-22 3
-27.184 22.3216 3.02971e-18 1
56.088 30.2864 3.19649e-25 3
-42.776 26.008 1.31623e-20 3
15.24 29.944 2.68654e-24 3
28.96 31.0448 2.2569e-25 3
-13.08 26.5232 2.00424e-21 3
-8.56 29.0176 2.44747e-23 3
68.4 25.904 6.06412e-22 3
-56.672 36.576 1.18924e-28 3
-47.816 20.9072 1.01065e-16 3
59.472 31.1344 5.69326e-26 3
31.464 46.3792 7.3144e-38 3
75.192 35.952 3.06798e-30 3
47.944 16.3232 1.77361e-14 2
-18.656 35.9616 1.04199e-28 3
6.632 29.8288 4.35921e-24 3
-22.296 33.8016 6.03965e-27 3
