1.5952 25.4112 1.01482e-20 3
-2.7952 13.6512 7.42526e-13 1
2.6768 6.0192 5.40629e-09 2
-1.0672 -30.768 0.971381 0
-6.8256 13.4736 8.5412e-13 1
7.064 33.1536 7.98169e-27 3
3.9104 -27.8208 0.945708 0
4.96 1.5744 4.33836e-07 2
7.6848 -19.5504 0.479284 2
-1.3344 -4.40641 0.000110537 2
6.0576 29.5008 6.38134e-24 3
3.5616 26.9232 6.8413e-22 3
7.2368 -7.7664 0.000984667 2
-6.6976 20.5392 3.45847e-17 1
1.8384 3.0624 1.17959e-07 2
-4.8288 41.472 1.82602e-33 3
-8.12 4.7136 2.28671e-08 1
-5.5664 7.5888 1.06946e-09 1
2.4144 22.4448 1.60647e-18 3
5.728 -3.696 4.5411e-05 2
-5.464 -2.04 1.56797e-05 1
-6.384 3.11999 1.22294e-07 1
0.294401 -1.3152 7.66016e-06 2
12.6752 -8.5488 0.00133998 2
-0.491203 3.984 5.03284e-08 2
4.8576 -7.4112 0.000860848 2
2.6512 21.6864 5.62567e-18 3
-0.595203 -3.1392 3.80743e-05 2
3.7792 1.5216 4.84532e-07 2
5.4608 4.5984 2.10174e-08 2
0.7216 18.96 4.33456e-16 2
-1.1152 -0.148802 2.79371e-06 2
4.7776 29.76 4.131e-24 3
-3.5216 14.8992 1.41074e-13 1
1.4544 10.6512 3.01601e-11 2
-3.0672 -11.3136 0.0165152 2
-0.441601 20.9808 1.82111e-17 3
-4.0288 17.3568 4.52225e-15 1
6.2784 -9.0576 0.00258506 2
-5.376 -3.744 6.67146e-05 1
-1.7296 3.312 1.01877e-07 2
3.7584 24.2688 7.09226e-20 3
5.6672 -9.57599 0.0038072 2
16.568 20.6016 2.11377e-17 2
8.5872 14.208 2.72827e-13 2
1.9408 -24.9504 0.896698 0
-3.3936 4.9728 1.87327e-08 2
-1.0352 -14.5152 0.0981793 2
-7.4432 1.9488 3.81873e-07 1
2.8 -2.44801 1.84869e-05 2
22.6096 24.0864 5.57577e-20 3
22.1888 35.0208 1.49957e-28 3
43.3552 -27.3168 0.963522 0
25.0128 -15.0672 0.0642967 2
21.2336 34.9872 1.65415e-28 3
17.704 22.3152 1.27514e-18 3
23.144 -17.4336 0.191292 2
23.5168 -11.0928 0.00611697 2
13.3712 -0.792 2.55647e-06 2
31.4736 18.072 7.83682e-16 2
26.08 2.2992 1.10793e-07 2
30.1376 -1.68 4.79139e-06 2
29.824 4.6848 1.03905e-08 2
31.6512 0.475199 6.97266e-07 2
17.816 -22.752 0.707842 0
25.9456 -1.9104 5.52251e-06 2
30.8032 -26.1312 0.895754 0
14.704 -3.7104 3.01933e-05 2
19.5216 3.8208 2.56635e-08 2
34.4 4.17118 2.00244e-08 2
31.624 4.5312 1.26727e-08 2
25.216 -13.5168 0.0274211 2
31.7904 -10.9152 0.00631068 2
15.9488 -5.16 9.39202e-05 2
16.9088 7.1568 8.17886e-10 2
12.752 21.552 5.2554e-18 3
16.5776 30.8592 3.89976e-25 3
32.976 5.304 5.85672e-09 2
30.5472 8.54399 1.58199e-10 2
28.6592 14.2608 1.49862e-13 2
26.88 0.503998 6.224e-07 2
24.6784 17.616 1.55697e-15 2
29.5856 25.3296 5.3389e-21 3
23.6672 6.984 8.64471e-10 2
22.8976 -29.8512 0.946312 0
19.5232 10.2624 2.24588e-11 2
27.0224 -6.8304 0.000312123 2
30.7328 4.2048 1.73859e-08 2
18.752 20.6448 1.84382e-17 2
24.728 -3.94561 3.11263e-05 2
26.0384 3.792 2.4963e-08 2
22.5504 -3.0096 1.42562e-05 2
35.3088 5.54879 4.89706e-09 2
39.2896 4.4448 1.88703e-08 2
20.8752 -20.0352 0.443026 2
24.464 -15.648 0.0860116 2
29.8304 -34.6608 0.976043 0
28.9312 -1.6128 4.40521e-06 2
19.3504 -8.5056 0.00108021 2
26.3136 -31.2528 0.959977 0
-24.1776 1.008 7.46665e-07 1
-14.9232 -10.1808 0.00603149 1
-32.664 -12.0672 0.0227393 1
-22.7248 2.9664 1.08882e-07 1
-38.4464 -17.544 0.374843 1
-22.2448 -11.0064 0.00882952 1
-29.648 -22.2864 0.66802 0
-23.5984 10.8144 1.98699e-11 1
-22.6016 -33.8496 0.93221 0
-22.5968 -2.6208 1.86482e-05 1
-23.5024 -18.1776 0.283036 1
-13.9808 -11.232 0.0121718 1
-27.6896 0.0911987 1.9708e-06 1
-16.1056 23.5056 2.67928e-19 1
-21.0384 -5.256 0.000157761 1
-21.2224 -26.9184 0.868718 0
-14.5152 -42.6432 0.906583 0
-16.1888 22.7184 9.71183e-19 1
-15.328 21.0816 1.32078e-17 1
-39.3824 9.3312 4.1071e-10 1
-27.2064 14.8272 1.4548e-13 1
-25.0944 -12.3504 0.0200491 1
-29.5936 -11.6304 0.0149888 1
-18.6896 6.8304 1.84432e-09 1
-29.9776 5.3856 1.23443e-08 1
-25.3232 5.4864 8.75883e-09 1
-28.5376 13.4112 9.97022e-13 1
-20.1536 -8.3376 0.00154111 1
-27.4016 17.8224 2.35522e-15 1
-19.88 11.0448 1.40144e-11 1
-17.1696 -18.4512 0.336331 1
-31.9344 -19.824 0.484024 1
-30.5824 10.5024 4.17174e-11 1
-29.0816 15.1344 1.08468e-13 1
-23.7472 -5.1696 0.000149921 1
-15.3872 43.5888 3.41978e-35 3
-27.6896 -37.8192 0.91675 0
-36.4128 11.9616 1.23923e-11 1
-23.8032 18.4176 8.44435e-16 1
-24.9984 9.768 7.24676e-11 1
-29.5696 18.8688 5.83157e-16 1
-26.68 5.0544 1.45702e-08 1
-28.728 5.3424 1.19552e-08 1
-26.744 5.45279 9.61098e-09 1
-17.0272 6.84 1.84702e-09 1
-22.4816 -14.064 0.0504446 1
-17.0208 -3.4704 3.92918e-05 1
-21.6112 -2.2032 1.29668e-05 1
-30.9456 -3.4992 5.21573e-05 1
-22.6288 6.5952 2.46621e-09 1
-67.224 -30.4176 0.999673 0
-27.768 -26.2064 0.845127 0
-20.808 -32.4816 0.932688 0
-21.128 -20.6672 0.524287 0
-1.504 -31.6496 0.974491 0
-14.4 -19.84 0.504672 0
-29.808 -21.8976 0.640928 0
-7.896 -18.3328 0.419539 0
-16.304 -26.3888 0.878143 0
7.976 -18.6272 0.374825 2
8.672 -27.2064 0.925512 0
-28.016 -28.3088 0.890212 0
37.232 -27.9408 0.95119 0
10.4 -30.4576 0.958926 0
6.79998 -39.6592 0.978471 0
-36.32 -29.0688 0.927207 0
-10.944 -32.744 0.962758 0
30.16 -32.4272 0.969943 0
-19.776 -29.6112 0.916358 0
16.32 -17.32 0.192462 2
-11.92 -26.904 0.912796 0
9.408 -29.0992 0.949133 0
0.824003 -28.1088 0.953231 0
-9.25601 -33.36 0.968301 0
-5.184 -37.0528 0.977339 0
20.328 -24.3888 0.80706 0
-13.496 -25.4672 0.871175 0
4.912 -26.888 0.930268 0
-18.384 -28.5808 0.908828 0
-13.656 -21.5456 0.668838 0
-18.888 -29.3152 0.916042 0
12.52 -32.5328 0.967625 0
-99 -23.9872 1 0
12.128 -22.9616 0.749726 0
-64.528 -32.5216 0.99937 0
8.008 -26.376 0.911203 0
-10.008 -37.8272 0.965534 0
-8.35201 -34.0864 0.971303 0
-31.408 -31.8832 0.928308 0
-21.344 -22.7408 0.690594 0
8.376 -39.272 0.977974 0
-2.824 -32.0224 0.975022 0
19.96 -32.8064 0.965364 0
49.248 -22.2864 0.89892 0
50.696 -30.8768 0.992161 0
-19.072 -34.976 0.940889 0
6.39199 -25.7728 0.902675 0
10.176 -36.1808 0.977127 0
26.248 -36.176 0.975586 0
-3.76 -37.1936 0.979105 0
-10.496 31.0032 5.62233e-25 3
23.432 24.0624 5.68214e-20 3
24.944 36.3968 1.03886e-29 3
48.056 34.8624 7.20995e-29 3
-12.848 33.7824 3.74438e-27 3
0.831986 26.0496 3.35691e-21 3
27.28 30.8384 2.80595e-25 3
-7.144 37.0096 8.73595e-30 3
-11.168 33.688 4.32705e-27 3
10.088 32.5168 2.33841e-26 3
-6.176 18.0912 1.47019e-15 1
-32.76 26.5552 2.65443e-21 3
23.832 21.4672 4.33874e-18 3
6.528 25.3568 1.00686e-20 3
-11.328 37.2 6.56113e-30 3
-0.176012 27.912 1.26273e-22 3
4.41599 21.3776 9.03252e-18 3
-68.232 33.4672 2.9251e-26 3
38.488 25.9872 1.31078e-21 3
20.84 27.8368 8.00917e-23 3
69.536 35.5712 6.89542e-30 3
-44.08 26.488 4.68037e-21 3
9.232 34.496 6.29145e-28 3
18.664 29.3728 5.40805e-24 3
-6.152 10.176 5.27188e-11 1
-32 37.9792 3.03549e-30 3
5.93599 29.1024 1.31327e-23 3
-0.743998 24.8944 2.56303e-20 3
-1.912 37.3968 3.87069e-30 3
7.528 31.7312 1.06565e-25 3
-6.112 36.6384 1.71604e-29 3
-30.752 20.2288 8.05769e-17 1
-42.168 28.2944 1.82362e-22 3
-27.184 22.3216 2.4493e-18 1
56.088 30.2864 2.63574e-25 3
-42.776 26.008 1.04079e-20 3
15.24 29.944 2.15456e-24 3
28.96 31.0448 1.81397e-25 3
-13.08 26.5232 1.59662e-21 3
-8.56 29.0176 1.92971e-23 3
68.4 25.904 5.17915e-22 3
-56.672 36.576 8.72916e-29 3
-47.816 20.9072 8.20821e-17 3
59.472 31.1344 4.69137e-26 3
31.464 46.3792 4.88772e-38 3
75.192 35.952 2.50468e-30 3
47.944 16.3232 1.5584e-14 2
-18.656 35.9616 7.71792e-29 3
6.632 29.8288 3.47281e-24 3
-22.296 33.8016 4.54243e-27 3
