1.5952 25.4112 9.54107e-21 3
-2.7952 13.6512 7.21016e-13 1
2.6768 6.0192 5.24876e-09 2
-1.0672 -30.768 0.972038 0
-6.8256 13.4736 8.25673e-13 1
7.064 33.1536 7.41534e-27 3
3.9104 -27.8208 0.946437 0
4.96 1.5744 4.19698e-07 2
7.6848 -19.5504 0.47714 2
-1.3344 -4.40641 0.000107579 2
6.0576 29.5008 5.96607e-24 3
3.5616 26.9232 6.41896e-22 3
7.2368 -7.7664 0.000955431 2
-6.6976 20.5392 3.2729e-17 1
1.8384 3.0624 1.14388e-07 2
-4.8288 41.472 1.64819e-33 3
-8.12 4.7136 2.23198e-08 1
-5.5664 7.5888 1.04215e-09 1
2.4144 22.4448 1.52484e-18 3
5.728 -3.696 4.39291e-05 2
-5.464 -2.04 1.53447e-05 1
-6.384 3.11999 1.19471e-07 1
0.294401 -1.3152 7.43304e-06 2
12.6752 -8.5488 0.00130598 2
-0.491203 3.984 4.89272e-08 2
4.8576 -7.4112 0.000834703 2
2.6512 21.6864 5.35637e-18 3
-0.595203 -3.1392 3.69986e-05 2
3.7792 1.5216 4.68961e-07 2
5.4608 4.5984 2.03602e-08 2
0.7216 18.96 4.16454e-16 2
-1.1152 -0.148802 2.71584e-06 2
4.7776 29.76 3.85758e-24 3
-3.5216 14.8992 1.36549e-13 1
1.4544 10.6512 2.93848e-11 2
-3.0672 -11.3136 0.0162171 2
-0.441601 20.9808 1.73301e-17 3
-4.0288 17.3568 4.34329e-15 1
6.2784 -9.0576 0.00251107 2
-5.376 -3.744 6.53437e-05 1
-1.7296 3.312 9.91469e-08 2
3.7584 24.2688 6.69937e-20 3
5.6672 -9.57599 0.00370006 2
16.568 20.6016 2.04015e-17 2
8.5872 14.208 2.66298e-13 2
1.9408 -24.9504 0.897096 0
-3.3936 4.9728 1.82591e-08 2
-1.0352 -14.5152 0.0966321 2
-7.4432 1.9488 3.73487e-07 1
2.8 -2.44801 1.78966e-05 2
22.6096 24.0864 5.31405e-20 3
22.1888 35.0208 1.39615e-28 3
43.3552 -27.3168 0.965535 0
25.0128 -15.0672 0.0641928 2
21.2336 34.9872 1.53974e-28 3
17.704 22.3152 1.22263e-18 3
23.144 -17.4336 0.191786 2
23.5168 -11.0928 0.00604217 2
13.3712 -0.792 2.4774e-06 2
31.4736 18.072 7.58629e-16 2
26.08 2.2992 1.07789e-07 2
30.1376 -1.68 4.67716e-06 2
29.824 4.6848 1.01036e-08 2
31.6512 0.475199 6.79363e-07 2
17.816 -22.752 0.710707 0
25.9456 -1.9104 5.38691e-06 2
30.8032 -26.1312 0.899698 0
14.704 -3.7104 2.93254e-05 2
19.5216 3.8208 2.49258e-08 2
34.4 4.17118 1.946e-08 2
31.624 4.5312 1.23206e-08 2
25.216 -13.5168 0.0272731 2
31.7904 -10.9152 0.00626138 2
15.9488 -5.16 9.1411e-05 2
16.9088 7.1568 7.94829e-10 2
12.752 21.552 5.04603e-18 3
16.5776 30.8592 3.65386e-25 3
32.976 5.304 5.69151e-09 2
30.5472 8.54399 1.53837e-10 2
28.6592 14.2608 1.46037e-13 2
26.88 0.503998 6.0613e-07 2
24.6784 17.616 1.51495e-15 2
29.5856 25.3296 5.06599e-21 3
23.6672 6.984 8.40847e-10 2
22.8976 -29.8512 0.948787 0
19.5232 10.2624 2.18821e-11 2
27.0224 -6.8304 0.000306502 2
30.7328 4.2048 1.69062e-08 2
18.752 20.6448 1.77977e-17 2
24.728 -3.94561 3.04122e-05 2
26.0384 3.792 2.42769e-08 2
22.5504 -3.0096 1.39019e-05 2
35.3088 5.54879 4.75553e-09 2
39.2896 4.4448 1.83053e-08 2
20.8752 -20.0352 0.445177 2
24.464 -15.648 0.0859623 2
29.8304 -34.6608 0.977935 0
28.9312 -1.6128 4.29902e-06 2
19.3504 -8.5056 0.00105854 2
26.3136 -31.2528 0.962271 0
-24.1776 1.008 7.25196e-07 1
-14.9232 -10.1808 0.00597101 1
-32.664 -12.0672 0.0222862 1
-22.7248 2.9664 1.05557e-07 1
-38.4464 -17.544 0.370334 1
-22.2448 -11.0064 0.00869509 1
-29.648 -22.2864 0.66447 0
-23.5984 10.8144 1.90285e-11 1
-22.6016 -33.8496 0.931884 0
-22.5968 -2.6208 1.82041e-05 1
-23.5024 -18.1776 0.280718 1
-13.9808 -11.232 0.0120705 1
-27.6896 0.0911987 1.91419e-06 1
-16.1056 23.5056 2.49838e-19 1
-21.0384 -5.256 0.000154616 1
-21.2224 -26.9184 0.868258 0
-14.5152 -42.6432 0.907917 0
-16.1888 22.7184 9.07023e-19 1
-15.328 21.0816 1.23876e-17 1
-39.3824 9.3312 3.97207e-10 1
-27.2064 14.8272 1.38199e-13 1
-25.0944 -12.3504 0.0197223 1
-29.5936 -11.6304 0.0146972 1
-18.6896 6.8304 1.7822e-09 1
-29.9776 5.3856 1.19174e-08 1
-25.3232 5.4864 8.45478e-09 1
-28.5376 13.4112 9.50247e-13 1
-20.1536 -8.3376 0.00151637 1
-27.4016 17.8224 2.22134e-15 1
-19.88 11.0448 1.34351e-11 1
-17.1696 -18.4512 0.335521 1
-31.9344 -19.824 0.479546 1
-30.5824 10.5024 3.99969e-11 1
-29.0816 15.1344 1.03012e-13 1
-23.7472 -5.1696 0.000146648 1
-15.3872 43.5888 3.04262e-35 3
-27.6896 -37.8192 0.915586 0
-36.4128 11.9616 1.18977e-11 1
-23.8032 18.4176 7.9512e-16 1
-24.9984 9.768 6.95068e-11 1
-29.5696 18.8688 5.48785e-16 1
-26.68 5.0544 1.40698e-08 1
-28.728 5.3424 1.15401e-08 1
-26.744 5.45279 9.27586e-09 1
-17.0272 6.84 1.78699e-09 1
-22.4816 -14.064 0.0498168 1
-17.0208 -3.4704 3.85465e-05 1
-21.6112 -2.2032 1.26598e-05 1
-30.9456 -3.4992 5.08208e-05 1
-22.6288 6.5952 2.37879e-09 1
-67.224 -30.4176 0.999677 0
-27.768 -26.2064 0.84334 0
-20.808 -32.4816 0.932581 0
-21.128 -20.6672 0.52253 0
-1.504 -31.6496 0.975149 0
-14.4 -19.84 0.504867 0
-29.808 -21.8976 0.6372 0
-7.896 -18.3328 0.419456 0
-16.304 -26.3888 0.878591 0
7.976 -18.6272 0.37232 2
8.672 -27.2064 0.926662 0
-28.016 -28.3088 0.888858 0
37.232 -27.9408 0.953791 0
10.4 -30.4576 0.960178 0
6.79998 -39.6592 0.979889 0
-36.32 -29.0688 0.925772 0
-10.944 -32.744 0.96347 0
30.16 -32.4272 0.971989 0
-19.776 -29.6112 0.916324 0
16.32 -17.32 0.191745 2
-11.92 -26.904 0.913711 0
9.408 -29.0992 0.950333 0
0.824003 -28.1088 0.953881 0
-9.25601 -33.36 0.969034 0
-5.184 -37.0528 0.97818 0
20.328 -24.3888 0.81065 0
-13.496 -25.4672 0.872048 0
4.912 -26.888 0.931019 0
-18.384 -28.5808 0.908975 0
-13.656 -21.5456 0.669585 0
-18.888 -29.3152 0.91613 0
12.52 -32.5328 0.969004 0
-99 -23.9872 1 0
12.128 -22.9616 0.750982 0
-64.528 -32.5216 0.99937 0
8.008 -26.376 0.912244 0
-10.008 -37.8272 0.966443 0
-8.35201 -34.0864 0.972044 0
-31.408 -31.8832 0.927087 0
-21.344 -22.7408 0.68928 0
8.376 -39.272 0.979445 0
-2.824 -32.0224 0.975692 0
19.96 -32.8064 0.967291 0
49.248 -22.2864 0.902224 0
50.696 -30.8768 0.992773 0
-19.072 -34.976 0.941025 0
6.39199 -25.7728 0.903467 0
10.176 -36.1808 0.978393 0
26.248 -36.176 0.977581 0
-3.76 -37.1936 0.979944 0
-10.496 31.0032 5.19213e-25 3
23.432 24.0624 5.41555e-20 3
24.944 36.3968 9.65136e-30 3
48.056 34.8624 6.7661e-29 3
-12.848 33.7824 3.43628e-27 3
0.831986 26.0496 3.14966e-21 3
27.28 30.8384 2.63573e-25 3
-7.144 37.0096 7.98001e-30 3
-11.168 33.688 3.97468e-27 3
10.088 32.5168 2.1783e-26 3
-6.176 18.0912 1.40416e-15 1
-32.76 26.5552 2.46331e-21 3
23.832 21.4672 4.17236e-18 3
6.528 25.3568 9.50112e-21 3
-11.328 37.2 5.97625e-30 3
-0.176012 27.912 1.1796e-22 3
4.41599 21.3776 8.62571e-18 3
-68.232 33.4672 2.69292e-26 3
38.488 25.9872 1.24052e-21 3
20.84 27.8368 7.55836e-23 3
69.536 35.5712 6.54678e-30 3
-44.08 26.488 4.34272e-21 3
9.232 34.496 5.83551e-28 3
18.664 29.3728 5.085e-24 3
-6.152 10.176 5.12515e-11 1
-32 37.9792 2.76062e-30 3
5.93599 29.1024 1.22865e-23 3
-0.743998 24.8944 2.40833e-20 3
-1.912 37.3968 3.54441e-30 3
7.528 31.7312 9.9294e-26 3
-6.112 36.6384 1.57006e-29 3
-30.752 20.2288 7.55911e-17 1
-42.168 28.2944 1.68903e-22 3
-27.184 22.3216 2.28602e-18 1
56.088 30.2864 2.49905e-25 3
-42.776 26.008 9.66406e-21 3
15.24 29.944 2.02131e-24 3
28.96 31.0448 1.70374e-25 3
-13.08 26.5232 1.48304e-21 3
-8.56 29.0176 1.78974e-23 3
68.4 25.904 4.95883e-22 3
-56.672 36.576 7.97127e-29 3
-47.816 20.9072 7.65387e-17 3
59.472 31.1344 4.45313e-26 3
31.464 46.3792 4.8914e-38 3
75.192 35.952 2.38603e-30 3
47.944 16.3232 1.4869e-14 2
-18.656 35.9616 7.03777e-29 3
6.632 29.8288 3.24581e-24 3
-22.296 33.8016 4.16201e-27 3
