1.5952 25.4112 2.48296e-18 3
-2.7952 13.6512 2.59367e-11 1
2.6768 6.0192 5.73809e-08 2
-1.0672 -30.768 0.981789 0
-6.8256 13.4736 2.85274e-11 1
7.064 33.1536 9.40977e-24 3
3.9104 -27.8208 0.965718 0
4.96 1.5744 2.50626e-06 2
7.6848 -19.5504 0.57953 0
-1.3344 -4.40641 0.000316364 2
6.0576 29.5008 3.50059e-21 3
3.5616 26.9232 2.23798e-19 3
7.2368 -7.7664 0.0022643 2
-6.6976 20.5392 3.63278e-15 3
1.8384 3.0624 8.1199e-07 2
-4.8288 41.472 1.51516e-29 3
-8.12 4.7136 2.02181e-07 1
-5.5664 7.5888 1.40876e-08 1
2.4144 22.4448 2.30192e-16 3
5.728 -3.696 0.000145507 2
-5.464 -2.04 5.86361e-05 2
-6.384 3.11999 8.58511e-07 1
0.294401 -1.3152 3.03252e-05 2
12.6752 -8.5488 0.00307446 2
-0.491203 3.984 3.89575e-07 2
4.8576 -7.4112 0.00198031 2
2.6512 21.6864 7.11663e-16 3
-0.595203 -3.1392 0.000123604 2
3.7792 1.5216 2.7552e-06 2
5.4608 4.5984 1.8445e-07 2
0.7216 18.96 3.56046e-14 3
-1.1152 -0.148802 1.26282e-05 2
4.7776 29.76 2.39448e-21 3
-3.5216 14.8992 5.99918e-12 1
1.4544 10.6512 6.6778e-10 2
-3.0672 -11.3136 0.0277104 2
-0.441601 20.9808 2.03781e-15 3
-4.0288 17.3568 2.83238e-13 1
6.2784 -9.0576 0.00537216 2
-5.376 -3.744 0.000209011 2
-1.7296 3.312 7.17138e-07 2
3.7584 24.2688 1.40138e-17 3
5.6672 -9.57599 0.00759123 2
16.568 20.6016 2.4413e-15 3
8.5872 14.208 1.19397e-11 2
1.9408 -24.9504 0.924173 0
-3.3936 4.9728 1.66733e-07 2
-1.0352 -14.5152 0.13704 2
-7.4432 1.9488 2.33138e-06 1
2.8 -2.44801 6.55756e-05 2
22.6096 24.0864 1.08122e-17 3
22.1888 35.0208 2.62925e-25 3
43.3552 -27.3168 0.983867 0
25.0128 -15.0672 0.112465 2
21.2336 34.9872 2.87966e-25 3
17.704 22.3152 1.8844e-16 3
23.144 -17.4336 0.296311 2
23.5168 -11.0928 0.0127113 2
13.3712 -0.792 1.17152e-05 2
31.4736 18.072 5.48105e-14 2
26.08 2.2992 7.15763e-07 2
30.1376 -1.68 1.92045e-05 2
29.824 4.6848 8.87592e-08 2
31.6512 0.475199 3.45706e-06 2
17.816 -22.752 0.813174 0
25.9456 -1.9104 2.22582e-05 2
30.8032 -26.1312 0.949975 0
14.704 -3.7104 0.00010307 2
19.5216 3.8208 2.09347e-07 2
34.4 4.17118 1.50742e-07 2
31.624 4.5312 1.03819e-07 2
25.216 -13.5168 0.0512347 2
31.7904 -10.9152 0.0129596 2
15.9488 -5.16 0.000283192 2
16.9088 7.1568 1.09849e-08 2
12.752 21.552 6.88711e-16 3
16.5776 30.8592 2.82752e-22 3
32.976 5.304 5.2458e-08 2
30.5472 8.54399 2.37625e-09 2
28.6592 14.2608 6.03685e-12 2
26.88 0.503998 3.22671e-06 2
24.6784 17.616 1.12957e-13 2
29.5856 25.3296 1.24529e-18 3
23.6672 6.984 1.09315e-08 2
22.8976 -29.8512 0.97892 0
19.5232 10.2624 4.98052e-10 2
27.0224 -6.8304 0.000826706 2
30.7328 4.2048 1.37722e-07 2
18.752 20.6448 2.13551e-15 3
24.728 -3.94561 0.000104247 2
26.0384 3.792 1.95739e-07 2
22.5504 -3.0096 5.23177e-05 2
35.3088 5.54879 4.38964e-08 2
39.2896 4.4448 1.36377e-07 2
20.8752 -20.0352 0.584021 0
24.464 -15.648 0.146447 2
29.8304 -34.6608 0.994213 0
28.9312 -1.6128 1.79453e-05 2
19.3504 -8.5056 0.00257341 2
26.3136 -31.2528 0.986361 0
-24.1776 1.008 4.69828e-06 1
-14.9232 -10.1808 0.0134659 1
-32.664 -12.0672 0.0520105 1
-22.7248 2.9664 8.50537e-07 1
-38.4464 -17.544 0.540487 0
-22.2448 -11.0064 0.0208494 1
-29.648 -22.2864 0.791086 0
-23.5984 10.8144 4.32939e-10 1
-22.6016 -33.8496 0.969468 0
-22.5968 -2.6208 8.18558e-05 1
-23.5024 -18.1776 0.42363 1
-13.9808 -11.232 0.0249201 1
-27.6896 0.0911987 1.12221e-05 1
-16.1056 23.5056 4.91938e-17 3
-21.0384 -5.256 0.000547373 1
-21.2224 -26.9184 0.922135 0
-14.5152 -42.6432 0.971384 0
-16.1888 22.7184 1.5414e-16 1
-15.328 21.0816 1.56156e-15 1
-39.3824 9.3312 5.99246e-09 1
-27.2064 14.8272 5.64643e-12 1
-25.0944 -12.3504 0.0447366 1
-29.5936 -11.6304 0.0353434 1
-18.6896 6.8304 2.32517e-08 1
-29.9776 5.3856 1.24415e-07 1
-25.3232 5.4864 9.20236e-08 1
-28.5376 13.4112 3.06363e-11 1
-20.1536 -8.3376 0.00421845 1
-27.4016 17.8224 1.48199e-13 1
-19.88 11.0448 3.20859e-10 1
-17.1696 -18.4512 0.459749 1
-31.9344 -19.824 0.643041 0
-30.5824 10.5024 8.17514e-10 1
-29.0816 15.1344 4.32216e-12 1
-23.7472 -5.1696 0.000532563 1
-15.3872 43.5888 5.57031e-31 3
-27.6896 -37.8192 0.971864 0
-36.4128 11.9616 2.74086e-10 1
-23.8032 18.4176 6.08462e-14 1
-24.9984 9.768 1.34721e-09 1
-29.5696 18.8688 4.27319e-14 1
-26.68 5.0544 1.44263e-07 1
-28.728 5.3424 1.21042e-07 1
-26.744 5.45279 9.98785e-08 1
-17.0272 6.84 2.3231e-08 1
-22.4816 -14.064 0.099505 1
-17.0208 -3.4704 0.000152596 1
-21.6112 -2.2032 5.88809e-05 1
-30.9456 -3.4992 0.00021166 1
-22.6288 6.5952 3.00931e-08 1
-67.224 -30.4176 0.9998 0
-27.768 -26.2064 0.912896 0
-20.808 -32.4816 0.966832 0
-21.128 -20.6672 0.657122 0
-1.504 -31.6496 0.984252 0
-14.4 -19.84 0.611384 0
-29.808 -21.8976 0.770769 0
-7.896 -18.3328 0.497366 0
-16.304 -26.3888 0.920946 0
7.976 -18.6272 0.475371 2
8.672 -27.2064 0.95707 0
-28.016 -28.3088 0.942321 0
37.232 -27.9408 0.979553 0
10.4 -30.4576 0.981152 0
6.79998 -39.6592 0.994775 0
-36.32 -29.0688 0.96496 0
-10.944 -32.744 0.978217 0
30.16 -32.4272 0.991009 0
-19.776 -29.6112 0.953267 0
16.32 -17.32 0.288984 2
-11.92 -26.904 0.939341 0
9.408 -29.0992 0.973975 0
0.824003 -28.1088 0.968286 0
-9.25601 -33.36 0.981467 0
-5.184 -37.0528 0.988883 0
20.328 -24.3888 0.88992 0
-13.496 -25.4672 0.910287 0
4.912 -26.888 0.955391 0
-18.384 -28.5808 0.946162 0
-13.656 -21.5456 0.750679 0
-18.888 -29.3152 0.951943 0
12.52 -32.5328 0.98786 0
-99 -23.9872 1 0
12.128 -22.9616 0.83365 0
-64.528 -32.5216 0.999677 0
8.008 -26.376 0.945995 0
-10.008 -37.8272 0.984315 0
-8.35201 -34.0864 0.983605 0
-31.408 -31.8832 0.968171 0
-21.344 -22.7408 0.793993 0
8.376 -39.272 0.994886 0
-2.824 -32.0224 0.984439 0
19.96 -32.8064 0.98891 0
49.248 -22.2864 0.938167 0
50.696 -30.8768 0.997242 0
-19.072 -34.976 0.973317 0
6.39199 -25.7728 0.937082 0
10.176 -36.1808 0.993326 0
26.248 -36.176 0.994814 0
-3.76 -37.1936 0.990004 0
-10.496 31.0032 4.54773e-22 3
23.432 24.0624 1.09313e-17 3
24.944 36.3968 2.4559e-26 3
48.056 34.8624 1.21998e-25 3
-12.848 33.7824 5.57034e-24 3
0.831986 26.0496 9.3032e-19 3
27.28 30.8384 2.00449e-22 3
-7.144 37.0096 2.57921e-26 3
-11.168 33.688 6.2556e-24 3
10.088 32.5168 2.40179e-23 3
-6.176 18.0912 1.03248e-13 1
-32.76 26.5552 8.30957e-19 3
23.832 21.4672 5.49819e-16 3
6.528 25.3568 2.43801e-18 3
-11.328 37.2 2.08468e-26 3
-0.176012 27.912 5.08272e-20 3
4.41599 21.3776 1.0973e-15 3
-68.232 33.4672 4.51226e-23 3
38.488 25.9872 3.29412e-19 3
20.84 27.8368 3.13357e-20 3
69.536 35.5712 1.4487e-26 3
-44.08 26.488 1.45629e-18 3
9.232 34.496 9.86524e-25 3
18.664 29.3728 2.88593e-21 3
-6.152 10.176 1.03802e-09 1
-32 37.9792 1.10215e-26 3
5.93599 29.1024 6.64001e-21 3
-0.743998 24.8944 5.71767e-18 3
-1.912 37.3968 1.19646e-26 3
7.528 31.7312 9.28763e-23 3
-6.112 36.6384 4.62042e-26 3
-30.752 20.2288 7.40628e-15 1
-42.168 28.2944 8.22684e-20 3
-27.184 22.3216 3.43355e-16 1
56.088 30.2864 1.63785e-22 3
-42.776 26.008 2.90784e-18 3
15.24 29.944 1.29327e-21 3
28.96 31.0448 1.34941e-22 3
-13.08 26.5232 5.2082e-19 3
-8.56 29.0176 1.01978e-20 3
68.4 25.904 1.25344e-19 3
-56.672 36.576 2.41271e-25 3
-47.816 20.9072 8.04172e-15 3
59.472 31.1344 3.54131e-23 3
31.464 46.3792 9.91583e-34 3
75.192 35.952 5.86529e-27 3
47.944 16.3232 5.65342e-13 2
-18.656 35.9616 1.88719e-25 3
6.632 29.8288 2.03709e-21 3
-22.296 33.8016 6.83562e-24 3
