1.5952 25.4112 2.08366e-20 3
-2.7952 13.6512 1.11778e-12 1
2.6768 6.0192 7.57824e-09 2
-1.0672 -30.768 0.96851 0
-6.8256 13.4736 1.28648e-12 1
7.064 33.1536 1.98736e-26 3
3.9104 -27.8208 0.939096 0
4.96 1.5744 5.74732e-07 2
7.6848 -19.5504 0.47219 2
-1.3344 -4.40641 0.000133281 2
6.0576 29.5008 1.44881e-23 3
3.5616 26.9232 1.46008e-21 3
7.2368 -7.7664 0.00113212 2
-6.6976 20.5392 6.2245e-17 1
1.8384 3.0624 1.58478e-07 2
-4.8288 41.472 5.98698e-33 3
-8.12 4.7136 3.03748e-08 1
-5.5664 7.5888 1.46887e-09 1
2.4144 22.4448 3.05097e-18 3
5.728 -3.696 5.56622e-05 2
-5.464 -2.04 1.92271e-05 1
-6.384 3.11999 1.58913e-07 1
0.294401 -1.3152 9.65985e-06 2
12.6752 -8.5488 0.00149135 2
-0.491203 3.984 6.75864e-08 2
4.8576 -7.4112 0.00100093 2
2.6512 21.6864 1.04729e-17 3
-0.595203 -3.1392 4.6755e-05 2
3.7792 1.5216 6.40926e-07 2
5.4608 4.5984 2.90788e-08 2
0.7216 18.96 7.43594e-16 1
-1.1152 -0.148802 3.55411e-06 2
4.7776 29.76 9.45445e-24 3
-3.5216 14.8992 2.17025e-13 1
1.4544 10.6512 4.45633e-11 2
-3.0672 -11.3136 0.0182715 2
-0.441601 20.9808 3.29557e-17 3
-4.0288 17.3568 7.35995e-15 1
6.2784 -9.0576 0.00292437 2
-5.376 -3.744 8.03011e-05 1
-1.7296 3.312 1.34738e-07 2
3.7584 24.2688 1.41619e-19 3
5.6672 -9.57599 0.00428088 2
16.568 20.6016 3.75281e-17 2
8.5872 14.208 4.35808e-13 2
1.9408 -24.9504 0.889386 0
-3.3936 4.9728 2.50545e-08 1
-1.0352 -14.5152 0.103825 2
-7.4432 1.9488 4.89768e-07 1
2.8 -2.44801 2.31026e-05 2
22.6096 24.0864 1.05055e-19 3
22.1888 35.0208 3.74048e-28 3
43.3552 -27.3168 0.963693 0
25.0128 -15.0672 0.0642499 2
21.2336 34.9872 4.13856e-28 3
17.704 22.3152 2.35315e-18 3
23.144 -17.4336 0.187361 2
23.5168 -11.0928 0.00637994 2
13.3712 -0.792 3.16926e-06 2
31.4736 18.072 1.18511e-15 2
26.08 2.2992 1.34062e-07 2
30.1376 -1.68 5.4784e-06 2
29.824 4.6848 1.27483e-08 2
31.6512 0.475199 8.13232e-07 2
17.816 -22.752 0.690229 0
25.9456 -1.9104 6.36058e-06 2
30.8032 -26.1312 0.887859 0
14.704 -3.7104 3.56388e-05 2
19.5216 3.8208 3.27642e-08 2
34.4 4.17118 2.41351e-08 2
31.624 4.5312 1.5433e-08 2
25.216 -13.5168 0.0278281 2
31.7904 -10.9152 0.00659368 2
15.9488 -5.16 0.00010799 2
16.9088 7.1568 1.11468e-09 2
12.752 21.552 9.75063e-18 3
16.5776 30.8592 8.91176e-25 3
32.976 5.304 7.16549e-09 2
30.5472 8.54399 2.02493e-10 2
28.6592 14.2608 2.10248e-13 2
26.88 0.503998 7.3507e-07 2
24.6784 17.616 2.4116e-15 2
29.5856 25.3296 1.01006e-20 3
23.6672 6.984 1.12379e-09 2
22.8976 -29.8512 0.93839 0
19.5232 10.2624 3.14668e-11 2
27.0224 -6.8304 0.000339514 2
30.7328 4.2048 2.11526e-08 2
18.752 20.6448 3.23186e-17 2
24.728 -3.94561 3.51356e-05 2
26.0384 3.792 3.07658e-08 2
22.5504 -3.0096 1.6391e-05 2
35.3088 5.54879 5.97499e-09 2
39.2896 4.4448 2.26859e-08 2
20.8752 -20.0352 0.429838 2
24.464 -15.648 0.0854753 2
29.8304 -34.6608 0.972376 0
28.9312 -1.6128 5.05204e-06 2
19.3504 -8.5056 0.00117277 2
26.3136 -31.2528 0.954097 0
-24.1776 1.008 1.04675e-06 1
-14.9232 -10.1808 0.00715127 1
-32.664 -12.0672 0.0277463 1
-22.7248 2.9664 1.55899e-07 1
-38.4464 -17.544 0.407291 1
-22.2448 -11.0064 0.0108626 1
-29.648 -22.2864 0.706472 0
-23.5984 10.8144 3.27934e-11 1
-22.6016 -33.8496 0.945511 0
-22.5968 -2.6208 2.47969e-05 1
-23.5024 -18.1776 0.32179 1
-13.9808 -11.232 0.0142224 1
-27.6896 0.0911987 2.75671e-06 1
-16.1056 23.5056 5.64453e-19 1
-21.0384 -5.256 0.000202475 1
-21.2224 -26.9184 0.888488 0
-14.5152 -42.6432 0.92813 0
-16.1888 22.7184 2.00539e-18 1
-15.328 21.0816 2.59001e-17 1
-39.3824 9.3312 6.62813e-10 1
-27.2064 14.8272 2.67526e-13 1
-25.0944 -12.3504 0.0246064 1
-29.5936 -11.6304 0.0185183 1
-18.6896 6.8304 2.72954e-09 1
-29.9776 5.3856 1.882e-08 1
-25.3232 5.4864 1.32169e-08 1
-28.5376 13.4112 1.783e-12 1
-20.1536 -8.3376 0.00191615 1
-27.4016 17.8224 4.66331e-15 1
-19.88 11.0448 2.26052e-11 1
-17.1696 -18.4512 0.371294 1
-31.9344 -19.824 0.527261 0
-30.5824 10.5024 7.02843e-11 1
-29.0816 15.1344 2.02417e-13 1
-23.7472 -5.1696 0.000194897 1
-15.3872 43.5888 1.33358e-34 3
-27.6896 -37.8192 0.934924 0
-36.4128 11.9616 2.15e-11 1
-23.8032 18.4176 1.66215e-15 1
-24.9984 9.768 1.18069e-10 1
-29.5696 18.8688 1.19457e-15 1
-26.68 5.0544 2.1937e-08 1
-28.728 5.3424 1.81821e-08 1
-26.744 5.45279 1.45714e-08 1
-17.0272 6.84 2.69618e-09 1
-22.4816 -14.064 0.0605802 1
-17.0208 -3.4704 5.00766e-05 1
-21.6112 -2.2032 1.72405e-05 1
-30.9456 -3.4992 6.96941e-05 1
-22.6288 6.5952 3.73977e-09 1
-67.224 -30.4176 0.999455 0
-27.768 -26.2064 0.868297 0
-20.808 -32.4816 0.94507 0
-21.128 -20.6672 0.567295 0
-1.504 -31.6496 0.971994 0
-14.4 -19.84 0.536756 0
-29.808 -21.8976 0.680927 0
-7.896 -18.3328 0.436129 0
-16.304 -26.3888 0.893612 0
7.976 -18.6272 0.370921 2
8.672 -27.2064 0.916025 0
-28.016 -28.3088 0.907947 0
37.232 -27.9408 0.948738 0
10.4 -30.4576 0.951607 0
6.79998 -39.6592 0.972147 0
-36.32 -29.0688 0.936756 0
-10.944 -32.744 0.966715 0
30.16 -32.4272 0.965935 0
-19.776 -29.6112 0.929976 0
16.32 -17.32 0.18951 2
-11.92 -26.904 0.920818 0
9.408 -29.0992 0.941135 0
0.824003 -28.1088 0.948483 0
-9.25601 -33.36 0.970851 0
-5.184 -37.0528 0.977333 0
20.328 -24.3888 0.791063 0
-13.496 -25.4672 0.884246 0
4.912 -26.888 0.922396 0
-18.384 -28.5808 0.922592 0
-13.656 -21.5456 0.694873 0
-18.888 -29.3152 0.929273 0
12.52 -32.5328 0.960911 0
-99 -23.9872 1 0
12.128 -22.9616 0.733961 0
-64.528 -32.5216 0.999039 0
8.008 -26.376 0.901138 0
-10.008 -37.8272 0.969946 0
-8.35201 -34.0864 0.973198 0
-31.408 -31.8832 0.94056 0
-21.344 -22.7408 0.726795 0
8.376 -39.272 0.971442 0
-2.824 -32.0224 0.973249 0
19.96 -32.8064 0.958694 0
49.248 -22.2864 0.905982 0
50.696 -30.8768 0.992761 0
-19.072 -34.976 0.952448 0
6.39199 -25.7728 0.89289 0
10.176 -36.1808 0.971207 0
26.248 -36.176 0.970894 0
-3.76 -37.1936 0.978172 0
-10.496 31.0032 1.39289e-24 3
23.432 24.0624 1.06564e-19 3
24.944 36.3968 2.66344e-29 3
48.056 34.8624 1.61277e-28 3
-12.848 33.7824 1.01957e-26 3
0.831986 26.0496 7.00817e-21 3
27.28 30.8384 6.13929e-25 3
-7.144 37.0096 2.5319e-29 3
-11.168 33.688 1.16243e-26 3
10.088 32.5168 5.68819e-26 3
-6.176 18.0912 2.45597e-15 1
-32.76 26.5552 6.49039e-21 3
23.832 21.4672 7.54442e-18 2
6.528 25.3568 2.06742e-20 3
-11.328 37.2 1.9655e-29 3
-0.176012 27.912 2.76986e-22 3
4.41599 21.3776 1.67612e-17 3
-68.232 33.4672 8.9409e-26 3
38.488 25.9872 2.46329e-21 3
20.84 27.8368 1.67109e-22 3
69.536 35.5712 1.41231e-29 3
-44.08 26.488 1.1434e-20 3
9.232 34.496 1.61725e-27 3
18.664 29.3728 1.18183e-23 3
-6.152 10.176 7.50466e-11 1
-32 37.9792 1.03452e-29 3
5.93599 29.1024 2.95283e-23 3
-0.743998 24.8944 5.18816e-20 3
-1.912 37.3968 1.10785e-29 3
7.528 31.7312 2.55378e-25 3
-6.112 36.6384 4.89015e-29 3
-30.752 20.2288 1.7102e-16 1
-42.168 28.2944 4.65352e-22 3
-27.184 22.3216 5.39231e-18 1
56.088 30.2864 5.12077e-25 3
-42.776 26.008 2.51318e-20 3
15.24 29.944 4.83703e-24 3
28.96 31.0448 3.96356e-25 3
-13.08 26.5232 3.55996e-21 3
-8.56 29.0176 4.47728e-23 3
68.4 25.904 8.80487e-22 3
-56.672 36.576 2.9103e-28 3
-47.816 20.9072 1.7714e-16 3
59.472 31.1344 9.13578e-26 3
31.464 46.3792 1.48189e-37 3
75.192 35.952 5.01864e-30 3
47.944 16.3232 2.25168e-14 2
-18.656 35.9616 2.33593e-28 3
6.632 29.8288 7.94283e-24 3
-22.296 33.8016 1.3095e-26 3
