1.5952 25.4112 2.08863e-20 3
-2.7952 13.6512 1.11919e-12 1
2.6768 6.0192 7.58822e-09 2
-1.0672 -30.768 0.968483 0
-6.8256 13.4736 1.28789e-12 1
7.064 33.1536 1.99386e-26 3
3.9104 -27.8208 0.939002 0
4.96 1.5744 5.75181e-07 2
7.6848 -19.5504 0.471838 2
-1.3344 -4.40641 0.00013333 2
6.0576 29.5008 1.45303e-23 3
3.5616 26.9232 1.46391e-21 3
7.2368 -7.7664 0.00113161 2
-6.6976 20.5392 6.23404e-17 1
1.8384 3.0624 1.58636e-07 2
-4.8288 41.472 6.01069e-33 3
-8.12 4.7136 3.04047e-08 1
-5.5664 7.5888 1.47037e-09 1
2.4144 22.4448 3.05772e-18 3
5.728 -3.696 5.56666e-05 2
-5.464 -2.04 1.92411e-05 1
-6.384 3.11999 1.5906e-07 1
0.294401 -1.3152 9.66537e-06 2
12.6752 -8.5488 0.00149036 2
-0.491203 3.984 6.76564e-08 2
4.8576 -7.4112 0.00100061 2
2.6512 21.6864 1.04958e-17 3
-0.595203 -3.1392 4.67754e-05 2
3.7792 1.5216 6.41443e-07 2
5.4608 4.5984 2.91126e-08 2
0.7216 18.96 7.44951e-16 1
-1.1152 -0.148802 3.55664e-06 2
4.7776 29.76 9.48193e-24 3
-3.5216 14.8992 2.1729e-13 1
1.4544 10.6512 4.46353e-11 2
-3.0672 -11.3136 0.018272 2
-0.441601 20.9808 3.30159e-17 3
-4.0288 17.3568 7.36941e-15 1
6.2784 -9.0576 0.00292275 2
-5.376 -3.744 8.03541e-05 1
-1.7296 3.312 1.34867e-07 2
3.7584 24.2688 1.41964e-19 3
5.6672 -9.57599 0.00427838 2
16.568 20.6016 3.76254e-17 2
8.5872 14.208 4.36853e-13 2
1.9408 -24.9504 0.889247 0
-3.3936 4.9728 2.50796e-08 1
-1.0352 -14.5152 0.103781 2
-7.4432 1.9488 4.90218e-07 1
2.8 -2.44801 2.31109e-05 2
22.6096 24.0864 1.05295e-19 3
22.1888 35.0208 3.75229e-28 3
43.3552 -27.3168 0.963812 0
25.0128 -15.0672 0.0642185 2
21.2336 34.9872 4.15175e-28 3
17.704 22.3152 2.35919e-18 3
23.144 -17.4336 0.187272 2
23.5168 -11.0928 0.0063758 2
13.3712 -0.792 3.16949e-06 2
31.4736 18.072 1.18595e-15 2
26.08 2.2992 1.34022e-07 2
30.1376 -1.68 5.47549e-06 2
29.824 4.6848 1.27436e-08 2
31.6512 0.475199 8.12796e-07 2
17.816 -22.752 0.690038 0
25.9456 -1.9104 6.35753e-06 2
30.8032 -26.1312 0.887956 0
14.704 -3.7104 3.56285e-05 2
19.5216 3.8208 3.27708e-08 2
34.4 4.17118 2.41212e-08 2
31.624 4.5312 1.54259e-08 2
25.216 -13.5168 0.0278132 2
31.7904 -10.9152 0.00659185 2
15.9488 -5.16 0.000107941 2
16.9088 7.1568 1.11558e-09 2
12.752 21.552 9.77781e-18 3
16.5776 30.8592 8.9383e-25 3
32.976 5.304 7.16191e-09 2
30.5472 8.54399 2.0245e-10 2
28.6592 14.2608 2.10345e-13 2
26.88 0.503998 7.34764e-07 2
24.6784 17.616 2.41499e-15 2
29.5856 25.3296 1.01197e-20 3
23.6672 6.984 1.12402e-09 2
22.8976 -29.8512 0.9384 0
19.5232 10.2624 3.14973e-11 2
27.0224 -6.8304 0.000339323 2
30.7328 4.2048 2.11435e-08 2
18.752 20.6448 3.23964e-17 2
24.728 -3.94561 3.51171e-05 2
26.0384 3.792 3.07593e-08 2
22.5504 -3.0096 1.63835e-05 2
35.3088 5.54879 5.97143e-09 2
39.2896 4.4448 2.26695e-08 2
20.8752 -20.0352 0.429669 2
24.464 -15.648 0.085433 2
29.8304 -34.6608 0.972431 0
28.9312 -1.6128 5.04941e-06 2
19.3504 -8.5056 0.00117197 2
26.3136 -31.2528 0.954135 0
-24.1776 1.008 1.04855e-06 1
-14.9232 -10.1808 0.00716044 1
-32.664 -12.0672 0.0277756 1
-22.7248 2.9664 1.56172e-07 1
-38.4464 -17.544 0.407375 1
-22.2448 -11.0064 0.0108783 1
-29.648 -22.2864 0.706726 0
-23.5984 10.8144 3.28682e-11 1
-22.6016 -33.8496 0.945642 0
-22.5968 -2.6208 2.48353e-05 1
-23.5024 -18.1776 0.322128 1
-13.9808 -11.232 0.0142401 1
-27.6896 0.0911987 2.7616e-06 1
-16.1056 23.5056 5.65924e-19 1
-21.0384 -5.256 0.000202772 1
-21.2224 -26.9184 0.888694 0
-14.5152 -42.6432 0.928407 0
-16.1888 22.7184 2.01045e-18 1
-15.328 21.0816 2.59582e-17 1
-39.3824 9.3312 6.64711e-10 1
-27.2064 14.8272 2.68311e-13 1
-25.0944 -12.3504 0.0246405 1
-29.5936 -11.6304 0.0185413 1
-18.6896 6.8304 2.73408e-09 1
-29.9776 5.3856 1.88616e-08 1
-25.3232 5.4864 1.32436e-08 1
-28.5376 13.4112 1.78817e-12 1
-20.1536 -8.3376 0.0019189 1
-27.4016 17.8224 4.67831e-15 1
-19.88 11.0448 2.26498e-11 1
-17.1696 -18.4512 0.371676 1
-31.9344 -19.824 0.527507 0
-30.5824 10.5024 7.04763e-11 1
-29.0816 15.1344 2.03047e-13 1
-23.7472 -5.1696 0.000195192 1
-15.3872 43.5888 1.34051e-34 3
-27.6896 -37.8192 0.935061 0
-36.4128 11.9616 2.15679e-11 1
-23.8032 18.4176 1.66702e-15 1
-24.9984 9.768 1.18342e-10 1
-29.5696 18.8688 1.19872e-15 1
-26.68 5.0544 2.19822e-08 1
-28.728 5.3424 1.82214e-08 1
-26.744 5.45279 1.46019e-08 1
-17.0272 6.84 2.70033e-09 1
-22.4816 -14.064 0.060665 1
-17.0208 -3.4704 5.01438e-05 1
-21.6112 -2.2032 1.7267e-05 1
-30.9456 -3.4992 6.9803e-05 1
-22.6288 6.5952 3.74698e-09 1
-67.224 -30.4176 0.999451 0
-27.768 -26.2064 0.868471 0
-20.808 -32.4816 0.945203 0
-21.128 -20.6672 0.567718 0
-1.504 -31.6496 0.971975 0
-14.4 -19.84 0.537152 0
-29.808 -21.8976 0.681188 0
-7.896 -18.3328 0.436299 0
-16.304 -26.3888 0.893814 0
7.976 -18.6272 0.370604 2
8.672 -27.2064 0.915902 0
-28.016 -28.3088 0.908079 0
37.232 -27.9408 0.948852 0
10.4 -30.4576 0.95154 0
6.79998 -39.6592 0.97211 0
-36.32 -29.0688 0.936782 0
-10.944 -32.744 0.966788 0
30.16 -32.4272 0.965993 0
-19.776 -29.6112 0.93013 0
16.32 -17.32 0.189354 2
-11.92 -26.904 0.920951 0
9.408 -29.0992 0.941049 0
0.824003 -28.1088 0.948419 0
-9.25601 -33.36 0.970907 0
-5.184 -37.0528 0.977358 0
20.328 -24.3888 0.790968 0
-13.496 -25.4672 0.88444 0
4.912 -26.888 0.922277 0
-18.384 -28.5808 0.922758 0
-13.656 -21.5456 0.69522 0
-18.888 -29.3152 0.929428 0
12.52 -32.5328 0.960868 0
-99 -23.9872 1 0
12.128 -22.9616 0.733697 0
-64.528 -32.5216 0.999033 0
8.008 -26.376 0.900993 0
-10.008 -37.8272 0.970028 0
-8.35201 -34.0864 0.973246 0
-31.408 -31.8832 0.940633 0
-21.344 -22.7408 0.727156 0
8.376 -39.272 0.971406 0
-2.824 -32.0224 0.973242 0
19.96 -32.8064 0.958692 0
49.248 -22.2864 0.906273 0
50.696 -30.8768 0.992803 0
-19.072 -34.976 0.952581 0
6.39199 -25.7728 0.892732 0
10.176 -36.1808 0.971172 0
26.248 -36.176 0.970938 0
-3.76 -37.1936 0.978183 0
-10.496 31.0032 1.39734e-24 3
23.432 24.0624 1.06801e-19 3
24.944 36.3968 2.67191e-29 3
48.056 34.8624 1.61594e-28 3
-12.848 33.7824 1.02337e-26 3
0.831986 26.0496 7.02511e-21 3
27.28 30.8384 6.15464e-25 3
-7.144 37.0096 2.54141e-29 3
-11.168 33.688 1.16661e-26 3
10.088 32.5168 5.70657e-26 3
-6.176 18.0912 2.45913e-15 1
-32.76 26.5552 6.51684e-21 3
23.832 21.4672 7.55936e-18 2
6.528 25.3568 2.07291e-20 3
-11.328 37.2 1.97345e-29 3
-0.176012 27.912 2.77703e-22 3
4.41599 21.3776 1.68009e-17 3
-68.232 33.4672 8.99113e-26 3
38.488 25.9872 2.46706e-21 3
20.84 27.8368 1.67544e-22 3
69.536 35.5712 1.41393e-29 3
-44.08 26.488 1.14807e-20 3
9.232 34.496 1.62278e-27 3
18.664 29.3728 1.18513e-23 3
-6.152 10.176 7.5125e-11 1
-32 37.9792 1.04049e-29 3
5.93599 29.1024 2.96132e-23 3
-0.743998 24.8944 5.19964e-20 3
-1.912 37.3968 1.11188e-29 3
7.528 31.7312 2.56178e-25 3
-6.112 36.6384 4.90814e-29 3
-30.752 20.2288 1.71641e-16 1
-42.168 28.2944 4.67357e-22 3
-27.184 22.3216 5.41131e-18 1
56.088 30.2864 5.12766e-25 3
-42.776 26.008 2.52331e-20 3
15.24 29.944 4.85129e-24 3
28.96 31.0448 3.97322e-25 3
-13.08 26.5232 3.5697e-21 3
-8.56 29.0176 4.48988e-23 3
68.4 25.904 8.81161e-22 3
-56.672 36.576 2.92762e-28 3
-47.816 20.9072 1.77764e-16 3
59.472 31.1344 9.14744e-26 3
31.464 46.3792 1.48253e-37 3
75.192 35.952 5.02323e-30 3
47.944 16.3232 2.25065e-14 2
-18.656 35.9616 2.34649e-28 3
6.632 29.8288 7.96634e-24 3
-22.296 33.8016 1.31538e-26 3
