1.5952 25.4112 2.09144e-20 3
-2.7952 13.6512 1.11996e-12 1
2.6768 6.0192 7.59408e-09 2
-1.0672 -30.768 0.968466 0
-6.8256 13.4736 1.28861e-12 1
7.064 33.1536 1.99765e-26 3
3.9104 -27.8208 0.938937 0
4.96 1.5744 5.75415e-07 2
7.6848 -19.5504 0.471581 2
-1.3344 -4.40641 0.00013335 2
6.0576 29.5008 1.45547e-23 3
3.5616 26.9232 1.4661e-21 3
7.2368 -7.7664 0.00113112 2
-6.6976 20.5392 6.23895e-17 1
1.8384 3.0624 1.58724e-07 2
-4.8288 41.472 6.02415e-33 3
-8.12 4.7136 3.04218e-08 1
-5.5664 7.5888 1.4712e-09 1
2.4144 22.4448 3.06158e-18 3
5.728 -3.696 5.56627e-05 2
-5.464 -2.04 1.92493e-05 1
-6.384 3.11999 1.59144e-07 1
0.294401 -1.3152 9.6681e-06 2
12.6752 -8.5488 0.00148953 2
-0.491203 3.984 6.76965e-08 2
4.8576 -7.4112 0.00100028 2
2.6512 21.6864 1.0509e-17 3
-0.595203 -3.1392 4.67845e-05 2
3.7792 1.5216 6.41715e-07 2
5.4608 4.5984 2.91321e-08 2
0.7216 18.96 7.45727e-16 1
-1.1152 -0.148802 3.55799e-06 2
4.7776 29.76 9.49784e-24 3
-3.5216 14.8992 2.17432e-13 1
1.4544 10.6512 4.46787e-11 2
-3.0672 -11.3136 0.0182712 2
-0.441601 20.9808 3.3049e-17 3
-4.0288 17.3568 7.37424e-15 1
6.2784 -9.0576 0.0029213 2
-5.376 -3.744 8.03843e-05 1
-1.7296 3.312 1.3494e-07 2
3.7584 24.2688 1.42162e-19 3
5.6672 -9.57599 0.00427619 2
16.568 20.6016 3.76855e-17 2
8.5872 14.208 4.37514e-13 2
1.9408 -24.9504 0.889147 0
-3.3936 4.9728 2.50939e-08 1
-1.0352 -14.5152 0.103745 2
-7.4432 1.9488 4.90479e-07 1
2.8 -2.44801 2.31138e-05 2
22.6096 24.0864 1.05435e-19 3
22.1888 35.0208 3.75915e-28 3
43.3552 -27.3168 0.963902 0
25.0128 -15.0672 0.064196 2
21.2336 34.9872 4.15943e-28 3
17.704 22.3152 2.36287e-18 3
23.144 -17.4336 0.187211 2
23.5168 -11.0928 0.00637261 2
13.3712 -0.792 3.16925e-06 2
31.4736 18.072 1.18632e-15 2
26.08 2.2992 1.33978e-07 2
30.1376 -1.68 5.47292e-06 2
29.824 4.6848 1.27387e-08 2
31.6512 0.475199 8.12404e-07 2
17.816 -22.752 0.689911 0
25.9456 -1.9104 6.35477e-06 2
30.8032 -26.1312 0.888037 0
14.704 -3.7104 3.56172e-05 2
19.5216 3.8208 3.27712e-08 2
34.4 4.17118 2.41084e-08 2
31.624 4.5312 1.5419e-08 2
25.216 -13.5168 0.0278022 2
31.7904 -10.9152 0.0065904 2
15.9488 -5.16 0.000107896 2
16.9088 7.1568 1.11605e-09 2
12.752 21.552 9.79456e-18 3
16.5776 30.8592 8.95385e-25 3
32.976 5.304 7.15846e-09 2
30.5472 8.54399 2.0239e-10 2
28.6592 14.2608 2.1038e-13 2
26.88 0.503998 7.3447e-07 2
24.6784 17.616 2.41693e-15 2
29.5856 25.3296 1.01303e-20 3
23.6672 6.984 1.12402e-09 2
22.8976 -29.8512 0.938414 0
19.5232 10.2624 3.1514e-11 2
27.0224 -6.8304 0.000339167 2
30.7328 4.2048 2.11345e-08 2
18.752 20.6448 3.24442e-17 2
24.728 -3.94561 3.5101e-05 2
26.0384 3.792 3.07508e-08 2
22.5504 -3.0096 1.63766e-05 2
35.3088 5.54879 5.96811e-09 2
39.2896 4.4448 2.2655e-08 2
20.8752 -20.0352 0.429556 2
24.464 -15.648 0.0854029 2
29.8304 -34.6608 0.972476 0
28.9312 -1.6128 5.04709e-06 2
19.3504 -8.5056 0.00117132 2
26.3136 -31.2528 0.95417 0
-24.1776 1.008 1.04968e-06 1
-14.9232 -10.1808 0.00716657 1
-32.664 -12.0672 0.0277939 1
-22.7248 2.9664 1.56341e-07 1
-38.4464 -17.544 0.407414 1
-22.2448 -11.0064 0.0108886 1
-29.648 -22.2864 0.706891 0
-23.5984 10.8144 3.2914e-11 1
-22.6016 -33.8496 0.945733 0
-22.5968 -2.6208 2.48597e-05 1
-23.5024 -18.1776 0.322355 1
-13.9808 -11.232 0.0142519 1
-27.6896 0.0911987 2.76467e-06 1
-16.1056 23.5056 5.66763e-19 1
-21.0384 -5.256 0.000202962 1
-21.2224 -26.9184 0.888836 0
-14.5152 -42.6432 0.928603 0
-16.1888 22.7184 2.01332e-18 1
-15.328 21.0816 2.59909e-17 1
-39.3824 9.3312 6.65932e-10 1
-27.2064 14.8272 2.68796e-13 1
-25.0944 -12.3504 0.0246629 1
-29.5936 -11.6304 0.018556 1
-18.6896 6.8304 2.73681e-09 1
-29.9776 5.3856 1.88878e-08 1
-25.3232 5.4864 1.32602e-08 1
-28.5376 13.4112 1.7914e-12 1
-20.1536 -8.3376 0.00192069 1
-27.4016 17.8224 4.68758e-15 1
-19.88 11.0448 2.26765e-11 1
-17.1696 -18.4512 0.37194 1
-31.9344 -19.824 0.527662 0
-30.5824 10.5024 7.05973e-11 1
-29.0816 15.1344 2.0344e-13 1
-23.7472 -5.1696 0.00019538 1
-15.3872 43.5888 1.34462e-34 3
-27.6896 -37.8192 0.935152 0
-36.4128 11.9616 2.16114e-11 1
-23.8032 18.4176 1.66997e-15 1
-24.9984 9.768 1.1851e-10 1
-29.5696 18.8688 1.2013e-15 1
-26.68 5.0544 2.20103e-08 1
-28.728 5.3424 1.8246e-08 1
-26.744 5.45279 1.46208e-08 1
-17.0272 6.84 2.7028e-09 1
-22.4816 -14.064 0.0607216 1
-17.0208 -3.4704 5.01866e-05 1
-21.6112 -2.2032 1.72837e-05 1
-30.9456 -3.4992 6.98717e-05 1
-22.6288 6.5952 3.75142e-09 1
-67.224 -30.4176 0.999449 0
-27.768 -26.2064 0.868586 0
-20.808 -32.4816 0.945295 0
-21.128 -20.6672 0.568007 0
-1.504 -31.6496 0.971962 0
-14.4 -19.84 0.537429 0
-29.808 -21.8976 0.681357 0
-7.896 -18.3328 0.436416 0
-16.304 -26.3888 0.893956 0
7.976 -18.6272 0.37037 2
8.672 -27.2064 0.915817 0
-28.016 -28.3088 0.908167 0
37.232 -27.9408 0.94894 0
10.4 -30.4576 0.951496 0
6.79998 -39.6592 0.972088 0
-36.32 -29.0688 0.936796 0
-10.944 -32.744 0.966841 0
30.16 -32.4272 0.966039 0
-19.776 -29.6112 0.930237 0
16.32 -17.32 0.18924 2
-11.92 -26.904 0.921047 0
9.408 -29.0992 0.940991 0
0.824003 -28.1088 0.948375 0
-9.25601 -33.36 0.970948 0
-5.184 -37.0528 0.977377 0
20.328 -24.3888 0.790911 0
-13.496 -25.4672 0.884578 0
4.912 -26.888 0.922193 0
-18.384 -28.5808 0.922873 0
-13.656 -21.5456 0.695464 0
-18.888 -29.3152 0.929537 0
12.52 -32.5328 0.960841 0
-99 -23.9872 1 0
12.128 -22.9616 0.733513 0
-64.528 -32.5216 0.999029 0
8.008 -26.376 0.900893 0
-10.008 -37.8272 0.970087 0
-8.35201 -34.0864 0.973281 0
-31.408 -31.8832 0.940679 0
-21.344 -22.7408 0.727404 0
8.376 -39.272 0.971385 0
-2.824 -32.0224 0.973238 0
19.96 -32.8064 0.958697 0
49.248 -22.2864 0.906486 0
50.696 -30.8768 0.992834 0
-19.072 -34.976 0.952675 0
6.39199 -25.7728 0.892621 0
10.176 -36.1808 0.97115 0
26.248 -36.176 0.970974 0
-3.76 -37.1936 0.978193 0
-10.496 31.0032 1.3999e-24 3
23.432 24.0624 1.06939e-19 3
24.944 36.3968 2.67681e-29 3
48.056 34.8624 1.61757e-28 3
-12.848 33.7824 1.02559e-26 3
0.831986 26.0496 7.03463e-21 3
27.28 30.8384 6.16329e-25 3
-7.144 37.0096 2.54694e-29 3
-11.168 33.688 1.16904e-26 3
10.088 32.5168 5.71726e-26 3
-6.176 18.0912 2.46071e-15 1
-32.76 26.5552 6.53315e-21 3
23.832 21.4672 7.56819e-18 2
6.528 25.3568 2.07612e-20 3
-11.328 37.2 1.97812e-29 3
-0.176012 27.912 2.78106e-22 3
4.41599 21.3776 1.68244e-17 3
-68.232 33.4672 9.02257e-26 3
38.488 25.9872 2.46899e-21 3
20.84 27.8368 1.67797e-22 3
69.536 35.5712 1.41456e-29 3
-44.08 26.488 1.15093e-20 3
9.232 34.496 1.62601e-27 3
18.664 29.3728 1.18705e-23 3
-6.152 10.176 7.51676e-11 1
-32 37.9792 1.04422e-29 3
5.93599 29.1024 2.96624e-23 3
-0.743998 24.8944 5.206e-20 3
-1.912 37.3968 1.11419e-29 3
7.528 31.7312 2.56644e-25 3
-6.112 36.6384 4.91849e-29 3
-30.752 20.2288 1.72026e-16 1
-42.168 28.2944 4.68589e-22 3
-27.184 22.3216 5.42293e-18 1
56.088 30.2864 5.13086e-25 3
-42.776 26.008 2.52953e-20 3
15.24 29.944 4.85966e-24 3
28.96 31.0448 3.9786e-25 3
-13.08 26.5232 3.57524e-21 3
-8.56 29.0176 4.49699e-23 3
68.4 25.904 8.81397e-22 3
-56.672 36.576 2.93844e-28 3
-47.816 20.9072 1.78146e-16 3
59.472 31.1344 9.15269e-26 3
31.464 46.3792 1.48302e-37 3
75.192 35.952 5.02463e-30 3
47.944 16.3232 2.24942e-14 2
-18.656 35.9616 2.35285e-28 3
6.632 29.8288 7.97991e-24 3
-22.296 33.8016 1.31894e-26 3
