1.5952 25.4112 6.48043e-20 3
-2.7952 13.6512 2.56791e-12 1
2.6768 6.0192 1.19268e-08 2
-1.0672 -30.768 0.977958 0
-6.8256 13.4736 2.83816e-12 1
7.064 33.1536 8.7128e-26 3
3.9104 -27.8208 0.956254 0
4.96 1.5744 7.44928e-07 2
7.6848 -19.5504 0.504896 0
-1.3344 -4.40641 0.000150765 2
6.0576 29.5008 5.36902e-23 3
3.5616 26.9232 4.82387e-21 3
7.2368 -7.7664 0.00119377 2
-6.6976 20.5392 1.64462e-16 1
1.8384 3.0624 2.20371e-07 2
-4.8288 41.472 3.79671e-32 3
-8.12 4.7136 4.79775e-08 1
-5.5664 7.5888 2.59635e-09 1
2.4144 22.4448 8.72008e-18 3
5.728 -3.696 6.21255e-05 2
-5.464 -2.04 2.41612e-05 2
-6.384 3.11999 2.36867e-07 1
0.294401 -1.3152 1.1665e-05 2
12.6752 -8.5488 0.00162171 2
-0.491203 3.984 9.95718e-08 2
4.8576 -7.4112 0.00104966 2
2.6512 21.6864 2.94951e-17 3
-0.595203 -3.1392 5.4127e-05 2
3.7792 1.5216 8.31571e-07 2
5.4608 4.5984 4.244e-08 2
0.7216 18.96 1.99795e-15 3
-1.1152 -0.148802 4.51277e-06 2
4.7776 29.76 3.53359e-23 3
-3.5216 14.8992 5.18423e-13 1
1.4544 10.6512 8.91876e-11 2
-3.0672 -11.3136 0.0190065 2
-0.441601 20.9808 9.09279e-17 3
-4.0288 17.3568 1.86792e-14 1
6.2784 -9.0576 0.00303734 2
-5.376 -3.744 9.64498e-05 2
-1.7296 3.312 1.95394e-07 2
3.7584 24.2688 4.25754e-19 3
5.6672 -9.57599 0.00442045 2
16.568 20.6016 1.10927e-16 3
8.5872 14.208 1.03569e-12 2
1.9408 -24.9504 0.909202 0
-3.3936 4.9728 3.94462e-08 2
-1.0352 -14.5152 0.106056 2
-7.4432 1.9488 7.03997e-07 1
2.8 -2.44801 2.66104e-05 2
22.6096 24.0864 3.38614e-19 3
22.1888 35.0208 1.90334e-27 3
43.3552 -27.3168 0.978375 0
25.0128 -15.0672 0.0760103 2
21.2336 34.9872 2.09301e-27 3
17.704 22.3152 7.17419e-18 3
23.144 -17.4336 0.22135 2
23.5168 -11.0928 0.00737836 2
13.3712 -0.792 3.93388e-06 2
31.4736 18.072 3.37176e-15 2
26.08 2.2992 1.93582e-07 2
30.1376 -1.68 7.1054e-06 2
29.824 4.6848 2.01617e-08 2
31.6512 0.475199 1.11422e-06 2
17.816 -22.752 0.752596 0
25.9456 -1.9104 8.16038e-06 2
30.8032 -26.1312 0.928806 0
14.704 -3.7104 4.17514e-05 2
19.5216 3.8208 4.88738e-08 2
34.4 4.17118 3.72286e-08 2
31.624 4.5312 2.42419e-08 2
25.216 -13.5168 0.0326679 2
31.7904 -10.9152 0.00776117 2
15.9488 -5.16 0.000124503 2
16.9088 7.1568 1.89331e-09 2
12.752 21.552 2.85817e-17 3
16.5776 30.8592 3.6497e-24 3
32.976 5.304 1.15885e-08 2
30.5472 8.54399 3.79702e-10 2
28.6592 14.2608 5.27714e-13 2
26.88 0.503998 1.00515e-06 2
24.6784 17.616 6.903e-15 2
29.5856 25.3296 3.4075e-20 3
23.6672 6.984 1.94388e-09 2
22.8976 -29.8512 0.966671 0
19.5232 10.2624 6.31434e-11 2
27.0224 -6.8304 0.000403867 2
30.7328 4.2048 3.28291e-08 2
18.752 20.6448 9.65804e-17 3
24.728 -3.94561 4.31548e-05 2
26.0384 3.792 4.68421e-08 2
22.5504 -3.0096 2.03238e-05 2
35.3088 5.54879 9.7103e-09 2
39.2896 4.4448 3.47588e-08 2
20.8752 -20.0352 0.492916 2
24.464 -15.648 0.101203 2
29.8304 -34.6608 0.989178 0
28.9312 -1.6128 6.55767e-06 2
19.3504 -8.5056 0.00133539 2
26.3136 -31.2528 0.977486 0
-24.1776 1.008 1.33736e-06 1
-14.9232 -10.1808 0.00788498 1
-32.664 -12.0672 0.0285485 1
-22.7248 2.9664 2.10262e-07 1
-38.4464 -17.544 0.412753 1
-22.2448 -11.0064 0.0114763 1
-29.648 -22.2864 0.701916 0
-23.5984 10.8144 5.41226e-11 1
-22.6016 -33.8496 0.947381 0
-22.5968 -2.6208 2.96944e-05 1
-23.5024 -18.1776 0.320827 1
-13.9808 -11.232 0.0155185 1
-27.6896 0.0911987 3.39808e-06 1
-16.1056 23.5056 1.49571e-18 1
-21.0384 -5.256 0.000233341 1
-21.2224 -26.9184 0.888556 0
-14.5152 -42.6432 0.941485 0
-16.1888 22.7184 5.15846e-18 1
-15.328 21.0816 6.36015e-17 1
-39.3824 9.3312 1.00593e-09 1
-27.2064 14.8272 4.81753e-13 1
-25.0944 -12.3504 0.0253675 1
-29.5936 -11.6304 0.0190856 1
-18.6896 6.8304 4.21625e-09 1
-29.9776 5.3856 2.59016e-08 1
-25.3232 5.4864 1.86329e-08 1
-28.5376 13.4112 3.05709e-12 1
-20.1536 -8.3376 0.00211524 1
-27.4016 17.8224 9.17257e-15 1
-19.88 11.0448 3.89735e-11 1
-17.1696 -18.4512 0.376742 1
-31.9344 -19.824 0.523565 0
-30.5824 10.5024 1.10124e-10 1
-29.0816 15.1344 3.63348e-13 1
-23.7472 -5.1696 0.000221783 1
-15.3872 43.5888 8.87546e-34 3
-27.6896 -37.8192 0.939128 0
-36.4128 11.9616 3.46508e-11 1
-23.8032 18.4176 3.43002e-15 1
-24.9984 9.768 1.87031e-10 1
-29.5696 18.8688 2.39841e-15 1
-26.68 5.0544 3.03579e-08 1
-28.728 5.3424 2.5104e-08 1
-26.744 5.45279 2.03575e-08 1
-17.0272 6.84 4.23891e-09 1
-22.4816 -14.064 0.0620216 1
-17.0208 -3.4704 6.10709e-05 1
-21.6112 -2.2032 2.09354e-05 1
-30.9456 -3.4992 7.9888e-05 1
-22.6288 6.5952 5.53329e-09 1
-67.224 -30.4176 0.999714 0
-27.768 -26.2064 0.866242 0
-20.808 -32.4816 0.946821 0
-21.128 -20.6672 0.566511 0
-1.504 -31.6496 0.980794 0
-14.4 -19.84 0.545417 0
-29.808 -21.8976 0.676233 0
-7.896 -18.3328 0.449751 0
-16.304 -26.3888 0.896604 0
7.976 -18.6272 0.39798 2
8.672 -27.2064 0.941448 0
-28.016 -28.3088 0.907112 0
37.232 -27.9408 0.970673 0
10.4 -30.4576 0.971812 0
6.79998 -39.6592 0.99013 0
-36.32 -29.0688 0.938197 0
-10.944 -32.744 0.971381 0
30.16 -32.4272 0.984656 0
-19.776 -29.6112 0.93134 0
16.32 -17.32 0.215934 2
-11.92 -26.904 0.926395 0
9.408 -29.0992 0.962809 0
0.824003 -28.1088 0.961694 0
-9.25601 -33.36 0.976071 0
-5.184 -37.0528 0.984926 0
20.328 -24.3888 0.847807 0
-13.496 -25.4672 0.88957 0
4.912 -26.888 0.942767 0
-18.384 -28.5808 0.924378 0
-13.656 -21.5456 0.703153 0
-18.888 -29.3152 0.930932 0
12.52 -32.5328 0.9802 0
-99 -23.9872 1 0
12.128 -22.9616 0.782846 0
-64.528 -32.5216 0.999465 0
8.008 -26.376 0.927959 0
-10.008 -37.8272 0.976478 0
-8.35201 -34.0864 0.97877 0
-31.408 -31.8832 0.941605 0
-21.344 -22.7408 0.725497 0
8.376 -39.272 0.990002 0
-2.824 -32.0224 0.981188 0
19.96 -32.8064 0.980781 0
49.248 -22.2864 0.928339 0
50.696 -30.8768 0.996278 0
-19.072 -34.976 0.955442 0
6.39199 -25.7728 0.91859 0
10.176 -36.1808 0.987998 0
26.248 -36.176 0.989536 0
-3.76 -37.1936 0.986443 0
-10.496 31.0032 5.26309e-24 3
23.432 24.0624 3.4387e-19 3
24.944 36.3968 1.46297e-28 3
48.056 34.8624 9.20968e-28 3
-12.848 33.7824 4.30949e-26 3
0.831986 26.0496 2.22819e-20 3
27.28 30.8384 2.62319e-24 3
-7.144 37.0096 1.27652e-28 3
-11.168 33.688 4.93886e-26 3
10.088 32.5168 2.44578e-25 3
-6.176 18.0912 6.1986e-15 1
-32.76 26.5552 1.80229e-20 3
23.832 21.4672 2.31093e-17 3
6.528 25.3568 6.48309e-20 3
-11.328 37.2 9.78577e-29 3
-0.176012 27.912 9.46911e-22 3
4.41599 21.3776 4.71647e-17 3
-68.232 33.4672 3.47803e-25 3
38.488 25.9872 8.49457e-21 3
20.84 27.8368 6.10483e-22 3
69.536 35.5712 9.86055e-29 3
-44.08 26.488 3.19819e-20 3
9.232 34.496 7.5876e-27 3
18.664 29.3728 4.57019e-23 3
-6.152 10.176 1.47112e-10 1
-32 37.9792 4.74139e-29 3
5.93599 29.1024 1.07488e-22 3
-0.743998 24.8944 1.57891e-19 3
-1.912 37.3968 5.78336e-29 3
7.528 31.7312 1.05065e-24 3
-6.112 36.6384 2.43351e-28 3
-30.752 20.2288 3.58442e-16 1
-42.168 28.2944 1.41378e-21 3
-27.184 22.3216 1.25076e-17 1
56.088 30.2864 2.38522e-24 3
-42.776 26.008 6.85294e-20 3
15.24 29.944 1.88986e-23 3
28.96 31.0448 1.71983e-24 3
-13.08 26.5232 1.08949e-20 3
-8.56 29.0176 1.56432e-22 3
68.4 25.904 3.38342e-21 3
-56.672 36.576 1.24603e-27 3
-47.816 20.9072 3.78655e-16 3
59.472 31.1344 4.57592e-25 3
31.464 46.3792 1.33846e-36 3
75.192 35.952 3.76634e-29 3
47.944 16.3232 5.10106e-14 2
-18.656 35.9616 1.04959e-27 3
6.632 29.8288 2.99115e-23 3
-22.296 33.8016 5.23993e-26 3
