1.5952 25.4112 1.44891e-20 3
-2.7952 13.6512 9.69414e-13 1
2.6768 6.0192 6.25287e-09 2
-1.0672 -30.768 0.97469 0
-6.8256 13.4736 1.09041e-12 1
7.064 33.1536 1.28067e-26 3
3.9104 -27.8208 0.950181 0
4.96 1.5744 4.64033e-07 2
7.6848 -19.5504 0.479767 2
-1.3344 -4.40641 0.000112499 2
6.0576 29.5008 9.68846e-24 3
3.5616 26.9232 9.98677e-22 3
7.2368 -7.7664 0.000962005 2
-6.6976 20.5392 4.62495e-17 1
1.8384 3.0624 1.29933e-07 2
-4.8288 41.472 3.26132e-33 3
-8.12 4.7136 2.63867e-08 1
-5.5664 7.5888 1.27889e-09 1
2.4144 22.4448 2.24591e-18 3
5.728 -3.696 4.55785e-05 2
-5.464 -2.04 1.67256e-05 1
-6.384 3.11999 1.3834e-07 1
0.294401 -1.3152 7.98357e-06 2
12.6752 -8.5488 0.00132015 2
-0.491203 3.984 5.66447e-08 2
4.8576 -7.4112 0.000841435 2
2.6512 21.6864 7.85057e-18 3
-0.595203 -3.1392 3.90597e-05 2
3.7792 1.5216 5.18866e-07 2
5.4608 4.5984 2.35895e-08 2
0.7216 18.96 5.9676e-16 3
-1.1152 -0.148802 2.9723e-06 2
4.7776 29.76 6.28224e-24 3
-3.5216 14.8992 1.85712e-13 1
1.4544 10.6512 3.81206e-11 2
-3.0672 -11.3136 0.0163714 2
-0.441601 20.9808 2.5024e-17 3
-4.0288 17.3568 6.02831e-15 1
6.2784 -9.0576 0.00251063 2
-5.376 -3.744 7.0058e-05 2
-1.7296 3.312 1.1395e-07 2
3.7584 24.2688 1.00736e-19 3
5.6672 -9.57599 0.00369007 2
16.568 20.6016 3.04664e-17 3
8.5872 14.208 3.70873e-13 2
1.9408 -24.9504 0.900695 0
-3.3936 4.9728 2.15705e-08 2
-1.0352 -14.5152 0.0961651 2
-7.4432 1.9488 4.27389e-07 1
2.8 -2.44801 1.88616e-05 2
22.6096 24.0864 8.0962e-20 3
22.1888 35.0208 2.51428e-28 3
43.3552 -27.3168 0.972564 0
25.0128 -15.0672 0.0666139 2
21.2336 34.9872 2.77023e-28 3
17.704 22.3152 1.8427e-18 3
23.144 -17.4336 0.199302 2
23.5168 -11.0928 0.00620406 2
13.3712 -0.792 2.65488e-06 2
31.4736 18.072 1.07066e-15 2
26.08 2.2992 1.19739e-07 2
30.1376 -1.68 4.99082e-06 2
29.824 4.6848 1.15324e-08 2
31.6512 0.475199 7.37674e-07 2
17.816 -22.752 0.725907 0
25.9456 -1.9104 5.73881e-06 2
30.8032 -26.1312 0.914137 0
14.704 -3.7104 3.05892e-05 2
19.5216 3.8208 2.83436e-08 2
34.4 4.17118 2.193e-08 2
31.624 4.5312 1.40021e-08 2
25.216 -13.5168 0.0281945 2
31.7904 -10.9152 0.00650765 2
15.9488 -5.16 9.4476e-05 2
16.9088 7.1568 9.55676e-10 2
12.752 21.552 7.56225e-18 3
16.5776 30.8592 6.11907e-25 3
32.976 5.304 6.52292e-09 2
30.5472 8.54399 1.86036e-10 2
28.6592 14.2608 1.96838e-13 2
26.88 0.503998 6.59889e-07 2
24.6784 17.616 2.17569e-15 2
29.5856 25.3296 7.76331e-21 3
23.6672 6.984 1.00118e-09 2
22.8976 -29.8512 0.957723 0
19.5232 10.2624 2.78216e-11 2
27.0224 -6.8304 0.000317974 2
30.7328 4.2048 1.91532e-08 2
18.752 20.6448 2.65442e-17 3
24.728 -3.94561 3.1923e-05 2
26.0384 3.792 2.74842e-08 2
22.5504 -3.0096 1.4669e-05 2
35.3088 5.54879 5.44742e-09 2
39.2896 4.4448 2.05311e-08 2
20.8752 -20.0352 0.460117 2
24.464 -15.648 0.0892432 2
29.8304 -34.6608 0.984171 0
28.9312 -1.6128 4.59056e-06 2
19.3504 -8.5056 0.0010825 2
26.3136 -31.2528 0.970225 0
-24.1776 1.008 8.20458e-07 1
-14.9232 -10.1808 0.00634721 1
-32.664 -12.0672 0.0231676 1
-22.7248 2.9664 1.21541e-07 1
-38.4464 -17.544 0.374618 1
-22.2448 -11.0064 0.0091874 1
-29.648 -22.2864 0.670324 0
-23.5984 10.8144 2.36718e-11 1
-22.6016 -33.8496 0.936486 0
-22.5968 -2.6208 2.00779e-05 1
-23.5024 -18.1776 0.28861 1
-13.9808 -11.232 0.0127689 1
-27.6896 0.0911987 2.14457e-06 1
-16.1056 23.5056 3.62953e-19 1
-21.0384 -5.256 0.000167995 1
-21.2224 -26.9184 0.874103 0
-14.5152 -42.6432 0.921192 0
-16.1888 22.7184 1.30277e-18 1
-15.328 21.0816 1.74152e-17 1
-39.3824 9.3312 4.86737e-10 1
-27.2064 14.8272 1.79553e-13 1
-25.0944 -12.3504 0.0206662 1
-29.5936 -11.6304 0.0153568 1
-18.6896 6.8304 2.13565e-09 1
-29.9776 5.3856 1.39763e-08 1
-25.3232 5.4864 9.94401e-09 1
-28.5376 13.4112 1.21479e-12 1
-20.1536 -8.3376 0.00162304 1
-27.4016 17.8224 2.98685e-15 1
-19.88 11.0448 1.68053e-11 1
-17.1696 -18.4512 0.346098 1
-31.9344 -19.824 0.485319 1
-30.5824 10.5024 4.94918e-11 1
-29.0816 15.1344 1.34266e-13 1
-23.7472 -5.1696 0.000159025 1
-15.3872 43.5888 6.31278e-35 3
-27.6896 -37.8192 0.921526 0
-36.4128 11.9616 1.49823e-11 1
-23.8032 18.4176 1.07768e-15 1
-24.9984 9.768 8.5426e-11 1
-29.5696 18.8688 7.46923e-16 1
-26.68 5.0544 1.64674e-08 1
-28.728 5.3424 1.35327e-08 1
-26.744 5.45279 1.08978e-08 1
-17.0272 6.84 2.14558e-09 1
-22.4816 -14.064 0.0520652 1
-17.0208 -3.4704 4.24414e-05 1
-21.6112 -2.2032 1.40144e-05 1
-30.9456 -3.4992 5.53603e-05 1
-22.6288 6.5952 2.83347e-09 1
-67.224 -30.4176 0.999679 0
-27.768 -26.2064 0.847825 0
-20.808 -32.4816 0.937095 0
-21.128 -20.6672 0.533093 0
-1.504 -31.6496 0.977746 0
-14.4 -19.84 0.516991 0
-29.808 -21.8976 0.64319 0
-7.896 -18.3328 0.427027 0
-16.304 -26.3888 0.885013 0
7.976 -18.6272 0.373797 2
8.672 -27.2064 0.932422 0
-28.016 -28.3088 0.892586 0
37.232 -27.9408 0.962817 0
10.4 -30.4576 0.965389 0
6.79998 -39.6592 0.985164 0
-36.32 -29.0688 0.92725 0
-10.944 -32.744 0.967034 0
30.16 -32.4272 0.978863 0
-19.776 -29.6112 0.921167 0
16.32 -17.32 0.195863 2
-11.92 -26.904 0.919011 0
9.408 -29.0992 0.955644 0
0.824003 -28.1088 0.956956 0
-9.25601 -33.36 0.972322 0
-5.184 -37.0528 0.981509 0
20.328 -24.3888 0.826189 0
-13.496 -25.4672 0.87882 0
4.912 -26.888 0.935273 0
-18.384 -28.5808 0.914191 0
-13.656 -21.5456 0.680744 0
-18.888 -29.3152 0.921079 0
12.52 -32.5328 0.974355 0
-99 -23.9872 1 0
12.128 -22.9616 0.760903 0
-64.528 -32.5216 0.999375 0
8.008 -26.376 0.918013 0
-10.008 -37.8272 0.971028 0
-8.35201 -34.0864 0.975237 0
-31.408 -31.8832 0.929783 0
-21.344 -22.7408 0.698546 0
8.376 -39.272 0.984891 0
-2.824 -32.0224 0.978278 0
19.96 -32.8064 0.974176 0
49.248 -22.2864 0.915659 0
50.696 -30.8768 0.994821 0
-19.072 -34.976 0.945994 0
6.39199 -25.7728 0.908612 0
10.176 -36.1808 0.983179 0
26.248 -36.176 0.984191 0
-3.76 -37.1936 0.983175 0
-10.496 31.0032 8.55038e-25 3
23.432 24.0624 8.24139e-20 3
24.944 36.3968 1.78154e-29 3
48.056 34.8624 1.22869e-28 3
-12.848 33.7824 5.93998e-27 3
0.831986 26.0496 4.81977e-21 3
27.28 30.8384 4.41985e-25 3
-7.144 37.0096 1.4597e-29 3
-11.168 33.688 6.85967e-27 3
10.088 32.5168 3.73193e-26 3
-6.176 18.0912 1.94431e-15 1
-32.76 26.5552 3.76567e-21 3
23.832 21.4672 6.20702e-18 3
6.528 25.3568 1.45416e-20 3
-11.328 37.2 1.09671e-29 3
-0.176012 27.912 1.8546e-22 3
4.41599 21.3776 1.26881e-17 3
-68.232 33.4672 4.75499e-26 3
38.488 25.9872 1.89934e-21 3
20.84 27.8368 1.20857e-22 3
69.536 35.5712 1.24088e-29 3
-44.08 26.488 6.6487e-21 3
9.232 34.496 1.03287e-27 3
18.664 29.3728 8.322e-24 3
-6.152 10.176 6.50915e-11 1
-32 37.9792 5.14847e-30 3
5.93599 29.1024 1.98232e-23 3
-0.743998 24.8944 3.61808e-20 3
-1.912 37.3968 6.53631e-30 3
7.528 31.7312 1.67511e-25 3
-6.112 36.6384 2.85412e-29 3
-30.752 20.2288 1.04651e-16 1
-42.168 28.2944 2.66919e-22 3
-27.184 22.3216 3.26014e-18 1
56.088 30.2864 4.1876e-25 3
-42.776 26.008 1.46613e-20 3
15.24 29.944 3.33294e-24 3
28.96 31.0448 2.86659e-25 3
-13.08 26.5232 2.26068e-21 3
-8.56 29.0176 2.84911e-23 3
68.4 25.904 7.69622e-22 3
-56.672 36.576 1.46038e-28 3
-47.816 20.9072 1.06016e-16 3
59.472 31.1344 7.62227e-26 3
31.464 46.3792 9.62834e-38 3
75.192 35.952 4.60095e-30 3
47.944 16.3232 1.90733e-14 2
-18.656 35.9616 1.26506e-28 3
6.632 29.8288 5.30217e-24 3
-22.296 33.8016 7.20759e-27 3
