1.5952 25.4112 2.07425e-20 3
-2.7952 13.6512 1.11508e-12 1
2.6768 6.0192 7.55982e-09 2
-1.0672 -30.768 0.968555 0
-6.8256 13.4736 1.28372e-12 1
7.064 33.1536 1.97525e-26 3
3.9104 -27.8208 0.939254 0
4.96 1.5744 5.7385e-07 2
7.6848 -19.5504 0.472759 2
-1.3344 -4.40641 0.000133177 2
6.0576 29.5008 1.44092e-23 3
3.5616 26.9232 1.45291e-21 3
7.2368 -7.7664 0.00113278 2
-6.6976 20.5392 6.2056e-17 1
1.8384 3.0624 1.58179e-07 2
-4.8288 41.472 5.9421e-33 3
-8.12 4.7136 3.03186e-08 1
-5.5664 7.5888 1.46603e-09 1
2.4144 22.4448 3.0383e-18 3
5.728 -3.696 5.5643e-05 2
-5.464 -2.04 1.92007e-05 1
-6.384 3.11999 1.58639e-07 1
0.294401 -1.3152 9.64873e-06 2
12.6752 -8.5488 0.00149277 2
-0.491203 3.984 6.74549e-08 2
4.8576 -7.4112 0.00100127 2
2.6512 21.6864 1.04299e-17 3
-0.595203 -3.1392 4.67126e-05 2
3.7792 1.5216 6.39921e-07 2
5.4608 4.5984 2.90154e-08 2
0.7216 18.96 7.4103e-16 1
-1.1152 -0.148802 3.54922e-06 2
4.7776 29.76 9.40298e-24 3
-3.5216 14.8992 2.16508e-13 1
1.4544 10.6512 4.44313e-11 2
-3.0672 -11.3136 0.0182687 2
-0.441601 20.9808 3.28401e-17 3
-4.0288 17.3568 7.34127e-15 1
6.2784 -9.0576 0.00292656 2
-5.376 -3.744 8.02019e-05 1
-1.7296 3.312 1.34494e-07 2
3.7584 24.2688 1.40974e-19 3
5.6672 -9.57599 0.0042843 2
16.568 20.6016 3.73533e-17 2
8.5872 14.208 4.33944e-13 2
1.9408 -24.9504 0.889616 0
-3.3936 4.9728 2.50072e-08 1
-1.0352 -14.5152 0.103888 2
-7.4432 1.9488 4.88931e-07 1
2.8 -2.44801 2.30839e-05 2
22.6096 24.0864 1.04609e-19 3
22.1888 35.0208 3.71844e-28 3
43.3552 -27.3168 0.963505 0
25.0128 -15.0672 0.0643015 2
21.2336 34.9872 4.11384e-28 3
17.704 22.3152 2.34218e-18 3
23.144 -17.4336 0.18751 2
23.5168 -11.0928 0.00638638 2
13.3712 -0.792 3.1682e-06 2
31.4736 18.072 1.18331e-15 2
26.08 2.2992 1.34102e-07 2
30.1376 -1.68 5.48237e-06 2
29.824 4.6848 1.27533e-08 2
31.6512 0.475199 8.13812e-07 2
17.816 -22.752 0.690558 0
25.9456 -1.9104 6.3646e-06 2
30.8032 -26.1312 0.887718 0
14.704 -3.7104 3.56492e-05 2
19.5216 3.8208 3.27457e-08 2
34.4 4.17118 2.41531e-08 2
31.624 4.5312 1.54414e-08 2
25.216 -13.5168 0.027852 2
31.7904 -10.9152 0.00659643 2
15.9488 -5.16 0.000108052 2
16.9088 7.1568 1.11291e-09 2
12.752 21.552 9.70166e-18 3
16.5776 30.8592 8.86236e-25 3
32.976 5.304 7.16986e-09 2
30.5472 8.54399 2.02516e-10 2
28.6592 14.2608 2.10026e-13 2
26.88 0.503998 7.35443e-07 2
24.6784 17.616 2.40522e-15 2
29.5856 25.3296 1.0064e-20 3
23.6672 6.984 1.12315e-09 2
22.8976 -29.8512 0.938389 0
19.5232 10.2624 3.14078e-11 2
27.0224 -6.8304 0.000339794 2
30.7328 4.2048 2.11632e-08 2
18.752 20.6448 3.21776e-17 2
24.728 -3.94561 3.51613e-05 2
26.0384 3.792 3.07701e-08 2
22.5504 -3.0096 1.64007e-05 2
35.3088 5.54879 5.97957e-09 2
39.2896 4.4448 2.27078e-08 2
20.8752 -20.0352 0.430128 2
24.464 -15.648 0.0855452 2
29.8304 -34.6608 0.972296 0
28.9312 -1.6128 5.05557e-06 2
19.3504 -8.5056 0.00117396 2
26.3136 -31.2528 0.954046 0
-24.1776 1.008 1.04352e-06 1
-14.9232 -10.1808 0.0071355 1
-32.664 -12.0672 0.0276937 1
-22.7248 2.9664 1.55407e-07 1
-38.4464 -17.544 0.407118 1
-22.2448 -11.0064 0.0108353 1
-29.648 -22.2864 0.706028 0
-23.5984 10.8144 3.26577e-11 1
-22.6016 -33.8496 0.945289 0
-22.5968 -2.6208 2.47286e-05 1
-23.5024 -18.1776 0.321211 1
-13.9808 -11.232 0.0141922 1
-27.6896 0.0911987 2.748e-06 1
-16.1056 23.5056 5.61683e-19 1
-21.0384 -5.256 0.000201953 1
-21.2224 -26.9184 0.888141 0
-14.5152 -42.6432 0.92767 0
-16.1888 22.7184 1.99588e-18 1
-15.328 21.0816 2.579e-17 1
-39.3824 9.3312 6.59479e-10 1
-27.2064 14.8272 2.66112e-13 1
-25.0944 -12.3504 0.024547 1
-29.5936 -11.6304 0.0184775 1
-18.6896 6.8304 2.72124e-09 1
-29.9776 5.3856 1.87458e-08 1
-25.3232 5.4864 1.31689e-08 1
-28.5376 13.4112 1.77373e-12 1
-20.1536 -8.3376 0.00191136 1
-27.4016 17.8224 4.63623e-15 1
-19.88 11.0448 2.25235e-11 1
-17.1696 -18.4512 0.370651 1
-31.9344 -19.824 0.52682 0
-30.5824 10.5024 6.99421e-11 1
-29.0816 15.1344 2.01287e-13 1
-23.7472 -5.1696 0.000194376 1
-15.3872 43.5888 1.32066e-34 3
-27.6896 -37.8192 0.934688 0
-36.4128 11.9616 2.13803e-11 1
-23.8032 18.4176 1.65327e-15 1
-24.9984 9.768 1.17577e-10 1
-29.5696 18.8688 1.18712e-15 1
-26.68 5.0544 2.18561e-08 1
-28.728 5.3424 1.81119e-08 1
-26.744 5.45279 1.45169e-08 1
-17.0272 6.84 2.68855e-09 1
-22.4816 -14.064 0.0604342 1
-17.0208 -3.4704 4.99576e-05 1
-21.6112 -2.2032 1.71936e-05 1
-30.9456 -3.4992 6.94997e-05 1
-22.6288 6.5952 3.72671e-09 1
-67.224 -30.4176 0.999461 0
-27.768 -26.2064 0.867997 0
-20.808 -32.4816 0.944846 0
-21.128 -20.6672 0.56658 0
-1.504 -31.6496 0.972028 0
-14.4 -19.84 0.536095 0
-29.808 -21.8976 0.680469 0
-7.896 -18.3328 0.435841 0
-16.304 -26.3888 0.893275 0
7.976 -18.6272 0.371432 2
8.672 -27.2064 0.916234 0
-28.016 -28.3088 0.907718 0
37.232 -27.9408 0.948562 0
10.4 -30.4576 0.951724 0
6.79998 -39.6592 0.972216 0
-36.32 -29.0688 0.936702 0
-10.944 -32.744 0.966594 0
30.16 -32.4272 0.96585 0
-19.776 -29.6112 0.929718 0
16.32 -17.32 0.189766 2
-11.92 -26.904 0.920597 0
9.408 -29.0992 0.941283 0
0.824003 -28.1088 0.948591 0
-9.25601 -33.36 0.970759 0
-5.184 -37.0528 0.977295 0
20.328 -24.3888 0.791238 0
-13.496 -25.4672 0.883925 0
4.912 -26.888 0.922596 0
-18.384 -28.5808 0.922316 0
-13.656 -21.5456 0.694297 0
-18.888 -29.3152 0.929012 0
12.52 -32.5328 0.960991 0
-99 -23.9872 1 0
12.128 -22.9616 0.734401 0
-64.528 -32.5216 0.99905 0
8.008 -26.376 0.901382 0
-10.008 -37.8272 0.969812 0
-8.35201 -34.0864 0.97312 0
-31.408 -31.8832 0.940432 0
-21.344 -22.7408 0.726186 0
8.376 -39.272 0.971509 0
-2.824 -32.0224 0.973263 0
19.96 -32.8064 0.958707 0
49.248 -22.2864 0.905512 0
50.696 -30.8768 0.992692 0
-19.072 -34.976 0.952226 0
6.39199 -25.7728 0.893154 0
10.176 -36.1808 0.971273 0
26.248 -36.176 0.970833 0
-3.76 -37.1936 0.978155 0
-10.496 31.0032 1.38456e-24 3
23.432 24.0624 1.06124e-19 3
24.944 36.3968 2.64756e-29 3
48.056 34.8624 1.60643e-28 3
-12.848 33.7824 1.01251e-26 3
0.831986 26.0496 6.97612e-21 3
27.28 30.8384 6.11027e-25 3
-7.144 37.0096 2.51406e-29 3
-11.168 33.688 1.15463e-26 3
10.088 32.5168 5.65412e-26 3
-6.176 18.0912 2.44965e-15 1
-32.76 26.5552 6.44253e-21 3
23.832 21.4672 7.51673e-18 2
6.528 25.3568 2.05724e-20 3
-11.328 37.2 1.95066e-29 3
-0.176012 27.912 2.75628e-22 3
4.41599 21.3776 1.66878e-17 3
-68.232 33.4672 8.85134e-26 3
38.488 25.9872 2.45578e-21 3
20.84 27.8368 1.66301e-22 3
69.536 35.5712 1.40875e-29 3
-44.08 26.488 1.13498e-20 3
9.232 34.496 1.60695e-27 3
18.664 29.3728 1.17568e-23 3
-6.152 10.176 7.48951e-11 1
-32 37.9792 1.02376e-29 3
5.93599 29.1024 2.93696e-23 3
-0.743998 24.8944 5.16621e-20 3
-1.912 37.3968 1.10027e-29 3
7.528 31.7312 2.53886e-25 3
-6.112 36.6384 4.8564e-29 3
-30.752 20.2288 1.69903e-16 1
-42.168 28.2944 4.6173e-22 3
-27.184 22.3216 5.35777e-18 1
56.088 30.2864 5.10654e-25 3
-42.776 26.008 2.49484e-20 3
15.24 29.944 4.81059e-24 3
28.96 31.0448 3.94524e-25 3
-13.08 26.5232 3.54159e-21 3
-8.56 29.0176 4.45344e-23 3
68.4 25.904 8.78975e-22 3
-56.672 36.576 2.87934e-28 3
-47.816 20.9072 1.76012e-16 3
59.472 31.1344 9.11134e-26 3
31.464 46.3792 1.48087e-37 3
75.192 35.952 5.00799e-30 3
47.944 16.3232 2.25249e-14 2
-18.656 35.9616 2.31662e-28 3
6.632 29.8288 7.89904e-24 3
-22.296 33.8016 1.29878e-26 3
