1.5952 25.4112 2.05162e-20 3
-2.7952 13.6512 1.10846e-12 1
2.6768 6.0192 7.51648e-09 2
-1.0672 -30.768 0.96865 0
-6.8256 13.4736 1.27673e-12 1
7.064 33.1536 1.94654e-26 3
3.9104 -27.8208 0.939577 0
4.96 1.5744 5.71654e-07 2
7.6848 -19.5504 0.473876 2
-1.3344 -4.40641 0.000132901 2
6.0576 29.5008 1.42219e-23 3
3.5616 26.9232 1.43576e-21 3
7.2368 -7.7664 0.00113353 2
-6.6976 20.5392 6.15777e-17 1
1.8384 3.0624 1.5746e-07 2
-4.8288 41.472 5.83475e-33 3
-8.12 4.7136 3.0184e-08 1
-5.5664 7.5888 1.45911e-09 1
2.4144 22.4448 3.00793e-18 3
5.728 -3.696 5.55704e-05 2
-5.464 -2.04 1.9138e-05 1
-6.384 3.11999 1.57984e-07 1
0.294401 -1.3152 9.62039e-06 2
12.6752 -8.5488 0.00149499 2
-0.491203 3.984 6.71409e-08 2
4.8576 -7.4112 0.00100143 2
2.6512 21.6864 1.03272e-17 3
-0.595203 -3.1392 4.66012e-05 2
3.7792 1.5216 6.37432e-07 2
5.4608 4.5984 2.88645e-08 2
0.7216 18.96 7.34849e-16 1
-1.1152 -0.148802 3.53719e-06 2
4.7776 29.76 9.28047e-24 3
-3.5216 14.8992 2.15217e-13 1
1.4544 10.6512 4.41238e-11 2
-3.0672 -11.3136 0.0182573 2
-0.441601 20.9808 3.25577e-17 3
-4.0288 17.3568 7.29402e-15 1
6.2784 -9.0576 0.00292963 2
-5.376 -3.744 7.99655e-05 1
-1.7296 3.312 1.3391e-07 2
3.7584 24.2688 1.39436e-19 3
5.6672 -9.57599 0.00428928 2
16.568 20.6016 3.69536e-17 2
8.5872 14.208 4.29754e-13 2
1.9408 -24.9504 0.890078 0
-3.3936 4.9728 2.4894e-08 1
-1.0352 -14.5152 0.103988 2
-7.4432 1.9488 4.86948e-07 1
2.8 -2.44801 2.30319e-05 2
22.6096 24.0864 1.03556e-19 3
22.1888 35.0208 3.66575e-28 3
43.3552 -27.3168 0.96314 0
25.0128 -15.0672 0.0644029 2
21.2336 34.9872 4.05503e-28 3
17.704 22.3152 2.31682e-18 3
23.144 -17.4336 0.187816 2
23.5168 -11.0928 0.00639811 2
13.3712 -0.792 3.16404e-06 2
31.4736 18.072 1.17837e-15 2
26.08 2.2992 1.34102e-07 2
30.1376 -1.68 5.48782e-06 2
29.824 4.6848 1.2755e-08 2
31.6512 0.475199 8.14548e-07 2
17.816 -22.752 0.691254 0
25.9456 -1.9104 6.36966e-06 2
30.8032 -26.1312 0.887478 0
14.704 -3.7104 3.56509e-05 2
19.5216 3.8208 3.26857e-08 2
34.4 4.17118 2.41739e-08 2
31.624 4.5312 1.54484e-08 2
25.216 -13.5168 0.0278977 2
31.7904 -10.9152 0.00660099 2
15.9488 -5.16 0.000108126 2
16.9088 7.1568 1.10844e-09 2
12.752 21.552 9.58962e-18 3
16.5776 30.8592 8.74555e-25 3
32.976 5.304 7.17382e-09 2
30.5472 8.54399 2.02409e-10 2
28.6592 14.2608 2.09386e-13 2
26.88 0.503998 7.35788e-07 2
24.6784 17.616 2.38985e-15 2
29.5856 25.3296 9.97443e-21 3
23.6672 6.984 1.12102e-09 2
22.8976 -29.8512 0.938416 0
19.5232 10.2624 3.12628e-11 2
27.0224 -6.8304 0.000340251 2
30.7328 4.2048 2.1171e-08 2
18.752 20.6448 3.1853e-17 2
24.728 -3.94561 3.51979e-05 2
26.0384 3.792 3.07587e-08 2
22.5504 -3.0096 1.64127e-05 2
35.3088 5.54879 5.98473e-09 2
39.2896 4.4448 2.27371e-08 2
20.8752 -20.0352 0.430736 2
24.464 -15.648 0.0856843 2
29.8304 -34.6608 0.972154 0
28.9312 -1.6128 5.06031e-06 2
19.3504 -8.5056 0.00117597 2
26.3136 -31.2528 0.95397 0
-24.1776 1.008 1.03622e-06 1
-14.9232 -10.1808 0.00710153 1
-32.664 -12.0672 0.0275754 1
-22.7248 2.9664 1.54292e-07 1
-38.4464 -17.544 0.406676 1
-22.2448 -11.0064 0.0107762 1
-29.648 -22.2864 0.705055 0
-23.5984 10.8144 3.23472e-11 1
-22.6016 -33.8496 0.944824 0
-22.5968 -2.6208 2.45757e-05 1
-23.5024 -18.1776 0.319975 1
-13.9808 -11.232 0.0141274 1
-27.6896 0.0911987 2.72844e-06 1
-16.1056 23.5056 5.55095e-19 1
-21.0384 -5.256 0.000200795 1
-21.2224 -26.9184 0.887414 0
-14.5152 -42.6432 0.926717 0
-16.1888 22.7184 1.97319e-18 1
-15.328 21.0816 2.55249e-17 1
-39.3824 9.3312 6.52123e-10 1
-27.2064 14.8272 2.62913e-13 1
-25.0944 -12.3504 0.0244175 1
-29.5936 -11.6304 0.0183871 1
-18.6896 6.8304 2.70199e-09 1
-29.9776 5.3856 1.85792e-08 1
-25.3232 5.4864 1.306e-08 1
-28.5376 13.4112 1.7528e-12 1
-20.1536 -8.3376 0.0019009 1
-27.4016 17.8224 4.57477e-15 1
-19.88 11.0448 2.23331e-11 1
-17.1696 -18.4512 0.369307 1
-31.9344 -19.824 0.525836 0
-30.5824 10.5024 6.91741e-11 1
-29.0816 15.1344 1.98741e-13 1
-23.7472 -5.1696 0.00019322 1
-15.3872 43.5888 1.29071e-34 3
-27.6896 -37.8192 0.934182 0
-36.4128 11.9616 2.11148e-11 1
-23.8032 18.4176 1.63285e-15 1
-24.9984 9.768 1.16457e-10 1
-29.5696 18.8688 1.17028e-15 1
-26.68 5.0544 2.16735e-08 1
-28.728 5.3424 1.79537e-08 1
-26.744 5.45279 1.43936e-08 1
-17.0272 6.84 2.67075e-09 1
-22.4816 -14.064 0.0601205 1
-17.0208 -3.4704 4.96921e-05 1
-21.6112 -2.2032 1.70883e-05 1
-30.9456 -3.4992 6.90638e-05 1
-22.6288 6.5952 3.69682e-09 1
-67.224 -30.4176 0.999474 0
-27.768 -26.2064 0.867351 0
-20.808 -32.4816 0.944378 0
-21.128 -20.6672 0.565072 0
-1.504 -31.6496 0.9721 0
-14.4 -19.84 0.534724 0
-29.808 -21.8976 0.679464 0
-7.896 -18.3328 0.43523 0
-16.304 -26.3888 0.892581 0
7.976 -18.6272 0.372428 2
8.672 -27.2064 0.916666 0
-28.016 -28.3088 0.907226 0
37.232 -27.9408 0.948231 0
10.4 -30.4576 0.951974 0
6.79998 -39.6592 0.972371 0
-36.32 -29.0688 0.936571 0
-10.944 -32.744 0.966349 0
30.16 -32.4272 0.965703 0
-19.776 -29.6112 0.929181 0
16.32 -17.32 0.190272 2
-11.92 -26.904 0.920146 0
9.408 -29.0992 0.941594 0
0.824003 -28.1088 0.948811 0
-9.25601 -33.36 0.970573 0
-5.184 -37.0528 0.97722 0
20.328 -24.3888 0.791635 0
-13.496 -25.4672 0.883266 0
4.912 -26.888 0.923004 0
-18.384 -28.5808 0.921742 0
-13.656 -21.5456 0.693107 0
-18.888 -29.3152 0.928471 0
12.52 -32.5328 0.961167 0
-99 -23.9872 1 0
12.128 -22.9616 0.735302 0
-64.528 -32.5216 0.99907 0
8.008 -26.376 0.901882 0
-10.008 -37.8272 0.969538 0
-8.35201 -34.0864 0.972963 0
-31.408 -31.8832 0.94015 0
-21.344 -22.7408 0.724904 0
8.376 -39.272 0.971661 0
-2.824 -32.0224 0.973294 0
19.96 -32.8064 0.958758 0
49.248 -22.2864 0.904581 0
50.696 -30.8768 0.992557 0
-19.072 -34.976 0.951763 0
6.39199 -25.7728 0.893692 0
10.176 -36.1808 0.971421 0
26.248 -36.176 0.970734 0
-3.76 -37.1936 0.978124 0
-10.496 31.0032 1.36476e-24 3
23.432 24.0624 1.05078e-19 3
24.944 36.3968 2.6095e-29 3
48.056 34.8624 1.59031e-28 3
-12.848 33.7824 9.95911e-27 3
0.831986 26.0496 6.89876e-21 3
27.28 30.8384 6.04002e-25 3
-7.144 37.0096 2.47175e-29 3
-11.168 33.688 1.13623e-26 3
10.088 32.5168 5.57353e-26 3
-6.176 18.0912 2.43357e-15 1
-32.76 26.5552 6.33351e-21 3
23.832 21.4672 7.45104e-18 2
6.528 25.3568 2.03316e-20 3
-11.328 37.2 1.91582e-29 3
-0.176012 27.912 2.72362e-22 3
4.41599 21.3776 1.65149e-17 3
-68.232 33.4672 8.65074e-26 3
38.488 25.9872 2.43665e-21 3
20.84 27.8368 1.64377e-22 3
69.536 35.5712 1.39881e-29 3
-44.08 26.488 1.1158e-20 3
9.232 34.496 1.58262e-27 3
18.664 29.3728 1.16109e-23 3
-6.152 10.176 7.45204e-11 1
-32 37.9792 9.99531e-30 3
5.93599 29.1024 2.89924e-23 3
-0.743998 24.8944 5.11282e-20 3
-1.912 37.3968 1.08223e-29 3
7.528 31.7312 2.50345e-25 3
-6.112 36.6384 4.77647e-29 3
-30.752 20.2288 1.67381e-16 1
-42.168 28.2944 4.53511e-22 3
-27.184 22.3216 5.27889e-18 1
56.088 30.2864 5.06862e-25 3
-42.776 26.008 2.45313e-20 3
15.24 29.944 4.74805e-24 3
28.96 31.0448 3.90074e-25 3
-13.08 26.5232 3.49763e-21 3
-8.56 29.0176 4.39627e-23 3
68.4 25.904 8.74609e-22 3
-56.672 36.576 2.80994e-28 3
-47.816 20.9072 1.7344e-16 3
59.472 31.1344 9.04548e-26 3
31.464 46.3792 1.47892e-37 3
75.192 35.952 4.97668e-30 3
47.944 16.3232 2.25148e-14 2
-18.656 35.9616 2.27185e-28 3
6.632 29.8288 7.79525e-24 3
-22.296 33.8016 1.27417e-26 3
