1.5952 25.4112 1.05853e-20 3
-2.7952 13.6512 7.5956e-13 1
2.6768 6.0192 5.51358e-09 2
-1.0672 -30.768 0.971121 0
-6.8256 13.4736 8.75098e-13 1
7.064 33.1536 8.4058e-27 3
3.9104 -27.8208 0.94541 0
4.96 1.5744 4.4223e-07 2
7.6848 -19.5504 0.480227 2
-1.3344 -4.40641 0.000112138 2
6.0576 29.5008 6.68782e-24 3
3.5616 26.9232 7.14833e-22 3
7.2368 -7.7664 0.000999206 2
-6.6976 20.5392 3.58744e-17 1
1.8384 3.0624 1.20193e-07 2
-4.8288 41.472 1.95791e-33 3
-8.12 4.7136 2.32494e-08 1
-5.5664 7.5888 1.0893e-09 1
2.4144 22.4448 1.66642e-18 3
5.728 -3.696 4.61975e-05 2
-5.464 -2.04 1.58839e-05 1
-6.384 3.11999 1.2421e-07 1
0.294401 -1.3152 7.78915e-06 2
12.6752 -8.5488 0.00135683 2
-0.491203 3.984 5.12437e-08 2
4.8576 -7.4112 0.000873913 2
2.6512 21.6864 5.82606e-18 3
-0.595203 -3.1392 3.86667e-05 2
3.7792 1.5216 4.93799e-07 2
5.4608 4.5984 2.14406e-08 2
0.7216 18.96 4.46583e-16 2
-1.1152 -0.148802 2.83974e-06 2
4.7776 29.76 4.33224e-24 3
-3.5216 14.8992 1.44575e-13 1
1.4544 10.6512 3.07802e-11 2
-3.0672 -11.3136 0.0166628 2
-0.441601 20.9808 1.88533e-17 3
-4.0288 17.3568 4.65456e-15 1
6.2784 -9.0576 0.00262118 2
-5.376 -3.744 6.75234e-05 1
-1.7296 3.312 1.03649e-07 2
3.7584 24.2688 7.37901e-20 3
5.6672 -9.57599 0.0038591 2
16.568 20.6016 2.17575e-17 2
8.5872 14.208 2.7882e-13 2
1.9408 -24.9504 0.89653 0
-3.3936 4.9728 1.90581e-08 2
-1.0352 -14.5152 0.0988907 2
-7.4432 1.9488 3.87518e-07 1
2.8 -2.44801 1.88096e-05 2
22.6096 24.0864 5.77639e-20 3
22.1888 35.0208 1.57902e-28 3
43.3552 -27.3168 0.96277 0
25.0128 -15.0672 0.0643864 2
21.2336 34.9872 1.74195e-28 3
17.704 22.3152 1.31701e-18 3
23.144 -17.4336 0.191183 2
23.5168 -11.0928 0.00615538 2
13.3712 -0.792 2.60076e-06 2
31.4736 18.072 8.03461e-16 2
26.08 2.2992 1.12564e-07 2
30.1376 -1.68 4.85411e-06 2
29.824 4.6848 1.05658e-08 2
31.6512 0.475199 7.07349e-07 2
17.816 -22.752 0.706746 0
25.9456 -1.9104 5.59697e-06 2
30.8032 -26.1312 0.894232 0
14.704 -3.7104 3.06551e-05 2
19.5216 3.8208 2.61195e-08 2
34.4 4.17118 2.03582e-08 2
31.624 4.5312 1.28853e-08 2
25.216 -13.5168 0.0275065 2
31.7904 -10.9152 0.00633907 2
15.9488 -5.16 9.52279e-05 2
16.9088 7.1568 8.33681e-10 2
12.752 21.552 5.42455e-18 3
16.5776 30.8592 4.08569e-25 3
32.976 5.304 5.95734e-09 2
30.5472 8.54399 1.61116e-10 2
28.6592 14.2608 1.52953e-13 2
26.88 0.503998 6.31662e-07 2
24.6784 17.616 1.59364e-15 2
29.5856 25.3296 5.54248e-21 3
23.6672 6.984 8.80213e-10 2
22.8976 -29.8512 0.945335 0
19.5232 10.2624 2.28977e-11 2
27.0224 -6.8304 0.000315067 2
30.7328 4.2048 1.76748e-08 2
18.752 20.6448 1.89752e-17 2
24.728 -3.94561 3.15082e-05 2
26.0384 3.792 2.53802e-08 2
22.5504 -3.0096 1.44478e-05 2
35.3088 5.54879 4.9825e-09 2
39.2896 4.4448 1.91972e-08 2
20.8752 -20.0352 0.442263 2
24.464 -15.648 0.0860894 2
29.8304 -34.6608 0.975297 0
28.9312 -1.6128 4.46362e-06 2
19.3504 -8.5056 0.00109114 2
26.3136 -31.2528 0.959073 0
-24.1776 1.008 7.60722e-07 1
-14.9232 -10.1808 0.00607562 1
-32.664 -12.0672 0.0230074 1
-22.7248 2.9664 1.11081e-07 1
-38.4464 -17.544 0.377263 1
-22.2448 -11.0064 0.00891826 1
-29.648 -22.2864 0.670141 0
-23.5984 10.8144 2.04396e-11 1
-22.6016 -33.8496 0.932616 0
-22.5968 -2.6208 1.89378e-05 1
-23.5024 -18.1776 0.284626 1
-13.9808 -11.232 0.0122484 1
-27.6896 0.0911987 2.00748e-06 1
-16.1056 23.5056 2.80327e-19 1
-21.0384 -5.256 0.000159827 1
-21.2224 -26.9184 0.869279 0
-14.5152 -42.6432 0.90656 0
-16.1888 22.7184 1.01501e-18 1
-15.328 21.0816 1.37655e-17 1
-39.3824 9.3312 4.20403e-10 1
-27.2064 14.8272 1.50467e-13 1
-25.0944 -12.3504 0.0202573 1
-29.5936 -11.6304 0.0151659 1
-18.6896 6.8304 1.88624e-09 1
-29.9776 5.3856 1.26292e-08 1
-25.3232 5.4864 8.96108e-09 1
-28.5376 13.4112 1.02913e-12 1
-20.1536 -8.3376 0.00155766 1
-27.4016 17.8224 2.44699e-15 1
-19.88 11.0448 1.44075e-11 1
-17.1696 -18.4512 0.337258 1
-31.9344 -19.824 0.486593 1
-30.5824 10.5024 4.28965e-11 1
-29.0816 15.1344 1.12222e-13 1
-23.7472 -5.1696 0.000152033 1
-15.3872 43.5888 3.70018e-35 3
-27.6896 -37.8192 0.917611 0
-36.4128 11.9616 1.27418e-11 1
-23.8032 18.4176 8.78053e-16 1
-24.9984 9.768 7.44684e-11 1
-29.5696 18.8688 6.06809e-16 1
-26.68 5.0544 1.49026e-08 1
-28.728 5.3424 1.22316e-08 1
-26.744 5.45279 9.83389e-09 1
-17.0272 6.84 1.88777e-09 1
-22.4816 -14.064 0.050867 1
-17.0208 -3.4704 3.97941e-05 1
-21.6112 -2.2032 1.3168e-05 1
-30.9456 -3.4992 5.30012e-05 1
-22.6288 6.5952 2.52471e-09 1
-67.224 -30.4176 0.99967 0
-27.768 -26.2064 0.84628 0
-20.808 -32.4816 0.932984 0
-21.128 -20.6672 0.525748 0
-1.504 -31.6496 0.974233 0
-14.4 -19.84 0.50516 0
-29.808 -21.8976 0.643145 0
-7.896 -18.3328 0.419847 0
-16.304 -26.3888 0.878261 0
7.976 -18.6272 0.375933 2
8.672 -27.2064 0.925051 0
-28.016 -28.3088 0.891098 0
37.232 -27.9408 0.950195 0
10.4 -30.4576 0.958427 0
6.79998 -39.6592 0.977907 0
-36.32 -29.0688 0.927976 0
-10.944 -32.744 0.962569 0
30.16 -32.4272 0.96914 0
-19.776 -29.6112 0.916641 0
16.32 -17.32 0.192838 2
-11.92 -26.904 0.912595 0
9.408 -29.0992 0.948653 0
0.824003 -28.1088 0.952967 0
-9.25601 -33.36 0.968079 0
-5.184 -37.0528 0.977043 0
20.328 -24.3888 0.805662 0
-13.496 -25.4672 0.871079 0
4.912 -26.888 0.929961 0
-18.384 -28.5808 0.909039 0
-13.656 -21.5456 0.669011 0
-18.888 -29.3152 0.916268 0
12.52 -32.5328 0.967076 0
-99 -23.9872 1 0
12.128 -22.9616 0.749254 0
-64.528 -32.5216 0.999367 0
8.008 -26.376 0.910785 0
-10.008 -37.8272 0.965288 0
-8.35201 -34.0864 0.971068 0
-31.408 -31.8832 0.929048 0
-21.344 -22.7408 0.691776 0
8.376 -39.272 0.977388 0
-2.824 -32.0224 0.974767 0
19.96 -32.8064 0.964599 0
49.248 -22.2864 0.897787 0
50.696 -30.8768 0.991935 0
-19.072 -34.976 0.941079 0
6.39199 -25.7728 0.902355 0
10.176 -36.1808 0.976623 0
26.248 -36.176 0.974795 0
-3.76 -37.1936 0.9788 0
-10.496 31.0032 5.93116e-25 3
23.432 24.0624 5.88614e-20 3
24.944 36.3968 1.09573e-29 3
48.056 34.8624 7.55835e-29 3
-12.848 33.7824 3.96841e-27 3
0.831986 26.0496 3.50571e-21 3
27.28 30.8384 2.93527e-25 3
-7.144 37.0096 9.29293e-30 3
-11.168 33.688 4.5833e-27 3
10.088 32.5168 2.45882e-26 3
-6.176 18.0912 1.51718e-15 1
-32.76 26.5552 2.79009e-21 3
23.832 21.4672 4.47172e-18 3
6.528 25.3568 1.04867e-20 3
-11.328 37.2 6.99103e-30 3
-0.176012 27.912 1.32258e-22 3
4.41599 21.3776 9.34247e-18 3
-68.232 33.4672 3.10119e-26 3
38.488 25.9872 1.36218e-21 3
20.84 27.8368 8.34952e-23 3
69.536 35.5712 7.19133e-30 3
-44.08 26.488 4.91984e-21 3
9.232 34.496 6.63561e-28 3
18.664 29.3728 5.65214e-24 3
-6.152 10.176 5.3809e-11 1
-32 37.9792 3.24214e-30 3
5.93599 29.1024 1.37563e-23 3
-0.743998 24.8944 2.67315e-20 3
-1.912 37.3968 4.11312e-30 3
7.528 31.7312 1.1199e-25 3
-6.112 36.6384 1.82362e-29 3
-30.752 20.2288 8.40154e-17 1
-42.168 28.2944 1.92049e-22 3
-27.184 22.3216 2.56197e-18 1
56.088 30.2864 2.74254e-25 3
-42.776 26.008 1.09337e-20 3
15.24 29.944 2.25497e-24 3
28.96 31.0448 1.89773e-25 3
-13.08 26.5232 1.67581e-21 3
-8.56 29.0176 2.02921e-23 3
68.4 25.904 5.35063e-22 3
-56.672 36.576 9.30167e-29 3
-47.816 20.9072 8.58109e-17 3
59.472 31.1344 4.88117e-26 3
31.464 46.3792 4.88451e-38 3
75.192 35.952 2.60861e-30 3
47.944 16.3232 1.60403e-14 2
-18.656 35.9616 8.21764e-29 3
6.632 29.8288 3.6407e-24 3
-22.296 33.8016 4.8208e-27 3
