1.5952 25.4112 2.10998e-17 3
-2.7952 13.6512 9.66859e-11 1
2.6768 6.0192 1.43223e-07 2
-1.0672 -30.768 0.980564 0
-6.8256 13.4736 1.10582e-10 1
7.064 33.1536 1.52644e-22 3
3.9104 -27.8208 0.965919 0
4.96 1.5744 5.25495e-06 2
7.6848 -19.5504 0.619198 0
-1.3344 -4.40641 0.000489732 2
6.0576 29.5008 4.18085e-20 3
3.5616 26.9232 2.15428e-18 3
7.2368 -7.7664 0.00347486 2
-6.6976 20.5392 2.20945e-14 3
1.8384 3.0624 1.75021e-06 2
-4.8288 41.472 5.20378e-28 3
-8.12 4.7136 4.78812e-07 1
-5.5664 7.5888 3.79507e-08 1
2.4144 22.4448 1.51422e-15 3
5.728 -3.696 0.000250808 2
-5.464 -2.04 9.86749e-05 2
-6.384 3.11999 1.83698e-06 1
0.294401 -1.3152 5.34803e-05 2
12.6752 -8.5488 0.00486062 2
-0.491203 3.984 8.59848e-07 2
4.8576 -7.4112 0.00297974 2
2.6512 21.6864 4.39413e-15 3
-0.595203 -3.1392 0.000201594 2
3.7792 1.5216 5.67815e-06 2
5.4608 4.5984 4.4496e-07 2
0.7216 18.96 1.7994e-13 3
-1.1152 -0.148802 2.30932e-05 2
4.7776 29.76 2.93343e-20 3
-3.5216 14.8992 2.42631e-11 1
1.4544 10.6512 2.08641e-09 2
-3.0672 -11.3136 0.0340174 2
-0.441601 20.9808 1.20737e-14 3
-4.0288 17.3568 1.34213e-12 1
6.2784 -9.0576 0.00783087 2
-5.376 -3.744 0.000328723 2
-1.7296 3.312 1.52541e-06 2
3.7584 24.2688 1.07177e-16 3
5.6672 -9.57599 0.0108084 2
16.568 20.6016 1.41119e-14 3
8.5872 14.208 4.73316e-11 2
1.9408 -24.9504 0.924672 0
-3.3936 4.9728 3.84769e-07 2
-1.0352 -14.5152 0.155375 2
-7.4432 1.9488 4.75849e-06 1
2.8 -2.44801 0.000113882 2
22.6096 24.0864 8.07143e-17 3
22.1888 35.0208 4.79244e-24 3
43.3552 -27.3168 0.983524 0
25.0128 -15.0672 0.148012 2
21.2336 34.9872 5.24644e-24 3
17.704 22.3152 1.22954e-15 3
23.144 -17.4336 0.357475 2
23.5168 -11.0928 0.0190491 2
13.3712 -0.792 2.43381e-05 2
31.4736 18.072 2.69209e-13 3
26.08 2.2992 1.70849e-06 2
30.1376 -1.68 3.78715e-05 2
29.824 4.6848 2.31245e-07 2
31.6512 0.475199 7.34813e-06 2
17.816 -22.752 0.842891 0
25.9456 -1.9104 4.46384e-05 2
30.8032 -26.1312 0.956453 0
14.704 -3.7104 0.000193307 2
19.5216 3.8208 5.42198e-07 2
34.4 4.17118 3.67969e-07 2
31.624 4.5312 2.64708e-07 2
25.216 -13.5168 0.0709941 2
31.7904 -10.9152 0.0185756 2
15.9488 -5.16 0.00050779 2
16.9088 7.1568 3.31821e-08 2
12.752 21.552 4.21864e-15 3
16.5776 30.8592 3.7122e-21 3
32.976 5.304 1.37107e-07 2
30.5472 8.54399 7.45331e-09 2
28.6592 14.2608 2.53994e-11 2
26.88 0.503998 7.09928e-06 2
24.6784 17.616 5.5854e-13 2
29.5856 25.3296 1.01697e-17 3
23.6672 6.984 3.28438e-08 2
22.8976 -29.8512 0.982318 0
19.5232 10.2624 1.76921e-09 2
27.0224 -6.8304 0.00138678 2
30.7328 4.2048 3.48335e-07 2
18.752 20.6448 1.24228e-14 3
24.728 -3.94561 0.000194831 2
26.0384 3.792 5.00075e-07 2
22.5504 -3.0096 0.000101793 2
35.3088 5.54879 1.13334e-07 2
39.2896 4.4448 3.17665e-07 2
20.8752 -20.0352 0.641718 0
24.464 -15.648 0.189016 2
29.8304 -34.6608 0.995101 0
28.9312 -1.6128 3.57923e-05 2
19.3504 -8.5056 0.00417905 2
26.3136 -31.2528 0.988481 0
-24.1776 1.008 1.122e-05 1
-14.9232 -10.1808 0.0191758 1
-32.664 -12.0672 0.0831912 1
-22.7248 2.9664 2.19984e-06 1
-38.4464 -17.544 0.644086 0
-22.2448 -11.0064 0.0324859 1
-29.648 -22.2864 0.850029 0
-23.5984 10.8144 1.67974e-09 1
-22.6016 -33.8496 0.979319 0
-22.5968 -2.6208 0.000167119 1
-23.5024 -18.1776 0.511882 0
-13.9808 -11.232 0.0338314 1
-27.6896 0.0911987 2.60707e-05 1
-16.1056 23.5056 4.0058e-16 3
-21.0384 -5.256 0.00100074 1
-21.2224 -26.9184 0.940958 0
-14.5152 -42.6432 0.980348 0
-16.1888 22.7184 1.18639e-15 3
-15.328 21.0816 1.06951e-14 1
-39.3824 9.3312 1.86766e-08 1
-27.2064 14.8272 2.68973e-11 1
-25.0944 -12.3504 0.0690246 1
-29.5936 -11.6304 0.0572089 1
-18.6896 6.8304 7.09685e-08 1
-29.9776 5.3856 3.61227e-07 1
-25.3232 5.4864 2.70813e-07 1
-28.5376 13.4112 1.3418e-10 1
-20.1536 -8.3376 0.00691012 1
-27.4016 17.8224 8.29429e-13 1
-19.88 11.0448 1.24861e-09 1
-17.1696 -18.4512 0.520328 0
-31.9344 -19.824 0.733176 0
-30.5824 10.5024 3.03287e-09 1
-29.0816 15.1344 2.0626e-11 1
-23.7472 -5.1696 0.00100372 1
-15.3872 43.5888 2.49846e-29 3
-27.6896 -37.8192 0.983933 0
-36.4128 11.9616 1.01579e-09 1
-23.8032 18.4176 3.5907e-13 1
-24.9984 9.768 4.93796e-09 1
-29.5696 18.8688 2.49285e-13 1
-26.68 5.0544 4.15983e-07 1
-28.728 5.3424 3.52479e-07 1
-26.744 5.45279 2.93517e-07 1
-17.0272 6.84 6.98075e-08 1
-22.4816 -14.064 0.141129 1
-17.0208 -3.4704 0.000281983 1
-21.6112 -2.2032 0.000121041 1
-30.9456 -3.4992 0.000431932 1
-22.6288 6.5952 9.30085e-08 1
-67.224 -30.4176 0.999807 0
-27.768 -26.2064 0.939644 0
-20.808 -32.4816 0.976189 0
-21.128 -20.6672 0.720878 0
-1.504 -31.6496 0.983135 0
-14.4 -19.84 0.65118 0
-29.808 -21.8976 0.834445 0
-7.896 -18.3328 0.516707 0
-16.304 -26.3888 0.933635 0
7.976 -18.6272 0.521389 0
8.672 -27.2064 0.960589 0
-28.016 -28.3088 0.961139 0
37.232 -27.9408 0.98092 0
10.4 -30.4576 0.982825 0
6.79998 -39.6592 0.994648 0
-36.32 -29.0688 0.97809 0
-10.944 -32.744 0.980123 0
30.16 -32.4272 0.992263 0
-19.776 -29.6112 0.964469 0
16.32 -17.32 0.349011 2
-11.92 -26.904 0.944047 0
9.408 -29.0992 0.97609 0
0.824003 -28.1088 0.967114 0
-9.25601 -33.36 0.982446 0
-5.184 -37.0528 0.988811 0
20.328 -24.3888 0.907992 0
-13.496 -25.4672 0.919768 0
4.912 -26.888 0.9567 0
-18.384 -28.5808 0.957427 0
-13.656 -21.5456 0.77609 0
-18.888 -29.3152 0.962659 0
12.52 -32.5328 0.989205 0
-99 -23.9872 1 0
12.128 -22.9616 0.856116 0
-64.528 -32.5216 0.999731 0
8.008 -26.376 0.95023 0
-10.008 -37.8272 0.986281 0
-8.35201 -34.0864 0.984228 0
-31.408 -31.8832 0.98039 0
-21.344 -22.7408 0.837912 0
8.376 -39.272 0.994949 0
-2.824 -32.0224 0.983409 0
19.96 -32.8064 0.99074 0
49.248 -22.2864 0.931905 0
50.696 -30.8768 0.996738 0
-19.072 -34.976 0.980865 0
6.39199 -25.7728 0.940885 0
10.176 -36.1808 0.993761 0
26.248 -36.176 0.995749 0
-3.76 -37.1936 0.989655 0
-10.496 31.0032 6.62165e-21 3
23.432 24.0624 8.13893e-17 3
24.944 36.3968 4.9614e-25 3
48.056 34.8624 2.07088e-24 3
-12.848 33.7824 1.03925e-22 3
0.831986 26.0496 8.37878e-18 3
27.28 30.8384 2.57784e-21 3
-7.144 37.0096 6.15471e-25 3
-11.168 33.688 1.14879e-22 3
10.088 32.5168 3.66626e-22 3
-6.176 18.0912 5.27745e-13 1
-32.76 26.5552 8.36761e-18 3
23.832 21.4672 3.3773e-15 3
6.528 25.3568 2.03637e-17 3
-11.328 37.2 5.17557e-25 3
-0.176012 27.912 5.39909e-19 3
4.41599 21.3776 6.58028e-15 3
-68.232 33.4672 9.21867e-22 3
38.488 25.9872 2.79255e-18 3
20.84 27.8368 3.18063e-19 3
69.536 35.5712 2.48527e-25 3
-44.08 26.488 1.42136e-17 3
9.232 34.496 1.77815e-23 3
18.664 29.3728 3.33759e-20 3
-6.152 10.176 3.26986e-09 1
-32 37.9792 3.02835e-25 3
5.93599 29.1024 7.6667e-20 3
-0.743998 24.8944 4.69496e-17 3
-1.912 37.3968 2.86442e-25 3
7.528 31.7312 1.3356e-21 3
-6.112 36.6384 1.06216e-24 3
-30.752 20.2288 4.64528e-14 1
-42.168 28.2944 9.506e-19 3
-27.184 22.3216 2.55128e-15 3
56.088 30.2864 1.91644e-21 3
-42.776 26.008 2.71073e-17 3
15.24 29.944 1.57677e-20 3
28.96 31.0448 1.75925e-21 3
-13.08 26.5232 5.2811e-18 3
-8.56 29.0176 1.24212e-19 3
68.4 25.904 1.02083e-18 3
-56.672 36.576 6.25155e-24 3
-47.816 20.9072 4.56286e-14 3
59.472 31.1344 4.40798e-22 3
31.464 46.3792 4.18125e-32 3
75.192 35.952 1.02373e-25 3
47.944 16.3232 2.15019e-12 3
-18.656 35.9616 4.33452e-24 3
6.632 29.8288 2.49866e-20 3
-22.296 33.8016 1.30985e-22 3
