1.5952 25.4112 1.94545e-20 3
-2.7952 13.6512 1.07607e-12 1
2.6768 6.0192 7.31974e-09 2
-1.0672 -30.768 0.968981 0
-6.8256 13.4736 1.24138e-12 1
7.064 33.1536 1.81583e-26 3
3.9104 -27.8208 0.940677 0
4.96 1.5744 5.60794e-07 2
7.6848 -19.5504 0.47732 2
-1.3344 -4.40641 0.000131408 2
6.0576 29.5008 1.33641e-23 3
3.5616 26.9232 1.3564e-21 3
7.2368 -7.7664 0.00113133 2
-6.6976 20.5392 5.91772e-17 1
1.8384 3.0624 1.54078e-07 2
-4.8288 41.472 5.34279e-33 3
-8.12 4.7136 2.95491e-08 1
-5.5664 7.5888 1.42572e-09 1
2.4144 22.4448 2.86628e-18 3
5.728 -3.696 5.50448e-05 2
-5.464 -2.04 1.88466e-05 1
-6.384 3.11999 1.54905e-07 1
0.294401 -1.3152 9.47625e-06 2
12.6752 -8.5488 0.00149705 2
-0.491203 3.984 6.56742e-08 2
4.8576 -7.4112 0.000997739 2
2.6512 21.6864 9.8507e-18 3
-0.595203 -3.1392 4.60125e-05 2
3.7792 1.5216 6.2524e-07 2
5.4608 4.5984 2.81645e-08 2
0.7216 18.96 7.05644e-16 1
-1.1152 -0.148802 3.47855e-06 2
4.7776 29.76 8.71796e-24 3
-3.5216 14.8992 2.08785e-13 1
1.4544 10.6512 4.27419e-11 2
-3.0672 -11.3136 0.0181716 2
-0.441601 20.9808 3.11945e-17 3
-4.0288 17.3568 7.05488e-15 1
6.2784 -9.0576 0.00292858 2
-5.376 -3.744 7.88642e-05 1
-1.7296 3.312 1.31163e-07 2
3.7584 24.2688 1.32326e-19 3
5.6672 -9.57599 0.00428991 2
16.568 20.6016 3.52139e-17 2
8.5872 14.208 4.11998e-13 2
1.9408 -24.9504 0.891581 0
-3.3936 4.9728 2.436e-08 1
-1.0352 -14.5152 0.10411 2
-7.4432 1.9488 4.77758e-07 1
2.8 -2.44801 2.27383e-05 2
22.6096 24.0864 9.87024e-20 3
22.1888 35.0208 3.42328e-28 3
43.3552 -27.3168 0.962043 0
25.0128 -15.0672 0.0647022 2
21.2336 34.9872 3.78499e-28 3
17.704 22.3152 2.20455e-18 3
23.144 -17.4336 0.188819 2
23.5168 -11.0928 0.00642508 2
13.3712 -0.792 3.13272e-06 2
31.4736 18.072 1.14997e-15 2
26.08 2.2992 1.33363e-07 2
30.1376 -1.68 5.48275e-06 2
29.824 4.6848 1.26841e-08 2
31.6512 0.475199 8.13095e-07 2
17.816 -22.752 0.69376 0
25.9456 -1.9104 6.35876e-06 2
30.8032 -26.1312 0.886986 0
14.704 -3.7104 3.54893e-05 2
19.5216 3.8208 3.22825e-08 2
34.4 4.17118 2.41032e-08 2
31.624 4.5312 1.53802e-08 2
25.216 -13.5168 0.0280204 2
31.7904 -10.9152 0.00660638 2
15.9488 -5.16 0.000107917 2
16.9088 7.1568 1.08568e-09 2
12.752 21.552 9.10338e-18 3
16.5776 30.8592 8.21219e-25 3
32.976 5.304 7.14313e-09 2
30.5472 8.54399 2.00627e-10 2
28.6592 14.2608 2.05445e-13 2
26.88 0.503998 7.33285e-07 2
24.6784 17.616 2.31541e-15 2
29.5856 25.3296 9.53811e-21 3
23.6672 6.984 1.10629e-09 2
22.8976 -29.8512 0.938712 0
19.5232 10.2624 3.05384e-11 2
27.0224 -6.8304 0.000340788 2
30.7328 4.2048 2.10728e-08 2
18.752 20.6448 3.04206e-17 2
24.728 -3.94561 3.51842e-05 2
26.0384 3.792 3.05398e-08 2
22.5504 -3.0096 1.63827e-05 2
35.3088 5.54879 5.96493e-09 2
39.2896 4.4448 2.27007e-08 2
20.8752 -20.0352 0.432871 2
24.464 -15.648 0.0861074 2
29.8304 -34.6608 0.971836 0
28.9312 -1.6128 5.05438e-06 2
19.3504 -8.5056 0.00117915 2
26.3136 -31.2528 0.953909 0
-24.1776 1.008 1.00548e-06 1
-14.9232 -10.1808 0.00696922 1
-32.664 -12.0672 0.0270819 1
-22.7248 2.9664 1.49539e-07 1
-38.4464 -17.544 0.404481 1
-22.2448 -11.0064 0.0105439 1
-29.648 -22.2864 0.701185 0
-23.5984 10.8144 3.10078e-11 1
-22.6016 -33.8496 0.943099 0
-22.5968 -2.6208 2.39401e-05 1
-23.5024 -18.1776 0.31528 1
-13.9808 -11.232 0.0138778 1
-27.6896 0.0911987 2.64666e-06 1
-16.1056 23.5056 5.24926e-19 1
-21.0384 -5.256 0.000196058 1
-21.2224 -26.9184 0.884743 0
-14.5152 -42.6432 0.923276 0
-16.1888 22.7184 1.86901e-18 1
-15.328 21.0816 2.42911e-17 1
-39.3824 9.3312 6.22365e-10 1
-27.2064 14.8272 2.49383e-13 1
-25.0944 -12.3504 0.0239064 1
-29.5936 -11.6304 0.0180189 1
-18.6896 6.8304 2.61688e-09 1
-29.9776 5.3856 1.78833e-08 1
-25.3232 5.4864 1.25981e-08 1
-28.5376 13.4112 1.66508e-12 1
-20.1536 -8.3376 0.0018592 1
-27.4016 17.8224 4.31446e-15 1
-19.88 11.0448 2.14886e-11 1
-17.1696 -18.4512 0.364381 1
-31.9344 -19.824 0.521783 0
-30.5824 10.5024 6.59818e-11 1
-29.0816 15.1344 1.88087e-13 1
-23.7472 -5.1696 0.000188478 1
-15.3872 43.5888 1.16035e-34 3
-27.6896 -37.8192 0.93223 0
-36.4128 11.9616 2.00362e-11 1
-23.8032 18.4176 1.54434e-15 1
-24.9984 9.768 1.1167e-10 1
-29.5696 18.8688 1.0996e-15 1
-26.68 5.0544 2.09022e-08 1
-28.728 5.3424 1.72906e-08 1
-26.744 5.45279 1.38732e-08 1
-17.0272 6.84 2.59103e-09 1
-22.4816 -14.064 0.0589116 1
-17.0208 -3.4704 4.8587e-05 1
-21.6112 -2.2032 1.66491e-05 1
-30.9456 -3.4992 6.72504e-05 1
-22.6288 6.5952 3.56813e-09 1
-67.224 -30.4176 0.999516 0
-27.768 -26.2064 0.864851 0
-20.808 -32.4816 0.942666 0
-21.128 -20.6672 0.559469 0
-1.504 -31.6496 0.972353 0
-14.4 -19.84 0.529776 0
-29.808 -21.8976 0.675457 0
-7.896 -18.3328 0.432897 0
-16.304 -26.3888 0.890095 0
7.976 -18.6272 0.375439 2
8.672 -27.2064 0.91817 0
-28.016 -28.3088 0.905323 0
37.232 -27.9408 0.947315 0
10.4 -30.4576 0.952897 0
6.79998 -39.6592 0.972987 0
-36.32 -29.0688 0.935946 0
-10.944 -32.744 0.965491 0
30.16 -32.4272 0.965376 0
-19.776 -29.6112 0.927227 0
16.32 -17.32 0.191836 2
-11.92 -26.904 0.918564 0
9.408 -29.0992 0.942711 0
0.824003 -28.1088 0.949551 0
-9.25601 -33.36 0.969926 0
-5.184 -37.0528 0.976967 0
20.328 -24.3888 0.793226 0
-13.496 -25.4672 0.880934 0
4.912 -26.888 0.924383 0
-18.384 -28.5808 0.919671 0
-13.656 -21.5456 0.688847 0
-18.888 -29.3152 0.926512 0
12.52 -32.5328 0.961864 0
-99 -23.9872 1 0
12.128 -22.9616 0.738344 0
-64.528 -32.5216 0.999137 0
8.008 -26.376 0.903597 0
-10.008 -37.8272 0.968578 0
-8.35201 -34.0864 0.97242 0
-31.408 -31.8832 0.939012 0
-21.344 -22.7408 0.720155 0
8.376 -39.272 0.972279 0
-2.824 -32.0224 0.973404 0
19.96 -32.8064 0.959092 0
49.248 -22.2864 0.901609 0
50.696 -30.8768 0.992129 0
-19.072 -34.976 0.950079 0
6.39199 -25.7728 0.895502 0
10.176 -36.1808 0.97201 0
26.248 -36.176 0.970572 0
-3.76 -37.1936 0.97803 0
-10.496 31.0032 1.27453e-24 3
23.432 24.0624 1.0023e-19 3
24.944 36.3968 2.43333e-29 3
48.056 34.8624 1.50768e-28 3
-12.848 33.7824 9.21798e-27 3
0.831986 26.0496 6.53554e-21 3
27.28 30.8384 5.70716e-25 3
-7.144 37.0096 2.28031e-29 3
-11.168 33.688 1.05349e-26 3
10.088 32.5168 5.20719e-26 3
-6.176 18.0912 2.35133e-15 1
-32.76 26.5552 5.87275e-21 3
23.832 21.4672 7.14621e-18 2
6.528 25.3568 1.92348e-20 3
-11.328 37.2 1.76045e-29 3
-0.176012 27.912 2.57065e-22 3
4.41599 21.3776 1.57302e-17 3
-68.232 33.4672 7.83276e-26 3
38.488 25.9872 2.33803e-21 3
20.84 27.8368 1.55514e-22 3
69.536 35.5712 1.34073e-29 3
-44.08 26.488 1.03467e-20 3
9.232 34.496 1.47234e-27 3
18.664 29.3728 1.09428e-23 3
-6.152 10.176 7.26736e-11 1
-32 37.9792 8.99473e-30 3
5.93599 29.1024 2.72643e-23 3
-0.743998 24.8944 4.85874e-20 3
-1.912 37.3968 9.99907e-30 3
7.528 31.7312 2.34218e-25 3
-6.112 36.6384 4.41314e-29 3
-30.752 20.2288 1.56806e-16 1
-42.168 28.2944 4.1886e-22 3
-27.184 22.3216 4.94203e-18 1
56.088 30.2864 4.8624e-25 3
-42.776 26.008 2.27682e-20 3
15.24 29.944 4.46322e-24 3
28.96 31.0448 3.68814e-25 3
-13.08 26.5232 3.29523e-21 3
-8.56 29.0176 4.13128e-23 3
68.4 25.904 8.4836e-22 3
-56.672 36.576 2.52702e-28 3
-47.816 20.9072 1.62536e-16 3
59.472 31.1344 8.68119e-26 3
31.464 46.3792 1.22751e-37 3
75.192 35.952 4.78397e-30 3
47.944 16.3232 2.22426e-14 2
-18.656 35.9616 2.07838e-28 3
6.632 29.8288 7.32013e-24 3
-22.296 33.8016 1.16862e-26 3
