1.5952 25.4112 2.03461e-20 3
-2.7952 13.6512 1.10341e-12 1
2.6768 6.0192 7.48452e-09 2
-1.0672 -30.768 0.968714 0
-6.8256 13.4736 1.27132e-12 1
7.064 33.1536 1.92526e-26 3
3.9104 -27.8208 0.93979 0
4.96 1.5744 5.69966e-07 2
7.6848 -19.5504 0.474585 2
-1.3344 -4.40641 0.000132679 2
6.0576 29.5008 1.40829e-23 3
3.5616 26.9232 1.42298e-21 3
7.2368 -7.7664 0.00113367 2
-6.6976 20.5392 6.12082e-17 1
1.8384 3.0624 1.56921e-07 2
-4.8288 41.472 5.75471e-33 3
-8.12 4.7136 3.00832e-08 1
-5.5664 7.5888 1.45386e-09 1
2.4144 22.4448 2.9852e-18 3
5.728 -3.696 5.55024e-05 2
-5.464 -2.04 1.90913e-05 1
-6.384 3.11999 1.57492e-07 1
0.294401 -1.3152 9.59832e-06 2
12.6752 -8.5488 0.00149606 2
-0.491203 3.984 6.69063e-08 2
4.8576 -7.4112 0.00100123 2
2.6512 21.6864 1.02506e-17 3
-0.595203 -3.1392 4.65128e-05 2
3.7792 1.5216 6.35527e-07 2
5.4608 4.5984 2.87518e-08 2
0.7216 18.96 7.30202e-16 1
-1.1152 -0.148802 3.52801e-06 2
4.7776 29.76 9.18947e-24 3
-3.5216 14.8992 2.14225e-13 1
1.4544 10.6512 4.38981e-11 2
-3.0672 -11.3136 0.0182464 2
-0.441601 20.9808 3.23431e-17 3
-4.0288 17.3568 7.2574e-15 1
6.2784 -9.0576 0.0029308 2
-5.376 -3.744 7.97893e-05 1
-1.7296 3.312 1.33473e-07 2
3.7584 24.2688 1.3829e-19 3
5.6672 -9.57599 0.00429136 2
16.568 20.6016 3.6664e-17 2
8.5872 14.208 4.26752e-13 2
1.9408 -24.9504 0.890377 0
-3.3936 4.9728 2.48092e-08 1
-1.0352 -14.5152 0.104038 2
-7.4432 1.9488 4.85473e-07 1
2.8 -2.44801 2.29892e-05 2
22.6096 24.0864 1.02774e-19 3
22.1888 35.0208 3.62659e-28 3
43.3552 -27.3168 0.962912 0
25.0128 -15.0672 0.0644671 2
21.2336 34.9872 4.01133e-28 3
17.704 22.3152 2.2983e-18 3
23.144 -17.4336 0.188016 2
23.5168 -11.0928 0.00640496 2
13.3712 -0.792 3.16007e-06 2
31.4736 18.072 1.17433e-15 2
26.08 2.2992 1.3405e-07 2
30.1376 -1.68 5.48977e-06 2
29.824 4.6848 1.27508e-08 2
31.6512 0.475199 8.14758e-07 2
17.816 -22.752 0.691725 0
25.9456 -1.9104 6.37102e-06 2
30.8032 -26.1312 0.887347 0
14.704 -3.7104 3.564e-05 2
19.5216 3.8208 3.26324e-08 2
34.4 4.17118 2.41779e-08 2
31.624 4.5312 1.54467e-08 2
25.216 -13.5168 0.0279256 2
31.7904 -10.9152 0.00660333 2
15.9488 -5.16 0.000108142 2
16.9088 7.1568 1.10498e-09 2
12.752 21.552 9.50847e-18 3
16.5776 30.8592 8.65906e-25 3
32.976 5.304 7.17337e-09 2
30.5472 8.54399 2.02241e-10 2
28.6592 14.2608 2.08843e-13 2
26.88 0.503998 7.3576e-07 2
24.6784 17.616 2.37821e-15 2
29.5856 25.3296 9.90619e-21 3
23.6672 6.984 1.1191e-09 2
22.8976 -29.8512 0.93845 0
19.5232 10.2624 3.11512e-11 2
27.0224 -6.8304 0.000340482 2
30.7328 4.2048 2.11674e-08 2
18.752 20.6448 3.16168e-17 2
24.728 -3.94561 3.52124e-05 2
26.0384 3.792 3.07388e-08 2
22.5504 -3.0096 1.64157e-05 2
35.3088 5.54879 5.98554e-09 2
39.2896 4.4448 2.27471e-08 2
20.8752 -20.0352 0.431144 2
24.464 -15.648 0.0857731 2
29.8304 -34.6608 0.972074 0
28.9312 -1.6128 5.0619e-06 2
19.3504 -8.5056 0.00117704 2
26.3136 -31.2528 0.953936 0
-24.1776 1.008 1.031e-06 1
-14.9232 -10.1808 0.00707802 1
-32.664 -12.0672 0.0274907 1
-22.7248 2.9664 1.5349e-07 1
-38.4464 -17.544 0.406333 1
-22.2448 -11.0064 0.0107351 1
-29.648 -22.2864 0.704374 0
-23.5984 10.8144 3.21227e-11 1
-22.6016 -33.8496 0.944508 0
-22.5968 -2.6208 2.44669e-05 1
-23.5024 -18.1776 0.319127 1
-13.9808 -11.232 0.0140828 1
-27.6896 0.0911987 2.71447e-06 1
-16.1056 23.5056 5.50202e-19 1
-21.0384 -5.256 0.000199976 1
-21.2224 -26.9184 0.886922 0
-14.5152 -42.6432 0.926078 0
-16.1888 22.7184 1.9563e-18 1
-15.328 21.0816 2.53267e-17 1
-39.3824 9.3312 6.46941e-10 1
-27.2064 14.8272 2.60615e-13 1
-25.0944 -12.3504 0.0243272 1
-29.5936 -11.6304 0.0183232 1
-18.6896 6.8304 2.68792e-09 1
-29.9776 5.3856 1.84602e-08 1
-25.3232 5.4864 1.29819e-08 1
-28.5376 13.4112 1.73785e-12 1
-20.1536 -8.3376 0.00189359 1
-27.4016 17.8224 4.53059e-15 1
-19.88 11.0448 2.21937e-11 1
-17.1696 -18.4512 0.368398 1
-31.9344 -19.824 0.525136 0
-30.5824 10.5024 6.86269e-11 1
-29.0816 15.1344 1.96922e-13 1
-23.7472 -5.1696 0.000192401 1
-15.3872 43.5888 1.26884e-34 3
-27.6896 -37.8192 0.933833 0
-36.4128 11.9616 2.09274e-11 1
-23.8032 18.4176 1.61803e-15 1
-24.9984 9.768 1.15649e-10 1
-29.5696 18.8688 1.15823e-15 1
-26.68 5.0544 2.15424e-08 1
-28.728 5.3424 1.78406e-08 1
-26.744 5.45279 1.43052e-08 1
-17.0272 6.84 2.65768e-09 1
-22.4816 -14.064 0.0599039 1
-17.0208 -3.4704 4.95032e-05 1
-21.6112 -2.2032 1.70132e-05 1
-30.9456 -3.4992 6.87531e-05 1
-22.6288 6.5952 3.67525e-09 1
-67.224 -30.4176 0.999483 0
-27.768 -26.2064 0.866904 0
-20.808 -32.4816 0.944062 0
-21.128 -20.6672 0.564047 0
-1.504 -31.6496 0.972148 0
-14.4 -19.84 0.533804 0
-29.808 -21.8976 0.67876 0
-7.896 -18.3328 0.434811 0
-16.304 -26.3888 0.892116 0
7.976 -18.6272 0.373055 2
8.672 -27.2064 0.916954 0
-28.016 -28.3088 0.906886 0
37.232 -27.9408 0.94803 0
10.4 -30.4576 0.952145 0
6.79998 -39.6592 0.972481 0
-36.32 -29.0688 0.93647 0
-10.944 -32.744 0.966186 0
30.16 -32.4272 0.96562 0
-19.776 -29.6112 0.928819 0
16.32 -17.32 0.190594 2
-11.92 -26.904 0.919847 0
9.408 -29.0992 0.941805 0
0.824003 -28.1088 0.948955 0
-9.25601 -33.36 0.97045 0
-5.184 -37.0528 0.977171 0
20.328 -24.3888 0.791917 0
-13.496 -25.4672 0.882827 0
4.912 -26.888 0.923272 0
-18.384 -28.5808 0.921357 0
-13.656 -21.5456 0.692311 0
-18.888 -29.3152 0.928108 0
12.52 -32.5328 0.961292 0
-99 -23.9872 1 0
12.128 -22.9616 0.735895 0
-64.528 -32.5216 0.999083 0
8.008 -26.376 0.902213 0
-10.008 -37.8272 0.969357 0
-8.35201 -34.0864 0.97286 0
-31.408 -31.8832 0.939951 0
-21.344 -22.7408 0.724033 0
8.376 -39.272 0.97177 0
-2.824 -32.0224 0.973315 0
19.96 -32.8064 0.958805 0
49.248 -22.2864 0.903985 0
50.696 -30.8768 0.992471 0
-19.072 -34.976 0.951451 0
6.39199 -25.7728 0.894045 0
10.176 -36.1808 0.971525 0
26.248 -36.176 0.970683 0
-3.76 -37.1936 0.978106 0
-10.496 31.0032 1.35006e-24 3
23.432 24.0624 1.04299e-19 3
24.944 36.3968 2.58109e-29 3
48.056 34.8624 1.57775e-28 3
-12.848 33.7824 9.837e-27 3
0.831986 26.0496 6.84073e-21 3
27.28 30.8384 5.98716e-25 3
-7.144 37.0096 2.44045e-29 3
-11.168 33.688 1.12266e-26 3
10.088 32.5168 5.51384e-26 3
-6.176 18.0912 2.42104e-15 1
-32.76 26.5552 6.25521e-21 3
23.832 21.4672 7.40214e-18 2
6.528 25.3568 2.01535e-20 3
-11.328 37.2 1.89018e-29 3
-0.176012 27.912 2.69909e-22 3
4.41599 21.3776 1.63872e-17 3
-68.232 33.4672 8.50867e-26 3
38.488 25.9872 2.4217e-21 3
20.84 27.8368 1.62946e-22 3
69.536 35.5712 1.39058e-29 3
-44.08 26.488 1.102e-20 3
9.232 34.496 1.56465e-27 3
18.664 29.3728 1.15028e-23 3
-6.152 10.176 7.42337e-11 1
-32 37.9792 9.8228e-30 3
5.93599 29.1024 2.87123e-23 3
-0.743998 24.8944 5.07251e-20 3
-1.912 37.3968 1.06882e-29 3
7.528 31.7312 2.47725e-25 3
-6.112 36.6384 4.7171e-29 3
-30.752 20.2288 1.65576e-16 1
-42.168 28.2944 4.47612e-22 3
-27.184 22.3216 5.22199e-18 1
56.088 30.2864 5.03829e-25 3
-42.776 26.008 2.42317e-20 3
15.24 29.944 4.70173e-24 3
28.96 31.0448 3.86711e-25 3
-13.08 26.5232 3.46489e-21 3
-8.56 29.0176 4.35357e-23 3
68.4 25.904 8.70952e-22 3
-56.672 36.576 2.76082e-28 3
-47.816 20.9072 1.7159e-16 3
59.472 31.1344 8.99244e-26 3
31.464 46.3792 1.4777e-37 3
75.192 35.952 4.95013e-30 3
47.944 16.3232 2.24915e-14 2
-18.656 35.9616 2.23936e-28 3
6.632 29.8288 7.71813e-24 3
-22.296 33.8016 1.25637e-26 3
