1.5952 25.4112 2.08796e-20 3
-2.7952 13.6512 1.119e-12 1
2.6768 6.0192 7.58687e-09 2
-1.0672 -30.768 0.968486 0
-6.8256 13.4736 1.2877e-12 1
7.064 33.1536 1.99301e-26 3
3.9104 -27.8208 0.939014 0
4.96 1.5744 5.75123e-07 2
7.6848 -19.5504 0.471884 2
-1.3344 -4.40641 0.000133323 2
6.0576 29.5008 1.45246e-23 3
3.5616 26.9232 1.4634e-21 3
7.2368 -7.7664 0.00113168 2
-6.6976 20.5392 6.23276e-17 1
1.8384 3.0624 1.58615e-07 2
-4.8288 41.472 6.00752e-33 3
-8.12 4.7136 3.04007e-08 1
-5.5664 7.5888 1.47017e-09 1
2.4144 22.4448 3.05682e-18 3
5.728 -3.696 5.56661e-05 2
-5.464 -2.04 1.92393e-05 1
-6.384 3.11999 1.59041e-07 1
0.294401 -1.3152 9.66466e-06 2
12.6752 -8.5488 0.0014905 2
-0.491203 3.984 6.76471e-08 2
4.8576 -7.4112 0.00100066 2
2.6512 21.6864 1.04928e-17 3
-0.595203 -3.1392 4.67728e-05 2
3.7792 1.5216 6.41375e-07 2
5.4608 4.5984 2.91082e-08 2
0.7216 18.96 7.44774e-16 1
-1.1152 -0.148802 3.55631e-06 2
4.7776 29.76 9.47824e-24 3
-3.5216 14.8992 2.17254e-13 1
1.4544 10.6512 4.46257e-11 2
-3.0672 -11.3136 0.0182719 2
-0.441601 20.9808 3.30077e-17 3
-4.0288 17.3568 7.36809e-15 1
6.2784 -9.0576 0.00292297 2
-5.376 -3.744 8.0347e-05 1
-1.7296 3.312 1.3485e-07 2
3.7584 24.2688 1.41919e-19 3
5.6672 -9.57599 0.00427873 2
16.568 20.6016 3.76124e-17 2
8.5872 14.208 4.36716e-13 2
1.9408 -24.9504 0.889265 0
-3.3936 4.9728 2.50763e-08 1
-1.0352 -14.5152 0.103787 2
-7.4432 1.9488 4.90158e-07 1
2.8 -2.44801 2.31098e-05 2
22.6096 24.0864 1.05262e-19 3
22.1888 35.0208 3.75077e-28 3
43.3552 -27.3168 0.963797 0
25.0128 -15.0672 0.0642225 2
21.2336 34.9872 4.15001e-28 3
17.704 22.3152 2.35838e-18 3
23.144 -17.4336 0.187283 2
23.5168 -11.0928 0.00637632 2
13.3712 -0.792 3.16946e-06 2
31.4736 18.072 1.18583e-15 2
26.08 2.2992 1.34027e-07 2
30.1376 -1.68 5.47586e-06 2
29.824 4.6848 1.27442e-08 2
31.6512 0.475199 8.12852e-07 2
17.816 -22.752 0.690062 0
25.9456 -1.9104 6.35792e-06 2
30.8032 -26.1312 0.887943 0
14.704 -3.7104 3.56298e-05 2
19.5216 3.8208 3.27699e-08 2
34.4 4.17118 2.41229e-08 2
31.624 4.5312 1.54268e-08 2
25.216 -13.5168 0.0278151 2
31.7904 -10.9152 0.00659209 2
15.9488 -5.16 0.000107947 2
16.9088 7.1568 1.11546e-09 2
12.752 21.552 9.77419e-18 3
16.5776 30.8592 8.93475e-25 3
32.976 5.304 7.16236e-09 2
30.5472 8.54399 2.02455e-10 2
28.6592 14.2608 2.10331e-13 2
26.88 0.503998 7.34803e-07 2
24.6784 17.616 2.41452e-15 2
29.5856 25.3296 1.01172e-20 3
23.6672 6.984 1.12398e-09 2
22.8976 -29.8512 0.938398 0
19.5232 10.2624 3.14933e-11 2
27.0224 -6.8304 0.000339347 2
30.7328 4.2048 2.11447e-08 2
18.752 20.6448 3.23858e-17 2
24.728 -3.94561 3.51195e-05 2
26.0384 3.792 3.07601e-08 2
22.5504 -3.0096 1.63844e-05 2
35.3088 5.54879 5.97188e-09 2
39.2896 4.4448 2.26715e-08 2
20.8752 -20.0352 0.429691 2
24.464 -15.648 0.0854383 2
29.8304 -34.6608 0.972424 0
28.9312 -1.6128 5.04974e-06 2
19.3504 -8.5056 0.00117208 2
26.3136 -31.2528 0.95413 0
-24.1776 1.008 1.04832e-06 1
-14.9232 -10.1808 0.00715924 1
-32.664 -12.0672 0.0277719 1
-22.7248 2.9664 1.56136e-07 1
-38.4464 -17.544 0.407365 1
-22.2448 -11.0064 0.0108762 1
-29.648 -22.2864 0.706694 0
-23.5984 10.8144 3.28583e-11 1
-22.6016 -33.8496 0.945625 0
-22.5968 -2.6208 2.48303e-05 1
-23.5024 -18.1776 0.322084 1
-13.9808 -11.232 0.0142378 1
-27.6896 0.0911987 2.76096e-06 1
-16.1056 23.5056 5.65727e-19 1
-21.0384 -5.256 0.000202734 1
-21.2224 -26.9184 0.888667 0
-14.5152 -42.6432 0.928371 0
-16.1888 22.7184 2.00979e-18 1
-15.328 21.0816 2.59504e-17 1
-39.3824 9.3312 6.64462e-10 1
-27.2064 14.8272 2.68208e-13 1
-25.0944 -12.3504 0.0246361 1
-29.5936 -11.6304 0.0185384 1
-18.6896 6.8304 2.73349e-09 1
-29.9776 5.3856 1.88562e-08 1
-25.3232 5.4864 1.32401e-08 1
-28.5376 13.4112 1.78749e-12 1
-20.1536 -8.3376 0.00191854 1
-27.4016 17.8224 4.67635e-15 1
-19.88 11.0448 2.2644e-11 1
-17.1696 -18.4512 0.371626 1
-31.9344 -19.824 0.527476 0
-30.5824 10.5024 7.04509e-11 1
-29.0816 15.1344 2.02963e-13 1
-23.7472 -5.1696 0.000195153 1
-15.3872 43.5888 1.33961e-34 3
-27.6896 -37.8192 0.935043 0
-36.4128 11.9616 2.1559e-11 1
-23.8032 18.4176 1.66638e-15 1
-24.9984 9.768 1.18306e-10 1
-29.5696 18.8688 1.19818e-15 1
-26.68 5.0544 2.19763e-08 1
-28.728 5.3424 1.82163e-08 1
-26.744 5.45279 1.45979e-08 1
-17.0272 6.84 2.69978e-09 1
-22.4816 -14.064 0.060654 1
-17.0208 -3.4704 5.0135e-05 1
-21.6112 -2.2032 1.72636e-05 1
-30.9456 -3.4992 6.97889e-05 1
-22.6288 6.5952 3.74603e-09 1
-67.224 -30.4176 0.999452 0
-27.768 -26.2064 0.868448 0
-20.808 -32.4816 0.945185 0
-21.128 -20.6672 0.567663 0
-1.504 -31.6496 0.971977 0
-14.4 -19.84 0.5371 0
-29.808 -21.8976 0.681155 0
-7.896 -18.3328 0.436277 0
-16.304 -26.3888 0.893787 0
7.976 -18.6272 0.370645 2
8.672 -27.2064 0.915918 0
-28.016 -28.3088 0.908062 0
37.232 -27.9408 0.948837 0
10.4 -30.4576 0.951549 0
6.79998 -39.6592 0.972115 0
-36.32 -29.0688 0.936779 0
-10.944 -32.744 0.966779 0
30.16 -32.4272 0.965985 0
-19.776 -29.6112 0.93011 0
16.32 -17.32 0.189374 2
-11.92 -26.904 0.920934 0
9.408 -29.0992 0.94106 0
0.824003 -28.1088 0.948427 0
-9.25601 -33.36 0.9709 0
-5.184 -37.0528 0.977355 0
20.328 -24.3888 0.79098 0
-13.496 -25.4672 0.884415 0
4.912 -26.888 0.922292 0
-18.384 -28.5808 0.922736 0
-13.656 -21.5456 0.695174 0
-18.888 -29.3152 0.929408 0
12.52 -32.5328 0.960873 0
-99 -23.9872 1 0
12.128 -22.9616 0.733731 0
-64.528 -32.5216 0.999034 0
8.008 -26.376 0.901012 0
-10.008 -37.8272 0.970017 0
-8.35201 -34.0864 0.973239 0
-31.408 -31.8832 0.940624 0
-21.344 -22.7408 0.727109 0
8.376 -39.272 0.97141 0
-2.824 -32.0224 0.973243 0
19.96 -32.8064 0.958692 0
49.248 -22.2864 0.906235 0
50.696 -30.8768 0.992797 0
-19.072 -34.976 0.952564 0
6.39199 -25.7728 0.892752 0
10.176 -36.1808 0.971176 0
26.248 -36.176 0.970932 0
-3.76 -37.1936 0.978182 0
-10.496 31.0032 1.39676e-24 3
23.432 24.0624 1.06768e-19 3
24.944 36.3968 2.6708e-29 3
48.056 34.8624 1.6155e-28 3
-12.848 33.7824 1.02288e-26 3
0.831986 26.0496 7.02284e-21 3
27.28 30.8384 6.15254e-25 3
-7.144 37.0096 2.54013e-29 3
-11.168 33.688 1.16605e-26 3
10.088 32.5168 5.70413e-26 3
-6.176 18.0912 2.45871e-15 1
-32.76 26.5552 6.5134e-21 3
23.832 21.4672 7.55737e-18 2
6.528 25.3568 2.07219e-20 3
-11.328 37.2 1.97238e-29 3
-0.176012 27.912 2.77608e-22 3
4.41599 21.3776 1.67957e-17 3
-68.232 33.4672 8.98448e-26 3
38.488 25.9872 2.46654e-21 3
20.84 27.8368 1.67486e-22 3
69.536 35.5712 1.41368e-29 3
-44.08 26.488 1.14746e-20 3
9.232 34.496 1.62203e-27 3
18.664 29.3728 1.18468e-23 3
-6.152 10.176 7.51144e-11 1
-32 37.9792 1.03972e-29 3
5.93599 29.1024 2.96019e-23 3
-0.743998 24.8944 5.19809e-20 3
-1.912 37.3968 1.11135e-29 3
7.528 31.7312 2.56072e-25 3
-6.112 36.6384 4.9058e-29 3
-30.752 20.2288 1.71559e-16 1
-42.168 28.2944 4.67089e-22 3
-27.184 22.3216 5.40882e-18 1
56.088 30.2864 5.12674e-25 3
-42.776 26.008 2.52196e-20 3
15.24 29.944 4.8494e-24 3
28.96 31.0448 3.97194e-25 3
-13.08 26.5232 3.56839e-21 3
-8.56 29.0176 4.48819e-23 3
68.4 25.904 8.81062e-22 3
-56.672 36.576 2.92535e-28 3
-47.816 20.9072 1.77682e-16 3
59.472 31.1344 9.14588e-26 3
31.464 46.3792 1.48246e-37 3
75.192 35.952 5.02252e-30 3
47.944 16.3232 2.25079e-14 2
-18.656 35.9616 2.34512e-28 3
6.632 29.8288 7.96323e-24 3
-22.296 33.8016 1.3146e-26 3
