1.5952 25.4112 2.07084e-20 3
-2.7952 13.6512 1.1141e-12 1
2.6768 6.0192 7.55324e-09 2
-1.0672 -30.768 0.968571 0
-6.8256 13.4736 1.28269e-12 1
7.064 33.1536 1.97088e-26 3
3.9104 -27.8208 0.939307 0
4.96 1.5744 5.73527e-07 2
7.6848 -19.5504 0.472946 2
-1.3344 -4.40641 0.000133138 2
6.0576 29.5008 1.43808e-23 3
3.5616 26.9232 1.45032e-21 3
7.2368 -7.7664 0.00113295 2
-6.6976 20.5392 6.19854e-17 1
1.8384 3.0624 1.58071e-07 2
-4.8288 41.472 5.92583e-33 3
-8.12 4.7136 3.02985e-08 1
-5.5664 7.5888 1.46499e-09 1
2.4144 22.4448 3.0337e-18 3
5.728 -3.696 5.56342e-05 2
-5.464 -2.04 1.91913e-05 1
-6.384 3.11999 1.5854e-07 1
0.294401 -1.3152 9.6446e-06 2
12.6752 -8.5488 0.00149319 2
-0.491203 3.984 6.74078e-08 2
4.8576 -7.4112 0.00100134 2
2.6512 21.6864 1.04143e-17 3
-0.595203 -3.1392 4.66967e-05 2
3.7792 1.5216 6.39553e-07 2
5.4608 4.5984 2.89927e-08 2
0.7216 18.96 7.40098e-16 1
-1.1152 -0.148802 3.54744e-06 2
4.7776 29.76 9.38441e-24 3
-3.5216 14.8992 2.16317e-13 1
1.4544 10.6512 4.43844e-11 2
-3.0672 -11.3136 0.0182674 2
-0.441601 20.9808 3.27982e-17 3
-4.0288 17.3568 7.33432e-15 1
6.2784 -9.0576 0.00292719 2
-5.376 -3.744 8.01665e-05 1
-1.7296 3.312 1.34407e-07 2
3.7584 24.2688 1.40742e-19 3
5.6672 -9.57599 0.0042853 2
16.568 20.6016 3.72916e-17 2
8.5872 14.208 4.33293e-13 2
1.9408 -24.9504 0.889692 0
-3.3936 4.9728 2.49903e-08 1
-1.0352 -14.5152 0.103907 2
-7.4432 1.9488 4.88632e-07 1
2.8 -2.44801 2.30766e-05 2
22.6096 24.0864 1.0445e-19 3
22.1888 35.0208 3.71042e-28 3
43.3552 -27.3168 0.963443 0
25.0128 -15.0672 0.0643185 2
21.2336 34.9872 4.10489e-28 3
17.704 22.3152 2.33828e-18 3
23.144 -17.4336 0.18756 2
23.5168 -11.0928 0.00638844 2
13.3712 -0.792 3.1677e-06 2
31.4736 18.072 1.18261e-15 2
26.08 2.2992 1.34109e-07 2
30.1376 -1.68 5.4835e-06 2
29.824 4.6848 1.27543e-08 2
31.6512 0.475199 8.13971e-07 2
17.816 -22.752 0.69067 0
25.9456 -1.9104 6.36571e-06 2
30.8032 -26.1312 0.887674 0
14.704 -3.7104 3.56512e-05 2
19.5216 3.8208 3.2738e-08 2
34.4 4.17118 2.41579e-08 2
31.624 4.5312 1.54435e-08 2
25.216 -13.5168 0.0278598 2
31.7904 -10.9152 0.00659727 2
15.9488 -5.16 0.000108069 2
16.9088 7.1568 1.11225e-09 2
12.752 21.552 9.6844e-18 3
16.5776 30.8592 8.84472e-25 3
32.976 5.304 7.17093e-09 2
30.5472 8.54399 2.02512e-10 2
28.6592 14.2608 2.09938e-13 2
26.88 0.503998 7.35535e-07 2
24.6784 17.616 2.40294e-15 2
29.5856 25.3296 1.00506e-20 3
23.6672 6.984 1.12288e-09 2
22.8976 -29.8512 0.938391 0
19.5232 10.2624 3.13865e-11 2
27.0224 -6.8304 0.000339879 2
30.7328 4.2048 2.11657e-08 2
18.752 20.6448 3.21278e-17 2
24.728 -3.94561 3.51687e-05 2
26.0384 3.792 3.077e-08 2
22.5504 -3.0096 1.64035e-05 2
35.3088 5.54879 5.98076e-09 2
39.2896 4.4448 2.27139e-08 2
20.8752 -20.0352 0.430226 2
24.464 -15.648 0.0855685 2
29.8304 -34.6608 0.97227 0
28.9312 -1.6128 5.05656e-06 2
19.3504 -8.5056 0.00117433 2
26.3136 -31.2528 0.954031 0
-24.1776 1.008 1.04238e-06 1
-14.9232 -10.1808 0.00713011 1
-32.664 -12.0672 0.0276752 1
-22.7248 2.9664 1.55235e-07 1
-38.4464 -17.544 0.407053 1
-22.2448 -11.0064 0.010826 1
-29.648 -22.2864 0.705874 0
-23.5984 10.8144 3.26099e-11 1
-22.6016 -33.8496 0.945214 0
-22.5968 -2.6208 2.47047e-05 1
-23.5024 -18.1776 0.321014 1
-13.9808 -11.232 0.0141819 1
-27.6896 0.0911987 2.74496e-06 1
-16.1056 23.5056 5.60689e-19 1
-21.0384 -5.256 0.000201771 1
-21.2224 -26.9184 0.888024 0
-14.5152 -42.6432 0.927515 0
-16.1888 22.7184 1.99244e-18 1
-15.328 21.0816 2.57501e-17 1
-39.3824 9.3312 6.58324e-10 1
-27.2064 14.8272 2.65617e-13 1
-25.0944 -12.3504 0.0245265 1
-29.5936 -11.6304 0.0184633 1
-18.6896 6.8304 2.71828e-09 1
-29.9776 5.3856 1.87199e-08 1
-25.3232 5.4864 1.3152e-08 1
-28.5376 13.4112 1.77047e-12 1
-20.1536 -8.3376 0.00190971 1
-27.4016 17.8224 4.62671e-15 1
-19.88 11.0448 2.24943e-11 1
-17.1696 -18.4512 0.370434 1
-31.9344 -19.824 0.526667 0
-30.5824 10.5024 6.98223e-11 1
-29.0816 15.1344 2.00891e-13 1
-23.7472 -5.1696 0.000194195 1
-15.3872 43.5888 1.31609e-34 3
-27.6896 -37.8192 0.934608 0
-36.4128 11.9616 2.13385e-11 1
-23.8032 18.4176 1.65013e-15 1
-24.9984 9.768 1.17404e-10 1
-29.5696 18.8688 1.18451e-15 1
-26.68 5.0544 2.18278e-08 1
-28.728 5.3424 1.80872e-08 1
-26.744 5.45279 1.44977e-08 1
-17.0272 6.84 2.68584e-09 1
-22.4816 -14.064 0.0603843 1
-17.0208 -3.4704 4.99163e-05 1
-21.6112 -2.2032 1.71771e-05 1
-30.9456 -3.4992 6.94317e-05 1
-22.6288 6.5952 3.72209e-09 1
-67.224 -30.4176 0.999464 0
-27.768 -26.2064 0.867894 0
-20.808 -32.4816 0.94477 0
-21.128 -20.6672 0.566337 0
-1.504 -31.6496 0.97204 0
-14.4 -19.84 0.535873 0
-29.808 -21.8976 0.68031 0
-7.896 -18.3328 0.435744 0
-16.304 -26.3888 0.893163 0
7.976 -18.6272 0.371599 2
8.672 -27.2064 0.916304 0
-28.016 -28.3088 0.90764 0
37.232 -27.9408 0.948505 0
10.4 -30.4576 0.951764 0
6.79998 -39.6592 0.97224 0
-36.32 -29.0688 0.936683 0
-10.944 -32.744 0.966554 0
30.16 -32.4272 0.965824 0
-19.776 -29.6112 0.929631 0
16.32 -17.32 0.189851 2
-11.92 -26.904 0.920524 0
9.408 -29.0992 0.941333 0
0.824003 -28.1088 0.948627 0
-9.25601 -33.36 0.970728 0
-5.184 -37.0528 0.977282 0
20.328 -24.3888 0.7913 0
-13.496 -25.4672 0.883818 0
4.912 -26.888 0.922663 0
-18.384 -28.5808 0.922223 0
-13.656 -21.5456 0.694104 0
-18.888 -29.3152 0.928925 0
12.52 -32.5328 0.961018 0
-99 -23.9872 1 0
12.128 -22.9616 0.734549 0
-64.528 -32.5216 0.999053 0
8.008 -26.376 0.901464 0
-10.008 -37.8272 0.969767 0
-8.35201 -34.0864 0.973094 0
-31.408 -31.8832 0.940388 0
-21.344 -22.7408 0.725979 0
8.376 -39.272 0.971532 0
-2.824 -32.0224 0.973268 0
19.96 -32.8064 0.958714 0
49.248 -22.2864 0.905357 0
50.696 -30.8768 0.99267 0
-19.072 -34.976 0.952151 0
6.39199 -25.7728 0.893242 0
10.176 -36.1808 0.971296 0
26.248 -36.176 0.970815 0
-3.76 -37.1936 0.97815 0
-10.496 31.0032 1.38156e-24 3
23.432 24.0624 1.05966e-19 3
24.944 36.3968 2.64179e-29 3
48.056 34.8624 1.60408e-28 3
-12.848 33.7824 1.00998e-26 3
0.831986 26.0496 6.96445e-21 3
27.28 30.8384 6.09969e-25 3
-7.144 37.0096 2.50763e-29 3
-11.168 33.688 1.15184e-26 3
10.088 32.5168 5.64187e-26 3
-6.176 18.0912 2.4473e-15 1
-32.76 26.5552 6.42562e-21 3
23.832 21.4672 7.50673e-18 2
6.528 25.3568 2.05359e-20 3
-11.328 37.2 1.94536e-29 3
-0.176012 27.912 2.75138e-22 3
4.41599 21.3776 1.66614e-17 3
-68.232 33.4672 8.82002e-26 3
38.488 25.9872 2.453e-21 3
20.84 27.8368 1.66008e-22 3
69.536 35.5712 1.40737e-29 3
-44.08 26.488 1.132e-20 3
9.232 34.496 1.60326e-27 3
18.664 29.3728 1.17347e-23 3
-6.152 10.176 7.48393e-11 1
-32 37.9792 1.01999e-29 3
5.93599 29.1024 2.93124e-23 3
-0.743998 24.8944 5.1582e-20 3
-1.912 37.3968 1.09753e-29 3
7.528 31.7312 2.53347e-25 3
-6.112 36.6384 4.8443e-29 3
-30.752 20.2288 1.69513e-16 1
-42.168 28.2944 4.60458e-22 3
-27.184 22.3216 5.34558e-18 1
56.088 30.2864 5.10109e-25 3
-42.776 26.008 2.48838e-20 3
15.24 29.944 4.80104e-24 3
28.96 31.0448 3.93858e-25 3
-13.08 26.5232 3.53493e-21 3
-8.56 29.0176 4.44483e-23 3
68.4 25.904 8.78371e-22 3
-56.672 36.576 2.86851e-28 3
-47.816 20.9072 1.75613e-16 3
59.472 31.1344 9.1019e-26 3
31.464 46.3792 1.48055e-37 3
75.192 35.952 5.00372e-30 3
47.944 16.3232 2.25256e-14 2
-18.656 35.9616 2.3097e-28 3
6.632 29.8288 7.88335e-24 3
-22.296 33.8016 1.29499e-26 3
