1.5952 25.4112 7.52073e-18 3
-2.7952 13.6512 5.15509e-11 1
2.6768 6.0192 9.22697e-08 2
-1.0672 -30.768 0.98171 0
-6.8256 13.4736 5.7475e-11 1
7.064 33.1536 3.96062e-23 3
3.9104 -27.8208 0.966754 0
4.96 1.5744 3.67014e-06 2
7.6848 -19.5504 0.602401 0
-1.3344 -4.40641 0.000395877 2
6.0576 29.5008 1.25867e-20 3
3.5616 26.9232 7.21502e-19 3
7.2368 -7.7664 0.00281751 2
-6.6976 20.5392 9.28348e-15 3
1.8384 3.0624 1.20784e-06 2
-4.8288 41.472 9.45162e-29 3
-8.12 4.7136 3.13593e-07 1
-5.5664 7.5888 2.34471e-08 1
2.4144 22.4448 6.14701e-16 3
5.728 -3.696 0.000192251 2
-5.464 -2.04 7.64199e-05 2
-6.384 3.11999 1.26586e-06 1
0.294401 -1.3152 4.06033e-05 2
12.6752 -8.5488 0.00387347 2
-0.491203 3.984 5.86569e-07 2
4.8576 -7.4112 0.00244203 2
2.6512 21.6864 1.8425e-15 3
-0.595203 -3.1392 0.00015891 2
3.7792 1.5216 4.00043e-06 2
5.4608 4.5984 2.90918e-07 2
0.7216 18.96 8.34109e-14 3
-1.1152 -0.148802 1.72252e-05 2
4.7776 29.76 8.71921e-21 3
-3.5216 14.8992 1.24436e-11 1
1.4544 10.6512 1.21194e-09 2
-3.0672 -11.3136 0.0308292 2
-0.441601 20.9808 5.1631e-15 3
-4.0288 17.3568 6.38552e-13 1
6.2784 -9.0576 0.00651742 2
-5.376 -3.744 0.000263116 2
-1.7296 3.312 1.05835e-06 2
3.7584 24.2688 4.03087e-17 3
5.6672 -9.57599 0.00910438 2
16.568 20.6016 6.13533e-15 3
8.5872 14.208 2.47046e-11 2
1.9408 -24.9504 0.925891 0
-3.3936 4.9728 2.56497e-07 2
-1.0352 -14.5152 0.146782 2
-7.4432 1.9488 3.35078e-06 1
2.8 -2.44801 8.70833e-05 2
22.6096 24.0864 3.07911e-17 3
22.1888 35.0208 1.18292e-24 3
43.3552 -27.3168 0.984108 0
25.0128 -15.0672 0.129443 2
21.2336 34.9872 1.29476e-24 3
17.704 22.3152 5.02301e-16 3
23.144 -17.4336 0.327074 2
23.5168 -11.0928 0.0155661 2
13.3712 -0.792 1.69745e-05 2
31.4736 18.072 1.26737e-13 2
26.08 2.2992 1.11268e-06 2
30.1376 -1.68 2.70413e-05 2
29.824 4.6848 1.44659e-07 2
31.6512 0.475199 5.06425e-06 2
17.816 -22.752 0.830284 0
25.9456 -1.9104 3.15866e-05 2
30.8032 -26.1312 0.954131 0
14.704 -3.7104 0.000141511 2
19.5216 3.8208 3.3988e-07 2
34.4 4.17118 2.3781e-07 2
31.624 4.5312 1.67391e-07 2
25.216 -13.5168 0.0604267 2
31.7904 -10.9152 0.015536 2
15.9488 -5.16 0.000379749 2
16.9088 7.1568 1.93872e-08 2
12.752 21.552 1.7799e-15 3
16.5776 30.8592 1.0697e-21 3
32.976 5.304 8.57547e-08 2
30.5472 8.54399 4.2799e-09 2
28.6592 14.2608 1.28027e-11 2
26.88 0.503998 4.80637e-06 2
24.6784 17.616 2.62139e-13 2
29.5856 25.3296 3.70953e-18 3
23.6672 6.984 1.92057e-08 2
22.8976 -29.8512 0.981186 0
19.5232 10.2624 9.59478e-10 2
27.0224 -6.8304 0.00107073 2
30.7328 4.2048 2.21028e-07 2
18.752 20.6448 5.38307e-15 3
24.728 -3.94561 0.000142628 2
26.0384 3.792 3.15417e-07 2
22.5504 -3.0096 7.30746e-05 2
35.3088 5.54879 7.13833e-08 2
39.2896 4.4448 2.1052e-07 2
20.8752 -20.0352 0.615024 0
24.464 -15.648 0.167005 2
29.8304 -34.6608 0.994882 0
28.9312 -1.6128 2.5409e-05 2
19.3504 -8.5056 0.00327948 2
26.3136 -31.2528 0.987828 0
-24.1776 1.008 7.19851e-06 1
-14.9232 -10.1808 0.0160093 1
-32.664 -12.0672 0.0651865 1
-22.7248 2.9664 1.35854e-06 1
-38.4464 -17.544 0.591308 0
-22.2448 -11.0064 0.0258127 1
-29.648 -22.2864 0.821323 0
-23.5984 10.8144 8.53303e-10 1
-22.6016 -33.8496 0.974981 0
-22.5968 -2.6208 0.000115921 1
-23.5024 -18.1776 0.465582 1
-13.9808 -11.232 0.0289537 1
-27.6896 0.0911987 1.69318e-05 1
-16.1056 23.5056 1.44803e-16 3
-21.0384 -5.256 0.000733953 1
-21.2224 -26.9184 0.932097 0
-14.5152 -42.6432 0.976856 0
-16.1888 22.7184 4.40796e-16 3
-15.328 21.0816 4.20669e-15 1
-39.3824 9.3312 1.0612e-08 1
-27.2064 14.8272 1.24322e-11 1
-25.0944 -12.3504 0.0551042 1
-29.5936 -11.6304 0.0445227 1
-18.6896 6.8304 4.05736e-08 1
-29.9776 5.3856 2.10506e-07 1
-25.3232 5.4864 1.5687e-07 1
-28.5376 13.4112 6.44552e-11 1
-20.1536 -8.3376 0.00535741 1
-27.4016 17.8224 3.56623e-13 1
-19.88 11.0448 6.34911e-10 1
-17.1696 -18.4512 0.489165 0
-31.9344 -19.824 0.687918 0
-30.5824 10.5024 1.57393e-09 1
-29.0816 15.1344 9.53566e-12 1
-23.7472 -5.1696 0.000723859 1
-15.3872 43.5888 3.98981e-30 3
-27.6896 -37.8192 0.978875 0
-36.4128 11.9616 5.30754e-10 1
-23.8032 18.4176 1.50623e-13 1
-24.9984 9.768 2.57538e-09 1
-29.5696 18.8688 1.05308e-13 1
-26.68 5.0544 2.43251e-07 1
-28.728 5.3424 2.05094e-07 1
-26.744 5.45279 1.70069e-07 1
-17.0272 6.84 4.02833e-08 1
-22.4816 -14.064 0.117851 1
-17.0208 -3.4704 0.00020639 1
-21.6112 -2.2032 8.37313e-05 1
-30.9456 -3.4992 0.000298882 1
-22.6288 6.5952 5.26843e-08 1
-67.224 -30.4176 0.999813 0
-27.768 -26.2064 0.927077 0
-20.808 -32.4816 0.972016 0
-21.128 -20.6672 0.688822 0
-1.504 -31.6496 0.984171 0
-14.4 -19.84 0.631394 0
-29.808 -21.8976 0.803291 0
-7.896 -18.3328 0.507984 0
-16.304 -26.3888 0.927728 0
7.976 -18.6272 0.501021 0
8.672 -27.2064 0.959922 0
-28.016 -28.3088 0.952469 0
37.232 -27.9408 0.980715 0
10.4 -30.4576 0.982629 0
6.79998 -39.6592 0.995072 0
-36.32 -29.0688 0.972213 0
-10.944 -32.744 0.979501 0
30.16 -32.4272 0.99193 0
-19.776 -29.6112 0.959339 0
16.32 -17.32 0.319369 2
-11.92 -26.904 0.942143 0
9.408 -29.0992 0.975823 0
0.824003 -28.1088 0.968521 0
-9.25601 -33.36 0.982287 0
-5.184 -37.0528 0.989188 0
20.328 -24.3888 0.90063 0
-13.496 -25.4672 0.915495 0
4.912 -26.888 0.957164 0
-18.384 -28.5808 0.952238 0
-13.656 -21.5456 0.76384 0
-18.888 -29.3152 0.957749 0
12.52 -32.5328 0.989011 0
-99 -23.9872 1 0
12.128 -22.9616 0.847224 0
-64.528 -32.5216 0.999718 0
8.008 -26.376 0.949381 0
-10.008 -37.8272 0.985672 0
-8.35201 -34.0864 0.984246 0
-31.408 -31.8832 0.974992 0
-21.344 -22.7408 0.816381 0
8.376 -39.272 0.995268 0
-2.824 -32.0224 0.984364 0
19.96 -32.8064 0.990222 0
49.248 -22.2864 0.936301 0
50.696 -30.8768 0.997116 0
-19.072 -34.976 0.977597 0
6.39199 -25.7728 0.940383 0
10.176 -36.1808 0.993909 0
26.248 -36.176 0.99551 0
-3.76 -37.1936 0.990176 0
-10.496 31.0032 1.80125e-21 3
23.432 24.0624 3.10908e-17 3
24.944 36.3968 1.16856e-25 3
48.056 34.8624 5.34043e-25 3
-12.848 33.7824 2.50424e-23 3
0.831986 26.0496 2.90002e-18 3
27.28 30.8384 7.52396e-22 3
-7.144 37.0096 1.32202e-25 3
-11.168 33.688 2.79123e-23 3
10.088 32.5168 9.80434e-23 3
-6.176 18.0912 2.41399e-13 1
-32.76 26.5552 2.71461e-18 3
23.832 21.4672 1.42282e-15 3
6.528 25.3568 7.32769e-18 3
-11.328 37.2 1.08898e-25 3
-0.176012 27.912 1.7204e-19 3
4.41599 21.3776 2.80224e-15 3
-68.232 33.4672 2.08215e-22 3
38.488 25.9872 1.00053e-18 3
20.84 27.8368 1.04044e-19 3
69.536 35.5712 6.43841e-26 3
-44.08 26.488 4.69108e-18 3
9.232 34.496 4.39022e-24 3
18.664 29.3728 1.02355e-20 3
-6.152 10.176 1.87453e-09 1
-32 37.9792 6.01106e-26 3
5.93599 29.1024 2.34684e-20 3
-0.743998 24.8944 1.70183e-17 3
-1.912 37.3968 6.15737e-26 3
7.528 31.7312 3.67349e-22 3
-6.112 36.6384 2.3231e-25 3
-30.752 20.2288 1.89874e-14 1
-42.168 28.2944 2.88054e-19 3
-27.184 22.3216 9.60741e-16 1
56.088 30.2864 5.89564e-22 3
-42.776 26.008 9.15513e-18 3
15.24 29.944 4.70867e-21 3
28.96 31.0448 5.10345e-22 3
-13.08 26.5232 1.71563e-18 3
-8.56 29.0176 3.69088e-20 3
68.4 25.904 3.74266e-19 3
-56.672 36.576 1.26206e-24 3
-47.816 20.9072 1.98788e-14 3
59.472 31.1344 1.31839e-22 3
31.464 46.3792 7.11972e-33 3
75.192 35.952 2.63855e-26 3
47.944 16.3232 1.14803e-12 3
-18.656 35.9616 9.42869e-25 3
6.632 29.8288 7.42539e-21 3
-22.296 33.8016 3.10339e-23 3
