1.5952 25.4112 0.00216367 3
-2.7952 13.6512 0.00969198 3
2.6768 6.0192 0.022716 3
-1.0672 -30.768 0.114032 1
-6.8256 13.4736 0.00976814 3
7.064 33.1536 0.000749493 3
3.9104 -27.8208 0.108505 2
4.96 1.5744 0.0342938 3
7.6848 -19.5504 0.0994732 2
-1.3344 -4.40641 0.0531142 1
6.0576 29.5008 0.00127385 3
3.5616 26.9232 0.00178761 3
7.2368 -7.7664 0.0654633 2
-6.6976 20.5392 0.00395579 3
1.8384 3.0624 0.0297634 3
-4.8288 41.472 0.000163805 3
-8.12 4.7136 0.0255084 3
-5.5664 7.5888 0.0189709 3
2.4144 22.4448 0.00329318 3
5.728 -3.696 0.0510178 2
-5.464 -2.04 0.0455069 1
-6.384 3.11999 0.0295212 3
0.294401 -1.3152 0.0425231 3
12.6752 -8.5488 0.0705791 2
-0.491203 3.984 0.0272005 3
4.8576 -7.4112 0.0637398 2
2.6512 21.6864 0.00365711 3
-0.595203 -3.1392 0.0486148 1
3.7792 1.5216 0.0342418 3
5.4608 4.5984 0.0264155 3
0.7216 18.96 0.00513729 3
-1.1152 -0.148802 0.0388149 3
4.7776 29.76 0.0012031 3
-3.5216 14.8992 0.00831125 3
1.4544 10.6512 0.0139762 3
-3.0672 -11.3136 0.0793223 1
-0.441601 20.9808 0.00389788 3
-4.0288 17.3568 0.0060992 3
6.2784 -9.0576 0.0697071 2
-5.376 -3.744 0.0515851 1
-1.7296 3.312 0.0288687 3
3.7584 24.2688 0.00260518 3
5.6672 -9.57599 0.071384 2
16.568 20.6016 0.0051376 3
8.5872 14.208 0.00997764 3
1.9408 -24.9504 0.109152 2
-3.3936 4.9728 0.024687 3
-1.0352 -14.5152 0.0892673 1
-7.4432 1.9488 0.0329773 3
2.8 -2.44801 0.0463792 2
22.6096 24.0864 0.00367403 3
22.1888 35.0208 0.00077071 3
43.3552 -27.3168 0.193138 2
25.0128 -15.0672 0.10678 2
21.2336 34.9872 0.000756799 3
17.704 22.3152 0.0042019 3
23.144 -17.4336 0.109389 2
23.5168 -11.0928 0.0910477 2
13.3712 -0.792 0.0442172 2
31.4736 18.072 0.00968939 3
26.08 2.2992 0.0425571 3
30.1376 -1.68 0.0625137 2
29.824 4.6848 0.0377102 3
31.6512 0.475199 0.0554349 2
17.816 -22.752 0.109432 2
25.9456 -1.9104 0.0581178 2
30.8032 -26.1312 0.136696 2
14.704 -3.7104 0.0548338 2
19.5216 3.8208 0.0332798 3
34.4 4.17118 0.0440427 3
31.624 4.5312 0.0398577 3
25.216 -13.5168 0.102365 2
31.7904 -10.9152 0.107171 2
15.9488 -5.16 0.0608325 2
16.9088 7.1568 0.0235729 3
12.752 21.552 0.00426183 3
16.5776 30.8592 0.00125829 3
32.976 5.304 0.038483 3
30.5472 8.54399 0.0267998 3
28.6592 14.2608 0.0140599 3
26.88 0.503998 0.0497836 2
24.6784 17.616 0.00871455 3
29.5856 25.3296 0.00368212 3
23.6672 6.984 0.0268879 3
22.8976 -29.8512 0.114434 2
19.5232 10.2624 0.0180134 3
27.0224 -6.8304 0.0799468 2
30.7328 4.2048 0.0401473 3
18.752 20.6448 0.00531705 3
24.728 -3.94561 0.0648057 2
26.0384 3.792 0.0375538 3
22.5504 -3.0096 0.0587145 2
35.3088 5.54879 0.039967 3
39.2896 4.4448 0.0491428 3
20.8752 -20.0352 0.110471 2
24.464 -15.648 0.107367 2
29.8304 -34.6608 0.118404 2
28.9312 -1.6128 0.0605842 2
19.3504 -8.5056 0.0761093 2
26.3136 -31.2528 0.118556 2
-24.1776 1.008 0.0445315 1
-14.9232 -10.1808 0.0878703 1
-32.664 -12.0672 0.16477 1
-22.7248 2.9664 0.0355477 3
-38.4464 -17.544 0.27957 1
-22.2448 -11.0064 0.109675 1
-29.648 -22.2864 0.234103 1
-23.5984 10.8144 0.014772 3
-22.6016 -33.8496 0.210772 1
-22.5968 -2.6208 0.0601161 1
-23.5024 -18.1776 0.16199 1
-13.9808 -11.232 0.0914419 1
-27.6896 0.0911987 0.0528493 1
-16.1056 23.5056 0.00253732 3
-21.0384 -5.256 0.0719327 1
-21.2224 -26.9184 0.189256 1
-14.5152 -42.6432 0.13925 2
-16.1888 22.7184 0.00284375 3
-15.328 21.0816 0.00358995 3
-39.3824 9.3312 0.0249343 3
-27.2064 14.8272 0.0092169 3
-25.0944 -12.3504 0.129035 1
-29.5936 -11.6304 0.143494 1
-18.6896 6.8304 0.0221684 3
-29.9776 5.3856 0.0317593 3
-25.3232 5.4864 0.0284661 3
-28.5376 13.4112 0.0113713 3
-20.1536 -8.3376 0.0878497 1
-27.4016 17.8224 0.00610184 3
-19.88 11.0448 0.0137545 3
-17.1696 -18.4512 0.135121 1
-31.9344 -19.824 0.235678 1
-30.5824 10.5024 0.0172589 3
-29.0816 15.1344 0.00908279 3
-23.7472 -5.1696 0.076231 1
-15.3872 43.5888 9.92897e-05 3
-27.6896 -37.8192 0.2604 1
-36.4128 11.9616 0.0161947 3
-23.8032 18.4176 0.00540905 3
-24.9984 9.768 0.0171443 3
-29.5696 18.8688 0.0053966 3
-26.68 5.0544 0.0306783 3
-28.728 5.3424 0.0310226 3
-26.744 5.45279 0.0293765 3
-17.0272 6.84 0.0217485 3
-22.4816 -14.064 0.130593 1
-17.0208 -3.4704 0.057769 1
-21.6112 -2.2032 0.0567677 1
-30.9456 -3.4992 0.0810957 1
-22.6288 6.5952 0.0240036 3
-67.224 -30.4176 0.893694 0
-27.768 -26.2064 0.239796 1
-20.808 -32.4816 0.19592 1
-21.128 -20.6672 0.163444 1
-1.504 -31.6496 0.114272 1
-14.4 -19.84 0.131408 1
-29.808 -21.8976 0.23276 1
-7.896 -18.3328 0.109753 1
-16.304 -26.3888 0.159435 1
7.976 -18.6272 0.0976895 2
8.672 -27.2064 0.106219 2
-28.016 -28.3088 0.25142 1
37.232 -27.9408 0.159506 2
10.4 -30.4576 0.104224 2
6.79998 -39.6592 0.0890585 2
-36.32 -29.0688 0.362151 0
-10.944 -32.744 0.140575 1
30.16 -32.4272 0.125318 2
-19.776 -29.6112 0.185562 1
16.32 -17.32 0.0996052 2
-11.92 -26.904 0.141582 1
9.408 -29.0992 0.105419 2
0.824003 -28.1088 0.111777 1
-9.25601 -33.36 0.133778 1
-5.184 -37.0528 0.115803 1
20.328 -24.3888 0.113516 2
-13.496 -25.4672 0.145062 1
4.912 -26.888 0.107717 2
-18.384 -28.5808 0.175077 1
-13.656 -21.5456 0.135005 1
-18.888 -29.3152 0.179369 1
12.52 -32.5328 0.101641 2
-99 -23.9872 0.987211 0
12.128 -22.9616 0.105149 2
-64.528 -32.5216 0.876836 0
8.008 -26.376 0.106332 2
-10.008 -37.8272 0.130498 1
-8.35201 -34.0864 0.129961 1
-31.408 -31.8832 0.303271 1
-21.344 -22.7408 0.174524 1
8.376 -39.272 0.0888344 2
-2.824 -32.0224 0.116635 1
19.96 -32.8064 0.105528 2
49.248 -22.2864 0.233457 2
50.696 -30.8768 0.241343 2
-19.072 -34.976 0.183155 1
6.39199 -25.7728 0.106668 2
10.176 -36.1808 0.0951755 2
26.248 -36.176 0.10622 2
-3.76 -37.1936 0.111774 1
-10.496 31.0032 0.000839626 3
23.432 24.0624 0.00375323 3
24.944 36.3968 0.000671878 3
48.056 34.8624 0.00183545 3
-12.848 33.7824 0.00053129 3
0.831986 26.0496 0.00195878 3
27.28 30.8384 0.00161982 3
-7.144 37.0096 0.000333037 3
-11.168 33.688 0.000546724 3
10.088 32.5168 0.000869556 3
-6.176 18.0912 0.0054893 3
-32.76 26.5552 0.00173036 3
23.832 21.4672 0.00530886 3
6.528 25.3568 0.0023223 3
-11.328 37.2 0.000308337 3
-0.176012 27.912 0.00147921 3
4.41599 21.3776 0.00388741 3
-68.232 33.4672 0.00121181 3
38.488 25.9872 0.00437775 3
20.84 27.8368 0.00211986 3
69.536 35.5712 0.00474989 3
-44.08 26.488 0.00209757 3
9.232 34.496 0.00063385 3
18.664 29.3728 0.00162843 3
-6.152 10.176 0.0143338 3
-32 37.9792 0.0002494 3
5.93599 29.1024 0.00134796 3
-0.743998 24.8944 0.00226873 3
-1.912 37.3968 0.000335009 3
7.528 31.7312 0.000936375 3
-6.112 36.6384 0.000358206 3
-30.752 20.2288 0.00448991 3
-42.168 28.2944 0.00149017 3
-27.184 22.3216 0.00315935 3
56.088 30.2864 0.00490107 3
-42.776 26.008 0.00221196 3
15.24 29.944 0.0013993 3
28.96 31.0448 0.00164552 3
-13.08 26.5232 0.00163741 3
-8.56 29.0176 0.00115601 3
68.4 25.904 0.0157718 3
-56.672 36.576 0.000463999 3
-47.816 20.9072 0.00575547 3
59.472 31.1344 0.00512729 3
31.464 46.3792 0.000169821 3
75.192 35.952 0.00626148 3
47.944 16.3232 0.019801 3
-18.656 35.9616 0.000358099 3
6.632 29.8288 0.00122457 3
-22.296 33.8016 0.000506515 3
