1.5952 25.4112 9.6442e-21 3
-2.7952 13.6512 7.24007e-13 1
2.6768 6.0192 5.27704e-09 2
-1.0672 -30.768 0.971852 0
-6.8256 13.4736 8.30186e-13 1
7.064 33.1536 7.50715e-27 3
3.9104 -27.8208 0.946229 0
4.96 1.5744 4.22669e-07 2
7.6848 -19.5504 0.477679 2
-1.3344 -4.40641 0.000108252 2
6.0576 29.5008 6.03443e-24 3
3.5616 26.9232 6.48978e-22 3
7.2368 -7.7664 0.000962521 2
-6.6976 20.5392 3.30568e-17 1
1.8384 3.0624 1.15098e-07 2
-4.8288 41.472 1.67803e-33 3
-8.12 4.7136 2.24139e-08 1
-5.5664 7.5888 1.04656e-09 1
2.4144 22.4448 1.5382e-18 3
5.728 -3.696 4.42724e-05 2
-5.464 -2.04 1.54128e-05 1
-6.384 3.11999 1.19976e-07 1
0.294401 -1.3152 7.4827e-06 2
12.6752 -8.5488 0.00131422 2
-0.491203 3.984 4.91914e-08 2
4.8576 -7.4112 0.000841028 2
2.6512 21.6864 5.39948e-18 3
-0.595203 -3.1392 3.724e-05 2
3.7792 1.5216 4.72226e-07 2
5.4608 4.5984 2.04868e-08 2
0.7216 18.96 4.18983e-16 2
-1.1152 -0.148802 2.73222e-06 2
4.7776 29.76 3.90282e-24 3
-3.5216 14.8992 1.3721e-13 1
1.4544 10.6512 2.94911e-11 2
-3.0672 -11.3136 0.0162896 2
-0.441601 20.9808 1.74752e-17 3
-4.0288 17.3568 4.37178e-15 1
6.2784 -9.0576 0.00252923 2
-5.376 -3.744 6.5632e-05 1
-1.7296 3.312 9.96653e-08 2
3.7584 24.2688 6.76463e-20 3
5.6672 -9.57599 0.00372648 2
16.568 20.6016 2.04929e-17 2
8.5872 14.208 2.66926e-13 2
1.9408 -24.9504 0.896979 0
-3.3936 4.9728 1.83424e-08 2
-1.0352 -14.5152 0.0970255 2
-7.4432 1.9488 3.75003e-07 1
2.8 -2.44801 1.80301e-05 2
22.6096 24.0864 5.3537e-20 3
22.1888 35.0208 1.41218e-28 3
43.3552 -27.3168 0.96496 0
25.0128 -15.0672 0.0642008 2
21.2336 34.9872 1.55751e-28 3
17.704 22.3152 1.23e-18 3
23.144 -17.4336 0.191606 2
23.5168 -11.0928 0.00605958 2
13.3712 -0.792 2.49488e-06 2
31.4736 18.072 7.62099e-16 2
26.08 2.2992 1.08416e-07 2
30.1376 -1.68 4.70256e-06 2
29.824 4.6848 1.01611e-08 2
31.6512 0.475199 6.83253e-07 2
17.816 -22.752 0.709873 0
25.9456 -1.9104 5.41712e-06 2
30.8032 -26.1312 0.89858 0
14.704 -3.7104 2.95253e-05 2
19.5216 3.8208 2.50732e-08 2
34.4 4.17118 1.9577e-08 2
31.624 4.5312 1.23921e-08 2
25.216 -13.5168 0.0273033 2
31.7904 -10.9152 0.00627167 2
15.9488 -5.16 9.19972e-05 2
16.9088 7.1568 7.9891e-10 2
12.752 21.552 5.07479e-18 3
16.5776 30.8592 3.69273e-25 3
32.976 5.304 5.72468e-09 2
30.5472 8.54399 1.5462e-10 2
28.6592 14.2608 1.46535e-13 2
26.88 0.503998 6.09638e-07 2
24.6784 17.616 1.51954e-15 2
29.5856 25.3296 5.10929e-21 3
23.6672 6.984 8.45146e-10 2
22.8976 -29.8512 0.94809 0
19.5232 10.2624 2.19681e-11 2
27.0224 -6.8304 0.000307798 2
30.7328 4.2048 1.70038e-08 2
18.752 20.6448 1.78777e-17 2
24.728 -3.94561 3.05748e-05 2
26.0384 3.792 2.44156e-08 2
22.5504 -3.0096 1.3982e-05 2
35.3088 5.54879 4.7842e-09 2
39.2896 4.4448 1.84249e-08 2
20.8752 -20.0352 0.444525 2
24.464 -15.648 0.0859503 2
29.8304 -34.6608 0.977406 0
28.9312 -1.6128 4.3226e-06 2
19.3504 -8.5056 0.0010637 2
26.3136 -31.2528 0.961627 0
-24.1776 1.008 7.29302e-07 1
-14.9232 -10.1808 0.00598112 1
-32.664 -12.0672 0.0223828 1
-22.7248 2.9664 1.06185e-07 1
-38.4464 -17.544 0.371368 1
-22.2448 -11.0064 0.00872081 1
-29.648 -22.2864 0.66522 0
-23.5984 10.8144 1.91834e-11 1
-22.6016 -33.8496 0.931885 0
-22.5968 -2.6208 1.82895e-05 1
-23.5024 -18.1776 0.281146 1
-13.9808 -11.232 0.0120866 1
-27.6896 0.0911987 1.92518e-06 1
-16.1056 23.5056 2.53138e-19 1
-21.0384 -5.256 0.000155215 1
-21.2224 -26.9184 0.868266 0
-14.5152 -42.6432 0.907388 0
-16.1888 22.7184 9.18776e-19 1
-15.328 21.0816 1.25382e-17 1
-39.3824 9.3312 3.99514e-10 1
-27.2064 14.8272 1.39528e-13 1
-25.0944 -12.3504 0.0197874 1
-29.5936 -11.6304 0.014758 1
-18.6896 6.8304 1.79358e-09 1
-29.9776 5.3856 1.19974e-08 1
-25.3232 5.4864 8.51194e-09 1
-28.5376 13.4112 9.58762e-13 1
-20.1536 -8.3376 0.00152101 1
-27.4016 17.8224 2.24582e-15 1
-19.88 11.0448 1.3541e-11 1
-17.1696 -18.4512 0.335554 1
-31.9344 -19.824 0.480526 1
-30.5824 10.5024 4.03103e-11 1
-29.0816 15.1344 1.04003e-13 1
-23.7472 -5.1696 0.000147287 1
-15.3872 43.5888 3.10652e-35 3
-27.6896 -37.8192 0.915774 0
-36.4128 11.9616 1.19844e-11 1
-23.8032 18.4176 8.04184e-16 1
-24.9984 9.768 7.00534e-11 1
-29.5696 18.8688 5.55056e-16 1
-26.68 5.0544 1.41641e-08 1
-28.728 5.3424 1.16182e-08 1
-26.744 5.45279 9.33888e-09 1
-17.0272 6.84 1.79788e-09 1
-22.4816 -14.064 0.049935 1
-17.0208 -3.4704 3.86835e-05 1
-21.6112 -2.2032 1.27183e-05 1
-30.9456 -3.4992 5.10878e-05 1
-22.6288 6.5952 2.39507e-09 1
-67.224 -30.4176 0.999676 0
-27.768 -26.2064 0.84369 0
-20.808 -32.4816 0.93253 0
-21.128 -20.6672 0.522775 0
-1.504 -31.6496 0.974963 0
-14.4 -19.84 0.504638 0
-29.808 -21.8976 0.637991 0
-7.896 -18.3328 0.419392 0
-16.304 -26.3888 0.878377 0
7.976 -18.6272 0.372956 2
8.672 -27.2064 0.926332 0
-28.016 -28.3088 0.889118 0
37.232 -27.9408 0.953054 0
10.4 -30.4576 0.959824 0
6.79998 -39.6592 0.979489 0
-36.32 -29.0688 0.926099 0
-10.944 -32.744 0.963245 0
30.16 -32.4272 0.971415 0
-19.776 -29.6112 0.916249 0
16.32 -17.32 0.1919 2
-11.92 -26.904 0.913409 0
9.408 -29.0992 0.949992 0
0.824003 -28.1088 0.953697 0
-9.25601 -33.36 0.96881 0
-5.184 -37.0528 0.977934 0
20.328 -24.3888 0.809624 0
-13.496 -25.4672 0.871731 0
4.912 -26.888 0.930804 0
-18.384 -28.5808 0.908851 0
-13.656 -21.5456 0.669235 0
-18.888 -29.3152 0.916024 0
12.52 -32.5328 0.968615 0
-99 -23.9872 1 0
12.128 -22.9616 0.750601 0
-64.528 -32.5216 0.999371 0
8.008 -26.376 0.911943 0
-10.008 -37.8272 0.966156 0
-8.35201 -34.0864 0.971821 0
-31.408 -31.8832 0.927339 0
-21.344 -22.7408 0.689436 0
8.376 -39.272 0.97903 0
-2.824 -32.0224 0.975501 0
19.96 -32.8064 0.96675 0
49.248 -22.2864 0.901248 0
50.696 -30.8768 0.992598 0
-19.072 -34.976 0.94091 0
6.39199 -25.7728 0.903236 0
10.176 -36.1808 0.978036 0
26.248 -36.176 0.977023 0
-3.76 -37.1936 0.979702 0
-10.496 31.0032 5.2665e-25 3
23.432 24.0624 5.456e-20 3
24.944 36.3968 9.765e-30 3
48.056 34.8624 6.8311e-29 3
-12.848 33.7824 3.48894e-27 3
0.831986 26.0496 3.18505e-21 3
27.28 30.8384 2.66228e-25 3
-7.144 37.0096 8.10707e-30 3
-11.168 33.688 4.03483e-27 3
10.088 32.5168 2.20403e-26 3
-6.176 18.0912 1.41534e-15 1
-32.76 26.5552 2.49701e-21 3
23.832 21.4672 4.1954e-18 3
6.528 25.3568 9.59409e-21 3
-11.328 37.2 6.07516e-30 3
-0.176012 27.912 1.19378e-22 3
4.41599 21.3776 8.68825e-18 3
-68.232 33.4672 2.73057e-26 3
38.488 25.9872 1.252e-21 3
20.84 27.8368 7.62925e-23 3
69.536 35.5712 6.58889e-30 3
-44.08 26.488 4.40233e-21 3
9.232 34.496 5.90857e-28 3
18.664 29.3728 5.13599e-24 3
-6.152 10.176 5.14806e-11 1
-32 37.9792 2.80619e-30 3
5.93599 29.1024 1.24261e-23 3
-0.743998 24.8944 2.435e-20 3
-1.912 37.3968 3.59854e-30 3
7.528 31.7312 1.00476e-25 3
-6.112 36.6384 1.59459e-29 3
-30.752 20.2288 7.64999e-17 1
-42.168 28.2944 1.71235e-22 3
-27.184 22.3216 2.31577e-18 1
56.088 30.2864 2.51894e-25 3
-42.776 26.008 9.79589e-21 3
15.24 29.944 2.04249e-24 3
28.96 31.0448 1.72092e-25 3
-13.08 26.5232 1.50337e-21 3
-8.56 29.0176 1.81416e-23 3
68.4 25.904 4.99059e-22 3
-56.672 36.576 8.09576e-29 3
-47.816 20.9072 7.75808e-17 3
59.472 31.1344 4.48645e-26 3
31.464 46.3792 4.8912e-38 3
75.192 35.952 2.39907e-30 3
47.944 16.3232 1.50068e-14 2
-18.656 35.9616 7.15319e-29 3
6.632 29.8288 3.28305e-24 3
-22.296 33.8016 4.2268e-27 3
