1.5952 25.4112 1.38022e-20 3
-2.7952 13.6512 8.82965e-13 1
2.6768 6.0192 6.23187e-09 2
-1.0672 -30.768 0.970107 0
-6.8256 13.4736 1.02124e-12 1
7.064 33.1536 1.17159e-26 3
3.9104 -27.8208 0.943868 0
4.96 1.5744 4.92855e-07 2
7.6848 -19.5504 0.482819 2
-1.3344 -4.40641 0.00012092 2
6.0576 29.5008 9.02006e-24 3
3.5616 26.9232 9.43896e-22 3
7.2368 -7.7664 0.00107014 2
-6.6976 20.5392 4.4878e-17 1
1.8384 3.0624 1.34232e-07 2
-4.8288 41.472 3.03308e-33 3
-8.12 4.7136 2.5806e-08 1
-5.5664 7.5888 1.22495e-09 1
2.4144 22.4448 2.10673e-18 3
5.728 -3.696 5.04103e-05 2
-5.464 -2.04 1.71315e-05 1
-6.384 3.11999 1.36773e-07 1
0.294401 -1.3152 8.53225e-06 2
12.6752 -8.5488 0.00143724 2
-0.491203 3.984 5.71518e-08 2
4.8576 -7.4112 0.000938435 2
2.6512 21.6864 7.30346e-18 3
-0.595203 -3.1392 4.19751e-05 2
3.7792 1.5216 5.49781e-07 2
5.4608 4.5984 2.41724e-08 2
0.7216 18.96 5.4351e-16 2
-1.1152 -0.148802 3.11425e-06 2
4.7776 29.76 5.86356e-24 3
-3.5216 14.8992 1.69709e-13 1
1.4544 10.6512 3.53288e-11 2
-3.0672 -11.3136 0.0173994 2
-0.441601 20.9808 2.34937e-17 3
-4.0288 17.3568 5.59245e-15 1
6.2784 -9.0576 0.00279237 2
-5.376 -3.744 7.23478e-05 1
-1.7296 3.312 1.14994e-07 2
3.7584 24.2688 9.49858e-20 3
5.6672 -9.57599 0.00410234 2
16.568 20.6016 2.65699e-17 2
8.5872 14.208 3.26394e-13 2
1.9408 -24.9504 0.89533 0
-3.3936 4.9728 2.12153e-08 1
-1.0352 -14.5152 0.101999 2
-7.4432 1.9488 4.24407e-07 1
2.8 -2.44801 2.0601e-05 2
22.6096 24.0864 7.27478e-20 3
22.1888 35.0208 2.20557e-28 3
43.3552 -27.3168 0.960658 0
25.0128 -15.0672 0.0648562 2
21.2336 34.9872 2.43483e-28 3
17.704 22.3152 1.63617e-18 3
23.144 -17.4336 0.190833 2
23.5168 -11.0928 0.00633499 2
13.3712 -0.792 2.84944e-06 2
31.4736 18.072 9.44504e-16 2
26.08 2.2992 1.22668e-07 2
30.1376 -1.68 5.18532e-06 2
29.824 4.6848 1.15894e-08 2
31.6512 0.475199 7.61928e-07 2
17.816 -22.752 0.7019 0
25.9456 -1.9104 5.99283e-06 2
30.8032 -26.1312 0.888955 0
14.704 -3.7104 3.30887e-05 2
19.5216 3.8208 2.88841e-08 2
34.4 4.17118 2.2241e-08 2
31.624 4.5312 1.41105e-08 2
25.216 -13.5168 0.0279185 2
31.7904 -10.9152 0.00648863 2
15.9488 -5.16 0.000101907 2
16.9088 7.1568 9.38089e-10 2
12.752 21.552 6.72808e-18 3
16.5776 30.8592 5.519e-25 3
32.976 5.304 6.54004e-09 2
30.5472 8.54399 1.7934e-10 2
28.6592 14.2608 1.74839e-13 2
26.88 0.503998 6.82724e-07 2
24.6784 17.616 1.87105e-15 2
29.5856 25.3296 7.03629e-21 3
23.6672 6.984 9.80083e-10 2
22.8976 -29.8512 0.941601 0
19.5232 10.2624 2.59762e-11 2
27.0224 -6.8304 0.000329707 2
30.7328 4.2048 1.93394e-08 2
18.752 20.6448 2.31145e-17 2
24.728 -3.94561 3.34794e-05 2
26.0384 3.792 2.78285e-08 2
22.5504 -3.0096 1.54555e-05 2
35.3088 5.54879 5.47212e-09 2
39.2896 4.4448 2.09999e-08 2
20.8752 -20.0352 0.439046 2
24.464 -15.648 0.0865156 2
29.8304 -34.6608 0.972677 0
28.9312 -1.6128 4.7733e-06 2
19.3504 -8.5056 0.00114344 2
26.3136 -31.2528 0.955758 0
-24.1776 1.008 8.54875e-07 1
-14.9232 -10.1808 0.00639823 1
-32.664 -12.0672 0.0246566 1
-22.7248 2.9664 1.25885e-07 1
-38.4464 -17.544 0.390091 1
-22.2448 -11.0064 0.00952479 1
-29.648 -22.2864 0.682976 0
-23.5984 10.8144 2.43948e-11 1
-22.6016 -33.8496 0.936237 0
-22.5968 -2.6208 2.08677e-05 1
-23.5024 -18.1776 0.295841 1
-13.9808 -11.232 0.0128251 1
-27.6896 0.0911987 2.25242e-06 1
-16.1056 23.5056 3.69327e-19 1
-21.0384 -5.256 0.000173705 1
-21.2224 -26.9184 0.874436 0
-14.5152 -42.6432 0.910822 0
-16.1888 22.7184 1.32777e-18 1
-15.328 21.0816 1.76918e-17 1
-39.3824 9.3312 4.91617e-10 1
-27.2064 14.8272 1.86093e-13 1
-25.0944 -12.3504 0.0216409 1
-29.5936 -11.6304 0.0162892 1
-18.6896 6.8304 2.17013e-09 1
-29.9776 5.3856 1.45905e-08 1
-25.3232 5.4864 1.03398e-08 1
-28.5376 13.4112 1.25824e-12 1
-20.1536 -8.3376 0.00167096 1
-27.4016 17.8224 3.10953e-15 1
-19.88 11.0448 1.71102e-11 1
-17.1696 -18.4512 0.345923 1
-31.9344 -19.824 0.501557 0
-30.5824 10.5024 5.12635e-11 1
-29.0816 15.1344 1.39247e-13 1
-23.7472 -5.1696 0.000166051 1
-15.3872 43.5888 6.0634e-35 3
-27.6896 -37.8192 0.923445 0
-36.4128 11.9616 1.53012e-11 1
-23.8032 18.4176 1.11834e-15 1
-24.9984 9.768 8.83546e-11 1
-29.5696 18.8688 7.79183e-16 1
-26.68 5.0544 1.71696e-08 1
-28.728 5.3424 1.4128e-08 1
-26.744 5.45279 1.13576e-08 1
-17.0272 6.84 2.16318e-09 1
-22.4816 -14.064 0.0538138 1
-17.0208 -3.4704 4.3189e-05 1
-21.6112 -2.2032 1.45124e-05 1
-30.9456 -3.4992 5.8524e-05 1
-22.6288 6.5952 2.92315e-09 1
-67.224 -30.4176 0.999633 0
-27.768 -26.2064 0.853695 0
-20.808 -32.4816 0.936118 0
-21.128 -20.6672 0.537405 0
-1.504 -31.6496 0.973271 0
-14.4 -19.84 0.512145 0
-29.808 -21.8976 0.656525 0
-7.896 -18.3328 0.423657 0
-16.304 -26.3888 0.881409 0
7.976 -18.6272 0.379417 2
8.672 -27.2064 0.922744 0
-28.016 -28.3088 0.896804 0
37.232 -27.9408 0.94704 0
10.4 -30.4576 0.956202 0
6.79998 -39.6592 0.97561 0
-36.32 -29.0688 0.931897 0
-10.944 -32.744 0.962836 0
30.16 -32.4272 0.966319 0
-19.776 -29.6112 0.919937 0
16.32 -17.32 0.194096 2
-11.92 -26.904 0.913536 0
9.408 -29.0992 0.946424 0
0.824003 -28.1088 0.951724 0
-9.25601 -33.36 0.968016 0
-5.184 -37.0528 0.976383 0
20.328 -24.3888 0.799976 0
-13.496 -25.4672 0.873201 0
4.912 -26.888 0.928271 0
-18.384 -28.5808 0.912156 0
-13.656 -21.5456 0.674118 0
-18.888 -29.3152 0.919335 0
12.52 -32.5328 0.964756 0
-99 -23.9872 1 0
12.128 -22.9616 0.746441 0
-64.528 -32.5216 0.999316 0
8.008 -26.376 0.908559 0
-10.008 -37.8272 0.965549 0
-8.35201 -34.0864 0.97086 0
-31.408 -31.8832 0.933375 0
-21.344 -22.7408 0.701525 0
8.376 -39.272 0.974995 0
-2.824 -32.0224 0.97391 0
19.96 -32.8064 0.96162 0
49.248 -22.2864 0.895642 0
50.696 -30.8768 0.991377 0
-19.072 -34.976 0.943801 0
6.39199 -25.7728 0.900451 0
10.176 -36.1808 0.974523 0
26.248 -36.176 0.971927 0
-3.76 -37.1936 0.977963 0
-10.496 31.0032 8.2787e-25 3
23.432 24.0624 7.40606e-20 3
24.944 36.3968 1.54734e-29 3
48.056 34.8624 1.02568e-28 3
-12.848 33.7824 5.71589e-27 3
0.831986 26.0496 4.60201e-21 3
27.28 30.8384 3.92187e-25 3
-7.144 37.0096 1.37185e-29 3
-11.168 33.688 6.57615e-27 3
10.088 32.5168 3.39626e-26 3
-6.176 18.0912 1.84475e-15 1
-32.76 26.5552 3.82317e-21 3
23.832 21.4672 5.46773e-18 2
6.528 25.3568 1.36123e-20 3
-11.328 37.2 1.04249e-29 3
-0.176012 27.912 1.76819e-22 3
4.41599 21.3776 1.16599e-17 3
-68.232 33.4672 4.55087e-26 3
38.488 25.9872 1.73391e-21 3
20.84 27.8368 1.09225e-22 3
69.536 35.5712 9.50353e-30 3
-44.08 26.488 6.74027e-21 3
9.232 34.496 9.3497e-28 3
18.664 29.3728 7.5152e-24 3
-6.152 10.176 6.13724e-11 1
-32 37.9792 4.96804e-30 3
5.93599 29.1024 1.8489e-23 3
-0.743998 24.8944 3.47502e-20 3
-1.912 37.3968 6.04521e-30 3
7.528 31.7312 1.53945e-25 3
-6.112 36.6384 2.67619e-29 3
-30.752 20.2288 1.09246e-16 1
-42.168 28.2944 2.66911e-22 3
-27.184 22.3216 3.3898e-18 1
56.088 30.2864 3.54218e-25 3
-42.776 26.008 1.49162e-20 3
15.24 29.944 3.02513e-24 3
28.96 31.0448 2.5366e-25 3
-13.08 26.5232 2.25553e-21 3
-8.56 29.0176 2.7714e-23 3
68.4 25.904 6.59234e-22 3
-56.672 36.576 1.40821e-28 3
-47.816 20.9072 1.1269e-16 3
59.472 31.1344 6.31386e-26 3
31.464 46.3792 7.31289e-38 3
75.192 35.952 3.42535e-30 3
47.944 16.3232 1.88709e-14 2
-18.656 35.9616 1.22263e-28 3
6.632 29.8288 4.92236e-24 3
-22.296 33.8016 7.03189e-27 3
