1.5952 25.4112 8.31936e-19 3
-2.7952 13.6512 1.30625e-11 1
2.6768 6.0192 3.58573e-08 2
-1.0672 -30.768 0.981177 0
-6.8256 13.4736 1.43016e-11 1
7.064 33.1536 2.29752e-24 3
3.9104 -27.8208 0.963626 0
4.96 1.5744 1.73029e-06 2
7.6848 -19.5504 0.556057 0
-1.3344 -4.40641 0.000253565 2
6.0576 29.5008 9.96238e-22 3
3.5616 26.9232 7.06922e-20 3
7.2368 -7.7664 0.001845 2
-6.6976 20.5392 1.43644e-15 1
1.8384 3.0624 5.48982e-07 2
-4.8288 41.472 2.5034e-30 3
-8.12 4.7136 1.31604e-07 1
-5.5664 7.5888 8.51989e-09 1
2.4144 22.4448 8.6664e-17 3
5.728 -3.696 0.000111564 2
-5.464 -2.04 4.51362e-05 2
-6.384 3.11999 5.85785e-07 1
0.294401 -1.3152 2.27602e-05 2
12.6752 -8.5488 0.00249083 2
-0.491203 3.984 2.59632e-07 2
4.8576 -7.4112 0.0016221 2
2.6512 21.6864 2.75646e-16 3
-0.595203 -3.1392 9.65143e-05 2
3.7792 1.5216 1.91478e-06 2
5.4608 4.5984 1.1812e-07 2
0.7216 18.96 1.51518e-14 3
-1.1152 -0.148802 9.29271e-06 2
4.7776 29.76 6.73404e-22 3
-3.5216 14.8992 2.89791e-12 1
1.4544 10.6512 3.67739e-10 2
-3.0672 -11.3136 0.0248454 2
-0.441601 20.9808 8.06662e-16 3
-4.0288 17.3568 1.26001e-13 1
6.2784 -9.0576 0.00447803 2
-5.376 -3.744 0.000166442 2
-1.7296 3.312 4.87517e-07 2
3.7584 24.2688 4.92449e-18 3
5.6672 -9.57599 0.00639128 2
16.568 20.6016 9.71351e-16 3
8.5872 14.208 5.76134e-12 2
1.9408 -24.9504 0.920778 0
-3.3936 4.9728 1.08776e-07 2
-1.0352 -14.5152 0.127341 2
-7.4432 1.9488 1.63333e-06 1
2.8 -2.44801 4.97861e-05 2
22.6096 24.0864 3.83091e-18 3
22.1888 35.0208 5.97428e-26 3
43.3552 -27.3168 0.982952 0
25.0128 -15.0672 0.0988163 2
21.2336 34.9872 6.55019e-26 3
17.704 22.3152 7.09898e-17 3
23.144 -17.4336 0.269706 2
23.5168 -11.0928 0.0105964 2
13.3712 -0.792 8.28322e-06 2
31.4736 18.072 2.37467e-14 2
26.08 2.2992 4.73268e-07 2
30.1376 -1.68 1.39756e-05 2
29.824 4.6848 5.58361e-08 2
31.6512 0.475199 2.4164e-06 2
17.816 -22.752 0.795111 0
25.9456 -1.9104 1.61151e-05 2
30.8032 -26.1312 0.944751 0
14.704 -3.7104 7.69752e-05 2
19.5216 3.8208 1.32521e-07 2
34.4 4.17118 9.75684e-08 2
31.624 4.5312 6.59273e-08 2
25.216 -13.5168 0.0441063 2
31.7904 -10.9152 0.0109689 2
15.9488 -5.16 0.000216612 2
16.9088 7.1568 6.37298e-09 2
12.752 21.552 2.66834e-16 3
16.5776 30.8592 7.64128e-23 3
32.976 5.304 3.28068e-08 2
30.5472 8.54399 1.34885e-09 2
28.6592 14.2608 2.88107e-12 2
26.88 0.503998 2.22578e-06 2
24.6784 17.616 4.88095e-14 2
29.5856 25.3296 4.22872e-19 3
23.6672 6.984 6.38667e-09 2
22.8976 -29.8512 0.975986 0
19.5232 10.2624 2.64075e-10 2
27.0224 -6.8304 0.000653571 2
30.7328 4.2048 8.7934e-08 2
18.752 20.6448 8.47749e-16 3
24.728 -3.94561 7.82601e-05 2
26.0384 3.792 1.24823e-07 2
22.5504 -3.0096 3.85097e-05 2
35.3088 5.54879 2.75257e-08 2
39.2896 4.4448 8.96248e-08 2
20.8752 -20.0352 0.554336 0
24.464 -15.648 0.129678 2
29.8304 -34.6608 0.993199 0
28.9312 -1.6128 1.29998e-05 2
19.3504 -8.5056 0.00206898 2
26.3136 -31.2528 0.984357 0
-24.1776 1.008 3.17285e-06 1
-14.9232 -10.1808 0.0114438 1
-32.664 -12.0672 0.0426867 1
-22.7248 2.9664 5.50936e-07 1
-38.4464 -17.544 0.496423 1
-22.2448 -11.0064 0.0172228 1
-29.648 -22.2864 0.762574 0
-23.5984 10.8144 2.28293e-10 1
-22.6016 -33.8496 0.963401 0
-22.5968 -2.6208 5.95499e-05 1
-23.5024 -18.1776 0.388092 1
-13.9808 -11.232 0.0216107 1
-27.6896 0.0911987 7.70947e-06 1
-16.1056 23.5056 1.71306e-17 3
-21.0384 -5.256 0.000418813 1
-21.2224 -26.9184 0.912126 0
-14.5152 -42.6432 0.96441 0
-16.1888 22.7184 5.52306e-17 1
-15.328 21.0816 5.93393e-16 1
-39.3824 9.3312 3.47973e-09 1
-27.2064 14.8272 2.6598e-12 1
-25.0944 -12.3504 0.037207 1
-29.5936 -11.6304 0.0288735 1
-18.6896 6.8304 1.37557e-08 1
-29.9776 5.3856 7.6409e-08 1
-25.3232 5.4864 5.60571e-08 1
-28.5376 13.4112 1.51186e-11 1
-20.1536 -8.3376 0.00339451 1
-27.4016 17.8224 6.35852e-14 1
-19.88 11.0448 1.68012e-10 1
-17.1696 -18.4512 0.433118 1
-31.9344 -19.824 0.60294 0
-30.5824 10.5024 4.41204e-10 1
-29.0816 15.1344 2.02918e-12 1
-23.7472 -5.1696 0.000403533 1
-15.3872 43.5888 8.03776e-32 3
-27.6896 -37.8192 0.963527 0
-36.4128 11.9616 1.4595e-10 1
-23.8032 18.4176 2.53731e-14 1
-24.9984 9.768 7.32834e-10 1
-29.5696 18.8688 1.78479e-14 1
-26.68 5.0544 8.88756e-08 1
-28.728 5.3424 7.42401e-08 1
-26.744 5.45279 6.09449e-08 1
-17.0272 6.84 1.37932e-08 1
-22.4816 -14.064 0.085495 1
-17.0208 -3.4704 0.000115103 1
-21.6112 -2.2032 4.26148e-05 1
-30.9456 -3.4992 0.000155221 1
-22.6288 6.5952 1.78262e-08 1
-67.224 -30.4176 0.999778 0
-27.768 -26.2064 0.898733 0
-20.808 -32.4816 0.961238 0
-21.128 -20.6672 0.628036 0
-1.504 -31.6496 0.98371 0
-14.4 -19.84 0.591829 0
-29.808 -21.8976 0.740335 0
-7.896 -18.3328 0.48499 0
-16.304 -26.3888 0.913947 0
7.976 -18.6272 0.450173 2
8.672 -27.2064 0.953142 0
-28.016 -28.3088 0.931895 0
37.232 -27.9408 0.977693 0
10.4 -30.4576 0.978969 0
6.79998 -39.6592 0.993983 0
-36.32 -29.0688 0.957229 0
-10.944 -32.744 0.976542 0
30.16 -32.4272 0.989663 0
-19.776 -29.6112 0.946944 0
16.32 -17.32 0.2628 2
-11.92 -26.904 0.936003 0
9.408 -29.0992 0.971293 0
0.824003 -28.1088 0.96704 0
-9.25601 -33.36 0.980233 0
-5.184 -37.0528 0.988129 0
20.328 -24.3888 0.878044 0
-13.496 -25.4672 0.904622 0
4.912 -26.888 0.952419 0
-18.384 -28.5808 0.939869 0
-13.656 -21.5456 0.737191 0
-18.888 -29.3152 0.945894 0
12.52 -32.5328 0.986142 0
-99 -23.9872 1 0
12.128 -22.9616 0.818755 0
-64.528 -32.5216 0.999623 0
8.008 -26.376 0.94139 0
-10.008 -37.8272 0.982481 0
-8.35201 -34.0864 0.982545 0
-31.408 -31.8832 0.960722 0
-21.344 -22.7408 0.772678 0
8.376 -39.272 0.994022 0
-2.824 -32.0224 0.983934 0
19.96 -32.8064 0.987088 0
49.248 -22.2864 0.937558 0
50.696 -30.8768 0.997165 0
-19.072 -34.976 0.968518 0
6.39199 -25.7728 0.932405 0
10.176 -36.1808 0.992268 0
26.248 -36.176 0.993763 0
-3.76 -37.1936 0.989374 0
-10.496 31.0032 1.18494e-22 3
23.432 24.0624 3.87786e-18 3
24.944 36.3968 5.26755e-27 3
48.056 34.8624 2.81797e-26 3
-12.848 33.7824 1.28433e-24 3
0.831986 26.0496 3.0349e-19 3
27.28 30.8384 5.44306e-23 3
-7.144 37.0096 5.20824e-27 3
-11.168 33.688 1.45181e-24 3
10.088 32.5168 6.03734e-24 3
-6.176 18.0912 4.4502e-14 1
-32.76 26.5552 2.61973e-19 3
23.832 21.4672 2.13139e-16 3
6.528 25.3568 8.22062e-19 3
-11.328 37.2 4.13963e-27 3
-0.176012 27.912 1.53439e-20 3
4.41599 21.3776 4.30117e-16 3
-68.232 33.4672 1.03461e-23 3
38.488 25.9872 1.09757e-19 3
20.84 27.8368 9.59909e-21 3
69.536 35.5712 3.26037e-27 3
-44.08 26.488 4.632e-19 3
9.232 34.496 2.27828e-25 3
18.664 29.3728 8.29953e-22 3
-6.152 10.176 5.7961e-10 1
-32 37.9792 2.12136e-27 3
5.93599 29.1024 1.92111e-21 3
-0.743998 24.8944 1.94861e-18 3
-1.912 37.3968 2.40089e-27 3
7.528 31.7312 2.40956e-23 3
-6.112 36.6384 9.50674e-27 3
-30.752 20.2288 2.96567e-15 1
-42.168 28.2944 2.42293e-20 3
-27.184 22.3216 1.2615e-16 1
56.088 30.2864 4.60023e-23 3
-42.776 26.008 9.45092e-19 3
15.24 29.944 3.62882e-22 3
28.96 31.0448 3.63545e-23 3
-13.08 26.5232 1.62261e-19 3
-8.56 29.0176 2.89593e-21 3
68.4 25.904 4.23204e-20 3
-56.672 36.576 4.89122e-26 3
-47.816 20.9072 3.25508e-15 3
59.472 31.1344 9.604e-24 3
31.464 46.3792 1.37928e-34 3
75.192 35.952 1.29951e-27 3
47.944 16.3232 2.76393e-13 2
-18.656 35.9616 3.93407e-26 3
6.632 29.8288 5.72098e-22 3
-22.296 33.8016 1.56841e-24 3
