1.5952 25.4112 1.91789e-20 3
-2.7952 13.6512 1.0674e-12 1
2.6768 6.0192 7.26918e-09 2
-1.0672 -30.768 0.96905 0
-6.8256 13.4736 1.23177e-12 1
7.064 33.1536 1.78256e-26 3
3.9104 -27.8208 0.940904 0
4.96 1.5744 5.57877e-07 2
7.6848 -19.5504 0.477965 2
-1.3344 -4.40641 0.00013099 2
6.0576 29.5008 1.31446e-23 3
3.5616 26.9232 1.33595e-21 3
7.2368 -7.7664 0.00112995 2
-6.6976 20.5392 5.85302e-17 1
1.8384 3.0624 1.53191e-07 2
-4.8288 41.472 5.21815e-33 3
-8.12 4.7136 2.9382e-08 1
-5.5664 7.5888 1.41684e-09 1
2.4144 22.4448 2.82951e-18 3
5.728 -3.696 5.48813e-05 2
-5.464 -2.04 1.87705e-05 1
-6.384 3.11999 1.54097e-07 1
0.294401 -1.3152 9.43695e-06 2
12.6752 -8.5488 0.00149639 2
-0.491203 3.984 6.52908e-08 2
4.8576 -7.4112 0.000996147 2
2.6512 21.6864 9.72734e-18 3
-0.595203 -3.1392 4.58492e-05 2
3.7792 1.5216 6.2198e-07 2
5.4608 4.5984 2.79826e-08 2
0.7216 18.96 6.97996e-16 1
-1.1152 -0.148802 3.46289e-06 2
4.7776 29.76 8.57386e-24 3
-3.5216 14.8992 2.07049e-13 1
1.4544 10.6512 4.23889e-11 2
-3.0672 -11.3136 0.0181447 2
-0.441601 20.9808 3.08342e-17 3
-4.0288 17.3568 6.98996e-15 1
6.2784 -9.0576 0.00292613 2
-5.376 -3.744 7.85762e-05 1
-1.7296 3.312 1.30442e-07 2
3.7584 24.2688 1.30494e-19 3
5.6672 -9.57599 0.00428688 2
16.568 20.6016 3.47782e-17 2
8.5872 14.208 4.0762e-13 2
1.9408 -24.9504 0.891881 0
-3.3936 4.9728 2.42196e-08 1
-1.0352 -14.5152 0.104093 2
-7.4432 1.9488 4.75361e-07 1
2.8 -2.44801 2.26547e-05 2
22.6096 24.0864 9.74468e-20 3
22.1888 35.0208 3.36109e-28 3
43.3552 -27.3168 0.961841 0
25.0128 -15.0672 0.0647536 2
21.2336 34.9872 3.71586e-28 3
17.704 22.3152 2.17616e-18 3
23.144 -17.4336 0.189016 2
23.5168 -11.0928 0.00642798 2
13.3712 -0.792 3.12283e-06 2
31.4736 18.072 1.14171e-15 2
26.08 2.2992 1.3306e-07 2
30.1376 -1.68 5.4769e-06 2
29.824 4.6848 1.26537e-08 2
31.6512 0.475199 8.11989e-07 2
17.816 -22.752 0.694298 0
25.9456 -1.9104 6.3508e-06 2
30.8032 -26.1312 0.88694 0
14.704 -3.7104 3.54226e-05 2
19.5216 3.8208 3.21588e-08 2
34.4 4.17118 2.40597e-08 2
31.624 4.5312 1.53472e-08 2
25.216 -13.5168 0.0280388 2
31.7904 -10.9152 0.00660534 2
15.9488 -5.16 0.000107782 2
16.9088 7.1568 1.07945e-09 2
12.752 21.552 8.98211e-18 3
16.5776 30.8592 8.07584e-25 3
32.976 5.304 7.12776e-09 2
30.5472 8.54399 1.99967e-10 2
28.6592 14.2608 2.04269e-13 2
26.88 0.503998 7.32019e-07 2
24.6784 17.616 2.29548e-15 2
29.5856 25.3296 9.42192e-21 3
23.6672 6.984 1.10173e-09 2
22.8976 -29.8512 0.938809 0
19.5232 10.2624 3.03416e-11 2
27.0224 -6.8304 0.000340691 2
30.7328 4.2048 2.10271e-08 2
18.752 20.6448 3.00588e-17 2
24.728 -3.94561 3.51534e-05 2
26.0384 3.792 3.04577e-08 2
22.5504 -3.0096 1.63622e-05 2
35.3088 5.54879 5.95322e-09 2
39.2896 4.4448 2.26655e-08 2
20.8752 -20.0352 0.433319 2
24.464 -15.648 0.0861832 2
29.8304 -34.6608 0.971798 0
28.9312 -1.6128 5.04866e-06 2
19.3504 -8.5056 0.00117908 2
26.3136 -31.2528 0.953931 0
-24.1776 1.008 9.9794e-07 1
-14.9232 -10.1808 0.00693833 1
-32.664 -12.0672 0.0269618 1
-22.7248 2.9664 1.48365e-07 1
-38.4464 -17.544 0.403893 1
-22.2448 -11.0064 0.0104894 1
-29.648 -22.2864 0.700268 0
-23.5984 10.8144 3.06753e-11 1
-22.6016 -33.8496 0.94271 0
-22.5968 -2.6208 2.37853e-05 1
-23.5024 -18.1776 0.314204 1
-13.9808 -11.232 0.0138199 1
-27.6896 0.0911987 2.62671e-06 1
-16.1056 23.5056 5.17204e-19 1
-21.0384 -5.256 0.000194916 1
-21.2224 -26.9184 0.884144 0
-14.5152 -42.6432 0.922513 0
-16.1888 22.7184 1.8423e-18 1
-15.328 21.0816 2.39722e-17 1
-39.3824 9.3312 6.15281e-10 1
-27.2064 14.8272 2.46073e-13 1
-25.0944 -12.3504 0.0237862 1
-29.5936 -11.6304 0.0179306 1
-18.6896 6.8304 2.59537e-09 1
-29.9776 5.3856 1.77139e-08 1
-25.3232 5.4864 1.24844e-08 1
-28.5376 13.4112 1.64374e-12 1
-20.1536 -8.3376 0.00184932 1
-27.4016 17.8224 4.25085e-15 1
-19.88 11.0448 2.12753e-11 1
-17.1696 -18.4512 0.363282 1
-31.9344 -19.824 0.520802 0
-30.5824 10.5024 6.52087e-11 1
-29.0816 15.1344 1.855e-13 1
-23.7472 -5.1696 0.000187333 1
-15.3872 43.5888 1.12843e-34 3
-27.6896 -37.8192 0.931776 0
-36.4128 11.9616 1.9779e-11 1
-23.8032 18.4176 1.5224e-15 1
-24.9984 9.768 1.10489e-10 1
-29.5696 18.8688 1.08243e-15 1
-26.68 5.0544 2.07129e-08 1
-28.728 5.3424 1.71287e-08 1
-26.744 5.45279 1.37457e-08 1
-17.0272 6.84 2.57072e-09 1
-22.4816 -14.064 0.0586321 1
-17.0208 -3.4704 4.83172e-05 1
-21.6112 -2.2032 1.65418e-05 1
-30.9456 -3.4992 6.68095e-05 1
-22.6288 6.5952 3.53616e-09 1
-67.224 -30.4176 0.999525 0
-27.768 -26.2064 0.864269 0
-20.808 -32.4816 0.942283 0
-21.128 -20.6672 0.558205 0
-1.504 -31.6496 0.972406 0
-14.4 -19.84 0.528685 0
-29.808 -21.8976 0.674506 0
-7.896 -18.3328 0.432361 0
-16.304 -26.3888 0.889549 0
7.976 -18.6272 0.375991 2
8.672 -27.2064 0.918487 0
-28.016 -28.3088 0.90488 0
37.232 -27.9408 0.947161 0
10.4 -30.4576 0.953099 0
6.79998 -39.6592 0.973129 0
-36.32 -29.0688 0.935782 0
-10.944 -32.744 0.965306 0
30.16 -32.4272 0.965339 0
-19.776 -29.6112 0.926793 0
16.32 -17.32 0.192127 2
-11.92 -26.904 0.918222 0
9.408 -29.0992 0.942951 0
0.824003 -28.1088 0.949704 0
-9.25601 -33.36 0.969788 0
-5.184 -37.0528 0.976913 0
20.328 -24.3888 0.793595 0
-13.496 -25.4672 0.880427 0
4.912 -26.888 0.924667 0
-18.384 -28.5808 0.919213 0
-13.656 -21.5456 0.687913 0
-18.888 -29.3152 0.926079 0
12.52 -32.5328 0.962024 0
-99 -23.9872 1 0
12.128 -22.9616 0.738967 0
-64.528 -32.5216 0.99915 0
8.008 -26.376 0.903953 0
-10.008 -37.8272 0.96837 0
-8.35201 -34.0864 0.972304 0
-31.408 -31.8832 0.93874 0
-21.344 -22.7408 0.719086 0
8.376 -39.272 0.972423 0
-2.824 -32.0224 0.973428 0
19.96 -32.8064 0.959189 0
49.248 -22.2864 0.901027 0
50.696 -30.8768 0.992046 0
-19.072 -34.976 0.949704 0
6.39199 -25.7728 0.895873 0
10.176 -36.1808 0.972147 0
26.248 -36.176 0.970568 0
-3.76 -37.1936 0.97801 0
-10.496 31.0032 1.25156e-24 3
23.432 24.0624 9.89725e-20 3
24.944 36.3968 2.38802e-29 3
48.056 34.8624 1.4852e-28 3
-12.848 33.7824 9.03189e-27 3
0.831986 26.0496 6.44112e-21 3
27.28 30.8384 5.62019e-25 3
-7.144 37.0096 2.23198e-29 3
-11.168 33.688 1.03263e-26 3
10.088 32.5168 5.11394e-26 3
-6.176 18.0912 2.32889e-15 1
-32.76 26.5552 5.76064e-21 3
23.832 21.4672 7.06682e-18 2
6.528 25.3568 1.89543e-20 3
-11.328 37.2 1.72162e-29 3
-0.176012 27.912 2.531e-22 3
4.41599 21.3776 1.55296e-17 3
-68.232 33.4672 7.63924e-26 3
38.488 25.9872 2.31101e-21 3
20.84 27.8368 1.5323e-22 3
69.536 35.5712 1.32396e-29 3
-44.08 26.488 1.01494e-20 3
9.232 34.496 1.44434e-27 3
18.664 29.3728 1.07714e-23 3
-6.152 10.176 7.21775e-11 1
-32 37.9792 8.75642e-30 3
5.93599 29.1024 2.68219e-23 3
-0.743998 24.8944 4.79223e-20 3
-1.912 37.3968 9.79014e-30 3
7.528 31.7312 2.30108e-25 3
-6.112 36.6384 4.32113e-29 3
-30.752 20.2288 1.54241e-16 1
-42.168 28.2944 4.10458e-22 3
-27.184 22.3216 4.85942e-18 1
56.088 30.2864 4.80445e-25 3
-42.776 26.008 2.23393e-20 3
15.24 29.944 4.3905e-24 3
28.96 31.0448 3.63233e-25 3
-13.08 26.5232 3.24333e-21 3
-8.56 29.0176 4.06313e-23 3
68.4 25.904 8.40649e-22 3
-56.672 36.576 2.46019e-28 3
-47.816 20.9072 1.59875e-16 3
59.472 31.1344 8.57804e-26 3
31.464 46.3792 1.22659e-37 3
75.192 35.952 4.72711e-30 3
47.944 16.3232 2.21381e-14 2
-18.656 35.9616 2.03087e-28 3
6.632 29.8288 7.19865e-24 3
-22.296 33.8016 1.14278e-26 3
