-26.68 5.0544
-26.744 5.45279

6.0576 29.5008
5.93599 29.1024

-29.648 -22.2864
-29.808 -21.8976

-16.1056 23.5056
-16.1888 22.7184

2.4144 22.4448
2.6512 21.6864

25.0128 -15.0672
24.464 -15.648

6.2784 -9.0576
5.6672 -9.57599

22.6096 24.0864
23.432 24.0624

6.632 29.8288
5.9968 29.3016

-18.384 -28.5808
-18.888 -29.3152

31.624 4.5312
30.7328 4.2048

22.1888 35.0208
21.2336 34.9872

7.6848 -19.5504
7.976 -18.6272

-1.0672 -30.768
-1.504 -31.6496

1.5952 25.4112
0.831986 26.0496

8.672 -27.2064
8.008 -26.376

-22.5968 -2.6208
-21.6112 -2.2032

-7.144 37.0096
-6.112 36.6384

-9.25601 -33.36
-8.35201 -34.0864

4.96 1.5744
3.7792 1.5216

30.1376 -1.68
28.9312 -1.6128

-29.9776 5.3856
-28.728 5.3424

-19.776 -29.6112
-18.636 -28.948

3.9104 -27.8208
4.912 -26.888

-44.08 26.488
-42.776 26.008

29.824 4.6848
31.1784 4.368

-25.3232 5.4864
-26.712 5.2536

-0.491203 3.984
-1.7296 3.312

-14.9232 -10.1808
-13.9808 -11.232

-5.184 -37.0528
-3.76 -37.1936

-2.7952 13.6512
-3.5216 14.8992

4.7776 29.76
6.20853 29.4773

-1.3344 -4.40641
-0.595203 -3.1392

26.08 2.2992
26.0384 3.792

7.064 33.1536
7.528 31.7312

-6.384 3.11999
-7.4432 1.9488

16.5776 30.8592
15.24 29.944

6.79998 -39.6592
8.376 -39.272

34.4 4.17118
35.3088 5.54879

-18.6896 6.8304
-17.0272 6.84

10.4 -30.4576
9.408 -29.0992

-12.848 33.7824
-11.168 33.688

27.28 30.8384
28.96 31.0448

-5.464 -2.04
-5.376 -3.744

-2.824 -32.0224
-1.2856 -31.2088

-23.5984 10.8144
-24.9984 9.768

-29.5696 18.8688
-30.752 20.2288

-28.5376 13.4112
-29.0816 15.1344

-27.2064 14.8272
-28.8096 14.2728

0.294401 -1.3152
-1.1152 -0.148802

-14.4 -19.84
-13.656 -21.5456

25.216 -13.5168
24.7384 -15.3576

14.704 -3.7104
15.9488 -5.16

32.976 5.304
34.8544 4.85999

17.704 22.3152
18.752 20.6448

16.568 20.6016
18.228 21.48

7.2368 -7.7664
5.9728 -9.31679

4.41599 21.3776
2.5328 22.0656

4.8576 -7.4112
6.39413 -8.8

-21.128 -20.6672
-21.344 -22.7408

-27.768 -26.2064
-28.016 -28.3088

-0.743998 24.8944
1.21359 25.7304

-11.92 -26.904
-13.496 -25.4672

10.088 32.5168
9.232 34.496

-15.328 21.0816
-16.1472 23.112

6.39199 -25.7728
8.34 -26.7912

-22.6016 -33.8496
-20.808 -32.4816

29.8304 -34.6608
30.16 -32.4272

-4.0288 17.3568
-6.176 18.0912

0.7216 18.96
-0.441601 20.9808

-10.944 -32.744
-8.80401 -33.7232

24.728 -3.94561
22.5504 -3.0096

-42.168 28.2944
-43.428 26.248

-24.1776 1.008
-22.7248 2.9664

-8.12 4.7136
-6.9136 2.5344

3.7584 24.2688
3.16053 21.8363

-0.176012 27.912
0.561063 25.4517

25.9456 -1.9104
26.88 0.503998

7.296 32.4424
9.66 33.5064

-3.3936 4.9728
-1.1104 3.648

-5.5664 7.5888
-6.152 10.176

20.84 27.8368
18.664 29.3728

-21.0384 -5.256
-23.7472 -5.1696

23.832 21.4672
23.0208 24.0744

-10.496 31.0032
-8.56 29.0176

-22.104 -2.412
-22.3928 -5.2128

1.8384 3.0624
4.3696 1.548

31.6512 0.475199
29.5344 -1.6464

17.816 -22.752
20.328 -24.3888

-22.2448 -11.0064
-22.4816 -14.064

-25.0944 -12.3504
-22.3632 -12.5352

-0.964801 -3.7728
-0.4104 -0.732

-32.664 -12.0672
-29.5936 -11.6304

-29.3528 5.364
-26.2491 5.3312

2.6768 6.0192
5.4608 4.5984

-21.2224 -26.9184
-19.016 -29.1691

-31.9344 -19.824
-29.728 -22.092

5.728 -3.696
2.8 -2.44801

-19.072 -34.976
-21.7048 -33.1656

23.144 -17.4336
24.8976 -14.744

-6.6976 20.5392
-5.1024 17.724

-27.4016 17.8224
-30.1608 19.5488

3.5616 26.9232
0.376794 26.0668

3.52587 2.0528
4.0688 5.3088

1.9408 -24.9504
0.824003 -28.1088

4.4112 -27.3544
1.3824 -26.5296

-67.224 -30.4176
-64.528 -32.5216

56.088 30.2864
59.472 31.1344

24.944 36.3968
21.7112 35.004

-11.328 37.2
-12.008 33.7352

30.7269 4.4736
34.2283 5.00799

-16.304 -26.3888
-12.708 -26.1856

22.8976 -29.8512
26.3136 -31.2528

-6.8256 13.4736
-3.1584 14.2752

26.0592 3.0456
26.4128 -0.703202

-3.0672 -11.3136
-1.0352 -14.5152

12.52 -32.5328
9.904 -29.7784

-17.1696 -18.4512
-14.028 -20.6928

-27.184 22.3216
-29.2411 18.9733

-39.3824 9.3312
-36.4128 11.9616

20.8752 -20.0352
19.072 -23.5704

0.14 19.9704
3.31 22.4444

-22.6288 6.5952
-24.2984 10.2912

16.9088 7.1568
19.5232 10.2624

13.3712 -0.792
15.3264 -4.4352

10.176 -36.1808
7.58799 -39.4656

-23.5024 -18.1776
-21.236 -21.704

-18.656 35.9616
-22.296 33.8016

15.9088 30.4016
19.752 28.6048

6.528 25.3568
5.8508 29.548

30.5472 8.54399
32.4776 4.7408

-19.88 11.0448
-23.7419 9.0592

23.5168 -11.0928
24.4592 -15.4164

-10.008 -37.8272
-9.51734 -33.3968

30.24 -0.9392
26.236 1.1712

-30.5824 10.5024
-28.2752 14.4576

26.248 -36.176
29.9952 -33.544

-27.6896 0.0911987
-23.4512 1.9872

31.4736 18.072
28.6592 14.2608

-1.912 37.3968
-6.628 36.824

-4.8288 41.472
-5.056 37.0149

27.0224 -6.8304
23.6392 -3.4776

-5.42 -2.892
-0.6876 -2.2524

-27.4906 5.34432
-24.864 1.3552

1.01375 26.2381
2.25333 21.6197

7.69066 -26.4517
2.8968 -26.942

-5.63413 18.6624
-4.3808 14.008

12.752 21.552
17.6747 21.1872

8.478 32.9744
5.98624 28.7098

-13.08 26.5232
-15.8741 22.4352

-20.1536 -8.3376
-22.2484 -3.8124

-17.0208 -3.4704
-21.8294 -4.71744

19.5216 3.8208
18.216 8.7096

23.6672 6.984
18.6512 7.08

-23.8032 18.4176
-28.7268 19.8104

19.96 -32.8064
24.6056 -30.552

-19.5676 -28.6064
-20.8272 -33.7691

-9.528 30.0104
-11.7813 34.8901

-7.31573 3.2608
-1.87147 4.0896

-5.8592 8.8824
-4.5936 3.6752

24.6784 17.616
30.0664 16.1664

-17.8584 6.8352
-22.7764 9.5556

6.01 -8.4528
4.264 -3.072

-36.32 -29.0688
-31.408 -31.8832

69.536 35.5712
75.192 35.952

12.6752 -8.5488
14.6747 -3.2208

12.128 -22.9616
7.8304 -19.0888

-4.472 -37.1232
-9.64001 -34.5044

29.5856 25.3296
28.12 30.9416

27.952 0.266743
24.7669 -4.5952

16.32 -17.32
19.6731 -22.392

43.3552 -27.3168
37.232 -27.9408

-28.852 13.4688
-27.7421 19.5318

-13.9067 -26.2533
-15.0752 -19.9456

-27.892 -27.2576
-30.4635 -21.336

28.7461 -34.4213
23.0571 -31.3035

19.3504 -8.5056
14.1748 -4.5528

10.776 -30.6965
4.95131 -26.7319

23.2912 23.2053
16.444 21.2784

39.2896 4.4448
32.2018 5.28411

-26.5056 3.8484
-21.1371 8.6488

-1.7984 -31.48
-7.91734 -35.3773

17.8304 29.5032
19.3785 22.1042

1.4544 10.6512
3.74304 3.3552

-47.816 20.9072
-43.008 26.9301

-4.9992 38.1292
-10.88 32.9382

-23.2736 -12.4736
-31.1288 -11.8488

-2.26507 -2.4656
-4.91 4.977

3.3616 4.5712
-3.77646 1.78731

-21.9915 -20.5285
-14.4909 -23.0995

9.26293 -20.3797
6.69872 -27.9213

