1.5952 25.4112 0.00686805 3
-2.7952 13.6512 0.019356 3
2.6768 6.0192 0.0354424 3
-1.0672 -30.768 0.123518 2
-6.8256 13.4736 0.0194437 3
7.064 33.1536 0.00339594 3
3.9104 -27.8208 0.116665 2
4.96 1.5744 0.0476111 3
7.6848 -19.5504 0.106329 2
-1.3344 -4.40641 0.0656644 1
6.0576 29.5008 0.00484906 3
3.5616 26.9232 0.00605896 3
7.2368 -7.7664 0.0764446 2
-6.6976 20.5392 0.0102872 3
1.8384 3.0624 0.0429728 3
-4.8288 41.472 0.0011504 3
-8.12 4.7136 0.0386723 3
-5.5664 7.5888 0.0311768 3
2.4144 22.4448 0.0091945 3
5.728 -3.696 0.0635279 2
-5.464 -2.04 0.0588347 3
-6.384 3.11999 0.0429066 3
0.294401 -1.3152 0.0556608 3
12.6752 -8.5488 0.0810359 2
-0.491203 3.984 0.0402878 3
4.8576 -7.4112 0.074957 2
2.6512 21.6864 0.00989048 3
-0.595203 -3.1392 0.0614531 3
3.7792 1.5216 0.047541 3
5.4608 4.5984 0.0395253 3
0.7216 18.96 0.0124667 3
-1.1152 -0.148802 0.0521158 3
4.7776 29.76 0.00464111 3
-3.5216 14.8992 0.0173641 3
1.4544 10.6512 0.0251212 3
-3.0672 -11.3136 0.0892668 1
-0.441601 20.9808 0.0102693 3
-4.0288 17.3568 0.0139669 3
6.2784 -9.0576 0.0801682 2
-5.376 -3.744 0.0645675 1
-1.7296 3.312 0.0420662 3
3.7584 24.2688 0.00785169 3
5.6672 -9.57599 0.081646 2
16.568 20.6016 0.0130853 3
8.5872 14.208 0.0200836 3
1.9408 -24.9504 0.116385 2
-3.3936 4.9728 0.0376153 3
-1.0352 -14.5152 0.0977715 2
-7.4432 1.9488 0.0465686 3
2.8 -2.44801 0.0592537 3
22.6096 24.0864 0.0107545 3
22.1888 35.0208 0.00376972 3
43.3552 -27.3168 0.193416 2
25.0128 -15.0672 0.113046 2
21.2336 34.9872 0.00369993 3
17.704 22.3152 0.0114747 3
23.144 -17.4336 0.11509 2
23.5168 -11.0928 0.0996345 2
13.3712 -0.792 0.0576057 3
31.4736 18.072 0.0218206 3
26.08 2.2992 0.0580753 3
30.1376 -1.68 0.0773603 2
29.824 4.6848 0.0543182 3
31.6512 0.475199 0.0715902 3
17.816 -22.752 0.115541 2
25.9456 -1.9104 0.0722733 2
30.8032 -26.1312 0.141592 2
14.704 -3.7104 0.067416 2
19.5216 3.8208 0.0477814 3
34.4 4.17118 0.0619463 3
31.624 4.5312 0.0569556 3
25.216 -13.5168 0.109375 2
31.7904 -10.9152 0.115086 2
15.9488 -5.16 0.0728491 2
16.9088 7.1568 0.0372764 3
12.752 21.552 0.0113398 3
16.5776 30.8592 0.00505297 3
32.976 5.304 0.0560121 3
30.5472 8.54399 0.0431488 3
28.6592 14.2608 0.0275492 3
26.88 0.503998 0.0650198 3
24.6784 17.616 0.0194896 3
29.5856 25.3296 0.0112683 3
23.6672 6.984 0.0418262 3
22.8976 -29.8512 0.12294 2
19.5232 10.2624 0.0312247 3
27.0224 -6.8304 0.0912416 2
30.7328 4.2048 0.0569754 3
18.752 20.6448 0.0135289 3
24.728 -3.94561 0.0778102 2
26.0384 3.792 0.0532259 3
22.5504 -3.0096 0.0720209 2
35.3088 5.54879 0.0582736 3
39.2896 4.4448 0.0688329 3
20.8752 -20.0352 0.116085 2
24.464 -15.648 0.113467 2
29.8304 -34.6608 0.130487 2
28.9312 -1.6128 0.0752845 2
19.3504 -8.5056 0.0864136 2
26.3136 -31.2528 0.127778 2
-24.1776 1.008 0.0605888 3
-14.9232 -10.1808 0.098943 1
-32.664 -12.0672 0.172035 1
-22.7248 2.9664 0.0509792 3
-38.4464 -17.544 0.271795 1
-22.2448 -11.0064 0.120211 1
-29.648 -22.2864 0.230846 1
-23.5984 10.8144 0.026811 3
-22.6016 -33.8496 0.217071 1
-22.5968 -2.6208 0.0755443 1
-23.5024 -18.1776 0.166134 1
-13.9808 -11.232 0.101872 1
-27.6896 0.0911987 0.0697771 3
-16.1056 23.5056 0.0074978 3
-21.0384 -5.256 0.0861841 1
-21.2224 -26.9184 0.191936 1
-14.5152 -42.6432 0.16005 2
-16.1888 22.7184 0.0081274 3
-15.328 21.0816 0.00958316 3
-39.3824 9.3312 0.0418375 3
-27.2064 14.8272 0.0192092 3
-25.0944 -12.3504 0.138054 1
-29.5936 -11.6304 0.152381 1
-18.6896 6.8304 0.0356015 3
-29.9776 5.3856 0.0480973 3
-25.3232 5.4864 0.0436122 3
-28.5376 13.4112 0.0224725 3
-20.1536 -8.3376 0.100316 1
-27.4016 17.8224 0.0142503 3
-19.88 11.0448 0.0252257 3
-17.1696 -18.4512 0.141093 1
-31.9344 -19.824 0.232292 1
-30.5824 10.5024 0.0307174 3
-29.0816 15.1344 0.0191084 3
-23.7472 -5.1696 0.0909015 1
-15.3872 43.5888 0.000787285 3
-27.6896 -37.8192 0.26823 2
-36.4128 11.9616 0.0299885 3
-23.8032 18.4176 0.0129617 3
-24.9984 9.768 0.0300102 3
-29.5696 18.8688 0.0131103 3
-26.68 5.0544 0.0463107 3
-28.728 5.3424 0.0470428 3
-26.744 5.45279 0.0448568 3
-17.0272 6.84 0.034973 3
-22.4816 -14.064 0.138482 1
-17.0208 -3.4704 0.0720733 1
-21.6112 -2.2032 0.0721064 1
-30.9456 -3.4992 0.0978551 1
-22.6288 6.5952 0.0381388 3
-67.224 -30.4176 0.85767 0
-27.768 -26.2064 0.237102 1
-20.808 -32.4816 0.20198 1
-21.128 -20.6672 0.16708 1
-1.504 -31.6496 0.124282 2
-14.4 -19.84 0.137373 1
-29.808 -21.8976 0.229617 1
-7.896 -18.3328 0.116923 1
-16.304 -26.3888 0.164349 1
7.976 -18.6272 0.104659 2
8.672 -27.2064 0.114104 2
-28.016 -28.3088 0.248748 1
37.232 -27.9408 0.163502 2
10.4 -30.4576 0.113676 2
6.79998 -39.6592 0.105298 2
-36.32 -29.0688 0.347409 0
-10.944 -32.744 0.150373 1
30.16 -32.4272 0.135161 2
-19.776 -29.6112 0.190118 1
16.32 -17.32 0.106196 2
-11.92 -26.904 0.147919 1
9.408 -29.0992 0.114145 2
0.824003 -28.1088 0.119992 2
-9.25601 -33.36 0.144346 2
-5.184 -37.0528 0.129982 2
20.328 -24.3888 0.119671 2
-13.496 -25.4672 0.150684 1
4.912 -26.888 0.115523 2
-18.384 -28.5808 0.179831 1
-13.656 -21.5456 0.140673 1
-18.888 -29.3152 0.18423 1
12.52 -32.5328 0.112388 2
-99 -23.9872 0.97977 0
12.128 -22.9616 0.111772 2
-64.528 -32.5216 0.840248 0
8.008 -26.376 0.113929 2
-10.008 -37.8272 0.145287 2
-8.35201 -34.0864 0.14125 2
-31.408 -31.8832 0.298385 1
-21.344 -22.7408 0.177285 1
8.376 -39.272 0.104732 2
-2.824 -32.0224 0.126819 2
19.96 -32.8064 0.116338 2
49.248 -22.2864 0.226213 2
50.696 -30.8768 0.240249 2
-19.072 -34.976 0.19268 1
6.39199 -25.7728 0.114105 2
10.176 -36.1808 0.108612 2
26.248 -36.176 0.119852 2
-3.76 -37.1936 0.126101 2
-10.496 31.0032 0.00347335 3
23.432 24.0624 0.0109627 3
24.944 36.3968 0.00351072 3
48.056 34.8624 0.0085175 3
-12.848 33.7824 0.00251762 3
0.831986 26.0496 0.00640007 3
27.28 30.8384 0.00640968 3
-7.144 37.0096 0.00185111 3
-11.168 33.688 0.00257671 3
10.088 32.5168 0.00380833 3
-6.176 18.0912 0.0129506 3
-32.76 26.5552 0.00581469 3
23.832 21.4672 0.0138792 3
6.528 25.3568 0.00732002 3
-11.328 37.2 0.00173463 3
-0.176012 27.912 0.00526067 3
4.41599 21.3776 0.010362 3
-68.232 33.4672 0.00529019 3
38.488 25.9872 0.0135876 3
20.84 27.8368 0.00735265 3
69.536 35.5712 0.0216697 3
-44.08 26.488 0.0069213 3
9.232 34.496 0.00306322 3
18.664 29.3728 0.0060809 3
-6.152 10.176 0.0255286 3
-32 37.9792 0.0014625 3
5.93599 29.1024 0.00503727 3
-0.743998 24.8944 0.00705456 3
-1.912 37.3968 0.00189312 3
7.528 31.7312 0.00395736 3
-6.112 36.6384 0.00195227 3
-30.752 20.2288 0.0115114 3
-42.168 28.2944 0.00536069 3
-27.184 22.3216 0.00886169 3
56.088 30.2864 0.0178577 3
-42.776 26.008 0.00715766 3
15.24 29.944 0.00538852 3
28.96 31.0448 0.00655961 3
-13.08 26.5232 0.00551512 3
-8.56 29.0176 0.00435171 3
68.4 25.904 0.0452428 3
-56.672 36.576 0.00244321 3
-47.816 20.9072 0.0147461 3
59.472 31.1344 0.0192915 3
31.464 46.3792 0.00150564 3
75.192 35.952 0.0286404 3
47.944 16.3232 0.040263 3
-18.656 35.9616 0.00189604 3
6.632 29.8288 0.00473119 3
-22.296 33.8016 0.00240784 3
