1.5952 25.4112 9.61843e-21 3
-2.7952 13.6512 7.31495e-13 1
2.6768 6.0192 5.25565e-09 2
-1.0672 -30.768 0.972721 0
-6.8256 13.4736 8.3359e-13 1
7.064 33.1536 7.52784e-27 3
3.9104 -27.8208 0.947252 0
4.96 1.5744 4.15789e-07 2
7.6848 -19.5504 0.475868 2
-1.3344 -4.40641 0.000106268 2
6.0576 29.5008 6.03886e-24 3
3.5616 26.9232 6.48067e-22 3
7.2368 -7.7664 0.000938001 2
-6.6976 20.5392 3.2855e-17 1
1.8384 3.0624 1.13833e-07 2
-4.8288 41.472 1.66847e-33 3
-8.12 4.7136 2.23962e-08 1
-5.5664 7.5888 1.04892e-09 1
2.4144 22.4448 1.54112e-18 3
5.728 -3.696 4.31999e-05 2
-5.464 -2.04 1.52816e-05 1
-6.384 3.11999 1.19662e-07 1
0.294401 -1.3152 7.35211e-06 2
12.6752 -8.5488 0.00128605 2
-0.491203 3.984 4.88647e-08 2
4.8576 -7.4112 0.000819251 2
2.6512 21.6864 5.4212e-18 3
-0.595203 -3.1392 3.65542e-05 2
3.7792 1.5216 4.6476e-07 2
5.4608 4.5984 2.02961e-08 2
0.7216 18.96 4.22773e-16 3
-1.1152 -0.148802 2.69494e-06 2
4.7776 29.76 3.903e-24 3
-3.5216 14.8992 1.38422e-13 1
1.4544 10.6512 2.97697e-11 2
-3.0672 -11.3136 0.0160415 2
-0.441601 20.9808 1.75014e-17 3
-4.0288 17.3568 4.39112e-15 1
6.2784 -9.0576 0.00246489 2
-5.376 -3.744 6.49864e-05 1
-1.7296 3.312 9.89972e-08 2
3.7584 24.2688 6.76653e-20 3
5.6672 -9.57599 0.00363202 2
16.568 20.6016 2.08675e-17 2
8.5872 14.208 2.72314e-13 2
1.9408 -24.9504 0.897645 0
-3.3936 4.9728 1.83043e-08 2
-1.0352 -14.5152 0.0955617 2
-7.4432 1.9488 3.73869e-07 1
2.8 -2.44801 1.7639e-05 2
22.6096 24.0864 5.40253e-20 3
22.1888 35.0208 1.42516e-28 3
43.3552 -27.3168 0.967602 0
25.0128 -15.0672 0.0643449 2
21.2336 34.9872 1.57145e-28 3
17.704 22.3152 1.24655e-18 3
23.144 -17.4336 0.192798 2
23.5168 -11.0928 0.00600859 2
13.3712 -0.792 2.44738e-06 2
31.4736 18.072 7.7155e-16 2
26.08 2.2992 1.07098e-07 2
30.1376 -1.68 4.63568e-06 2
29.824 4.6848 1.0064e-08 2
31.6512 0.475199 6.73794e-07 2
17.816 -22.752 0.714017 0
25.9456 -1.9104 5.33639e-06 2
30.8032 -26.1312 0.903745 0
14.704 -3.7104 2.89187e-05 2
19.5216 3.8208 2.48151e-08 2
34.4 4.17118 1.93457e-08 2
31.624 4.5312 1.22641e-08 2
25.216 -13.5168 0.0272602 2
31.7904 -10.9152 0.00625259 2
15.9488 -5.16 9.01587e-05 2
16.9088 7.1568 7.96751e-10 2
12.752 21.552 5.14756e-18 3
16.5776 30.8592 3.71527e-25 3
32.976 5.304 5.6687e-09 2
30.5472 8.54399 1.54212e-10 2
28.6592 14.2608 1.48387e-13 2
26.88 0.503998 6.01254e-07 2
24.6784 17.616 1.54949e-15 2
29.5856 25.3296 5.13795e-21 3
23.6672 6.984 8.41966e-10 2
22.8976 -29.8512 0.951295 0
19.5232 10.2624 2.21043e-11 2
27.0224 -6.8304 0.000304006 2
30.7328 4.2048 1.68255e-08 2
18.752 20.6448 1.81996e-17 2
24.728 -3.94561 3.01099e-05 2
26.0384 3.792 2.41666e-08 2
22.5504 -3.0096 1.3756e-05 2
35.3088 5.54879 4.73367e-09 2
39.2896 4.4448 1.81656e-08 2
20.8752 -20.0352 0.447979 2
24.464 -15.648 0.0862281 2
29.8304 -34.6608 0.979803 0
28.9312 -1.6128 4.26063e-06 2
19.3504 -8.5056 0.00104706 2
26.3136 -31.2528 0.964571 0
-24.1776 1.008 7.22913e-07 1
-14.9232 -10.1808 0.00597843 1
-32.664 -12.0672 0.0221315 1
-22.7248 2.9664 1.05301e-07 1
-38.4464 -17.544 0.368187 1
-22.2448 -11.0064 0.00867687 1
-29.648 -22.2864 0.66328 0
-23.5984 10.8144 1.90037e-11 1
-22.6016 -33.8496 0.932377 0
-22.5968 -2.6208 1.81513e-05 1
-23.5024 -18.1776 0.28048 1
-13.9808 -11.232 0.0120909 1
-27.6896 0.0911987 1.90636e-06 1
-16.1056 23.5056 2.49514e-19 1
-21.0384 -5.256 0.000154282 1
-21.2224 -26.9184 0.868874 0
-14.5152 -42.6432 0.910581 0
-16.1888 22.7184 9.05573e-19 1
-15.328 21.0816 1.23692e-17 1
-39.3824 9.3312 3.98518e-10 1
-27.2064 14.8272 1.38038e-13 1
-25.0944 -12.3504 0.0196513 1
-29.5936 -11.6304 0.0146099 1
-18.6896 6.8304 1.78158e-09 1
-29.9776 5.3856 1.18859e-08 1
-25.3232 5.4864 8.43311e-09 1
-28.5376 13.4112 9.49416e-13 1
-20.1536 -8.3376 0.0015143 1
-27.4016 17.8224 2.21734e-15 1
-19.88 11.0448 1.34298e-11 1
-17.1696 -18.4512 0.33648 1
-31.9344 -19.824 0.477762 1
-30.5824 10.5024 3.99642e-11 1
-29.0816 15.1344 1.02921e-13 1
-23.7472 -5.1696 0.000146143 1
-15.3872 43.5888 3.07228e-35 3
-27.6896 -37.8192 0.915749 0
-36.4128 11.9616 1.19219e-11 1
-23.8032 18.4176 7.93371e-16 1
-24.9984 9.768 6.93958e-11 1
-29.5696 18.8688 5.47828e-16 1
-26.68 5.0544 1.40301e-08 1
-28.728 5.3424 1.15082e-08 1
-26.744 5.45279 9.25065e-09 1
-17.0272 6.84 1.7878e-09 1
-22.4816 -14.064 0.0497417 1
-17.0208 -3.4704 3.85297e-05 1
-21.6112 -2.2032 1.26285e-05 1
-30.9456 -3.4992 5.05537e-05 1
-22.6288 6.5952 2.37451e-09 1
-67.224 -30.4176 0.999676 0
-27.768 -26.2064 0.842985 0
-20.808 -32.4816 0.933191 0
-21.128 -20.6672 0.523038 0
-1.504 -31.6496 0.975832 0
-14.4 -19.84 0.506613 0
-29.808 -21.8976 0.635922 0
-7.896 -18.3328 0.420228 0
-16.304 -26.3888 0.879789 0
7.976 -18.6272 0.370722 2
8.672 -27.2064 0.927951 0
-28.016 -28.3088 0.888633 0
37.232 -27.9408 0.95643 0
10.4 -30.4576 0.9615 0
6.79998 -39.6592 0.981342 0
-36.32 -29.0688 0.92512 0
-10.944 -32.744 0.964375 0
30.16 -32.4272 0.974024 0
-19.776 -29.6112 0.91703 0
16.32 -17.32 0.191623 2
-11.92 -26.904 0.914975 0
9.408 -29.0992 0.951625 0
0.824003 -28.1088 0.954582 0
-9.25601 -33.36 0.969902 0
-5.184 -37.0528 0.979094 0
20.328 -24.3888 0.814507 0
-13.496 -25.4672 0.87351 0
4.912 -26.888 0.931891 0
-18.384 -28.5808 0.909835 0
-13.656 -21.5456 0.671545 0
-18.888 -29.3152 0.916919 0
12.52 -32.5328 0.970432 0
-99 -23.9872 1 0
12.128 -22.9616 0.752697 0
-64.528 -32.5216 0.999366 0
8.008 -26.376 0.913453 0
-10.008 -37.8272 0.967601 0
-8.35201 -34.0864 0.9729 0
-31.408 -31.8832 0.926758 0
-21.344 -22.7408 0.689892 0
8.376 -39.272 0.98095 0
-2.824 -32.0224 0.976387 0
19.96 -32.8064 0.969237 0
49.248 -22.2864 0.905901 0
50.696 -30.8768 0.993398 0
-19.072 -34.976 0.941835 0
6.39199 -25.7728 0.904441 0
10.176 -36.1808 0.979694 0
26.248 -36.176 0.979551 0
-3.76 -37.1936 0.980835 0
-10.496 31.0032 5.22546e-25 3
23.432 24.0624 5.5048e-20 3
24.944 36.3968 9.86481e-30 3
48.056 34.8624 6.94017e-29 3
-12.848 33.7824 3.46439e-27 3
0.831986 26.0496 3.17391e-21 3
27.28 30.8384 2.68352e-25 3
-7.144 37.0096 8.0698e-30 3
-11.168 33.688 4.00827e-27 3
10.088 32.5168 2.21293e-26 3
-6.176 18.0912 1.41432e-15 1
-32.76 26.5552 2.46918e-21 3
23.832 21.4672 4.25384e-18 3
6.528 25.3568 9.60945e-21 3
-11.328 37.2 6.03673e-30 3
-0.176012 27.912 1.18905e-22 3
4.41599 21.3776 8.75083e-18 3
-68.232 33.4672 2.7317e-26 3
38.488 25.9872 1.25561e-21 3
20.84 27.8368 7.67912e-23 3
69.536 35.5712 6.78984e-30 3
-44.08 26.488 4.35302e-21 3
9.232 34.496 5.93399e-28 3
18.664 29.3728 5.16825e-24 3
-6.152 10.176 5.1704e-11 1
-32 37.9792 2.79512e-30 3
5.93599 29.1024 1.24327e-23 3
-0.743998 24.8944 2.42394e-20 3
-1.912 37.3968 3.59232e-30 3
7.528 31.7312 1.00721e-25 3
-6.112 36.6384 1.58816e-29 3
-30.752 20.2288 7.54558e-17 1
-42.168 28.2944 1.69723e-22 3
-27.184 22.3216 2.28183e-18 1
56.088 30.2864 2.55633e-25 3
-42.776 26.008 9.68129e-21 3
15.24 29.944 2.0535e-24 3
28.96 31.0448 1.73506e-25 3
-13.08 26.5232 1.48519e-21 3
-8.56 29.0176 1.79892e-23 3
68.4 25.904 5.05865e-22 3
-56.672 36.576 8.07758e-29 3
-47.816 20.9072 7.60808e-17 3
59.472 31.1344 4.56844e-26 3
31.464 46.3792 4.88502e-38 3
75.192 35.952 2.48385e-30 3
47.944 16.3232 1.48198e-14 2
-18.656 35.9616 7.10215e-29 3
6.632 29.8288 3.28695e-24 3
-22.296 33.8016 4.19587e-27 3
