1.5952 25.4112 1.30252e-19 3
-2.7952 13.6512 4.02008e-12 1
2.6768 6.0192 1.61214e-08 2
-1.0672 -30.768 0.979066 0
-6.8256 13.4736 4.42183e-12 1
7.064 33.1536 2.12857e-25 3
3.9104 -27.8208 0.958569 0
4.96 1.5744 9.35147e-07 2
7.6848 -19.5504 0.518123 0
-1.3344 -4.40641 0.000173773 2
6.0576 29.5008 1.19219e-22 3
3.5616 26.9232 1.00486e-20 3
7.2368 -7.7664 0.0013367 2
-6.6976 20.5392 2.97464e-16 1
1.8384 3.0624 2.82753e-07 2
-4.8288 41.472 1.19249e-31 3
-8.12 4.7136 6.33134e-08 1
-5.5664 7.5888 3.60141e-09 1
2.4144 22.4448 1.63694e-17 3
5.728 -3.696 7.25586e-05 2
-5.464 -2.04 2.87136e-05 2
-6.384 3.11999 3.04018e-07 1
0.294401 -1.3152 1.39955e-05 2
12.6752 -8.5488 0.00180899 2
-0.491203 3.984 1.29576e-07 2
4.8576 -7.4112 0.00117693 2
2.6512 21.6864 5.44739e-17 3
-0.595203 -3.1392 6.33748e-05 2
3.7792 1.5216 1.04227e-06 2
5.4608 4.5984 5.60262e-08 2
0.7216 18.96 3.48946e-15 3
-1.1152 -0.148802 5.50098e-06 2
4.7776 29.76 7.90302e-23 3
-3.5216 14.8992 8.32403e-13 1
1.4544 10.6512 1.31796e-10 2
-3.0672 -11.3136 0.0204687 2
-0.441601 20.9808 1.65517e-16 3
-4.0288 17.3568 3.15482e-14 1
6.2784 -9.0576 0.00335946 2
-5.376 -3.744 0.00011215 2
-1.7296 3.312 2.51307e-07 2
3.7584 24.2688 8.32309e-19 3
5.6672 -9.57599 0.00486523 2
16.568 20.6016 2.01208e-16 3
8.5872 14.208 1.65906e-12 2
1.9408 -24.9504 0.91275 0
-3.3936 4.9728 5.21788e-08 2
-1.0352 -14.5152 0.111547 2
-7.4432 1.9488 8.87728e-07 1
2.8 -2.44801 3.14994e-05 2
22.6096 24.0864 6.57671e-19 3
22.1888 35.0208 4.8788e-27 3
43.3552 -27.3168 0.980014 0
25.0128 -15.0672 0.0812516 2
21.2336 34.9872 5.36042e-27 3
17.704 22.3152 1.34479e-17 3
23.144 -17.4336 0.232946 2
23.5168 -11.0928 0.00808227 2
13.3712 -0.792 4.78367e-06 2
31.4736 18.072 5.7457e-15 2
26.08 2.2992 2.45034e-07 2
30.1376 -1.68 8.47941e-06 2
29.824 4.6848 2.6431e-08 2
31.6512 0.475199 1.36623e-06 2
17.816 -22.752 0.764218 0
25.9456 -1.9104 9.74056e-06 2
30.8032 -26.1312 0.933771 0
14.704 -3.7104 4.89252e-05 2
19.5216 3.8208 6.36652e-08 2
34.4 4.17118 4.81297e-08 2
31.624 4.5312 3.16344e-08 2
25.216 -13.5168 0.0352421 2
31.7904 -10.9152 0.0084843 2
15.9488 -5.16 0.000143562 2
16.9088 7.1568 2.62098e-09 2
12.752 21.552 5.27778e-17 3
16.5776 30.8592 8.37592e-24 3
32.976 5.304 1.52969e-08 2
30.5472 8.54399 5.33463e-10 2
28.6592 14.2608 8.36298e-13 2
26.88 0.503998 1.23821e-06 2
24.6784 17.616 1.1777e-14 2
29.5856 25.3296 6.78128e-20 3
23.6672 6.984 2.67046e-09 2
22.8976 -29.8512 0.969626 0
19.5232 10.2624 9.28447e-11 2
27.0224 -6.8304 0.000456844 2
30.7328 4.2048 4.2651e-08 2
18.752 20.6448 1.75229e-16 3
24.728 -3.94561 5.032e-05 2
26.0384 3.792 6.0721e-08 2
22.5504 -3.0096 2.39789e-05 2
35.3088 5.54879 1.28325e-08 2
39.2896 4.4448 4.48293e-08 2
20.8752 -20.0352 0.508648 0
24.464 -15.648 0.1078 2
29.8304 -34.6608 0.99058 0
28.9312 -1.6128 7.84014e-06 2
19.3504 -8.5056 0.00149184 2
26.3136 -31.2528 0.979741 0
-24.1776 1.008 1.68597e-06 1
-14.9232 -10.1808 0.00872708 1
-32.664 -12.0672 0.0316741 1
-22.7248 2.9664 2.72439e-07 1
-38.4464 -17.544 0.433312 1
-22.2448 -11.0064 0.0127735 1
-29.648 -22.2864 0.717684 0
-23.5984 10.8144 7.98582e-11 1
-22.6016 -33.8496 0.952004 0
-22.5968 -2.6208 3.57674e-05 1
-23.5024 -18.1776 0.337446 1
-13.9808 -11.232 0.016993 1
-27.6896 0.0911987 4.22986e-06 1
-16.1056 23.5056 2.90619e-18 1
-21.0384 -5.256 0.000272822 1
-21.2224 -26.9184 0.895026 0
-14.5152 -42.6432 0.948802 0
-16.1888 22.7184 9.83906e-18 1
-15.328 21.0816 1.1682e-16 1
-39.3824 9.3312 1.41048e-09 1
-27.2064 14.8272 7.65577e-13 1
-25.0944 -12.3504 0.0280344 1
-29.5936 -11.6304 0.0212472 1
-18.6896 6.8304 5.80509e-09 1
-29.9776 5.3856 3.46555e-08 1
-25.3232 5.4864 2.5063e-08 1
-28.5376 13.4112 4.71394e-12 1
-20.1536 -8.3376 0.00239969 1
-27.4016 17.8224 1.55241e-14 1
-19.88 11.0448 5.78733e-11 1
-17.1696 -18.4512 0.391482 1
-31.9344 -19.824 0.543488 0
-30.5824 10.5024 1.60303e-10 1
-29.0816 15.1344 5.79472e-13 1
-23.7472 -5.1696 0.000260038 1
-15.3872 43.5888 3.04176e-33 3
-27.6896 -37.8192 0.94646 0
-36.4128 11.9616 5.12416e-11 1
-23.8032 18.4176 5.90696e-15 1
-24.9984 9.768 2.70439e-10 1
-29.5696 18.8688 4.14219e-15 1
-26.68 5.0544 4.05279e-08 1
-28.728 5.3424 3.3608e-08 1
-26.744 5.45279 2.73442e-08 1
-17.0272 6.84 5.83535e-09 1
-22.4816 -14.064 0.0674833 1
-17.0208 -3.4704 7.24856e-05 1
-21.6112 -2.2032 2.53276e-05 1
-30.9456 -3.4992 9.52738e-05 1
-22.6288 6.5952 7.58553e-09 1
-67.224 -30.4176 0.999732 0
-27.768 -26.2064 0.874995 0
-20.808 -32.4816 0.950943 0
-21.128 -20.6672 0.582582 0
-1.504 -31.6496 0.981806 0
-14.4 -19.84 0.558222 0
-29.808 -21.8976 0.692818 0
-7.896 -18.3328 0.460039 0
-16.304 -26.3888 0.901496 0
7.976 -18.6272 0.411146 2
8.672 -27.2064 0.944964 0
-28.016 -28.3088 0.913894 0
37.232 -27.9408 0.973035 0
10.4 -30.4576 0.97407 0
6.79998 -39.6592 0.99153 0
-36.32 -29.0688 0.943456 0
-10.944 -32.744 0.97297 0
30.16 -32.4272 0.986355 0
-19.776 -29.6112 0.93572 0
16.32 -17.32 0.227028 2
-11.92 -26.904 0.929268 0
9.408 -29.0992 0.965435 0
0.824003 -28.1088 0.963445 0
-9.25601 -33.36 0.97739 0
-5.184 -37.0528 0.986016 0
20.328 -24.3888 0.856433 0
-13.496 -25.4672 0.893941 0
4.912 -26.888 0.945723 0
-18.384 -28.5808 0.928728 0
-13.656 -21.5456 0.712811 0
-18.888 -29.3152 0.935141 0
12.52 -32.5328 0.98213 0
-99 -23.9872 1 0
12.128 -22.9616 0.792703 0
-64.528 -32.5216 0.99951 0
8.008 -26.376 0.93195 0
-10.008 -37.8272 0.978383 0
-8.35201 -34.0864 0.979987 0
-31.408 -31.8832 0.947007 0
-21.344 -22.7408 0.738088 0
8.376 -39.272 0.991451 0
-2.824 -32.0224 0.982144 0
19.96 -32.8064 0.982855 0
49.248 -22.2864 0.931936 0
50.696 -30.8768 0.996634 0
-19.072 -34.976 0.95928 0
6.39199 -25.7728 0.92269 0
10.176 -36.1808 0.989465 0
26.248 -36.176 0.991021 0
-3.76 -37.1936 0.987462 0
-10.496 31.0032 1.23062e-23 3
23.432 24.0624 6.6724e-19 3
24.944 36.3968 3.89394e-28 3
48.056 34.8624 2.34602e-27 3
-12.848 33.7824 1.08759e-25 3
0.831986 26.0496 4.55013e-20 3
27.28 30.8384 6.00521e-24 3
-7.144 37.0096 3.51207e-28 3
-11.168 33.688 1.24192e-25 3
10.088 32.5168 5.86925e-25 3
-6.176 18.0912 1.06345e-14 1
-32.76 26.5552 3.74373e-20 3
23.832 21.4672 4.24633e-17 3
6.528 25.3568 1.29914e-19 3
-11.328 37.2 2.71845e-28 3
-0.176012 27.912 2.02637e-21 3
4.41599 21.3776 8.65643e-17 3
-68.232 33.4672 8.77786e-25 3
38.488 25.9872 1.708e-20 3
20.84 27.8368 1.29619e-21 3
69.536 35.5712 2.56973e-28 3
-44.08 26.488 6.64985e-20 3
9.232 34.496 1.9206e-26 3
18.664 29.3728 1.00906e-22 3
-6.152 10.176 2.1445e-10 1
-32 37.9792 1.33606e-28 3
5.93599 29.1024 2.36266e-22 3
-0.743998 24.8944 3.1393e-19 3
-1.912 37.3968 1.59897e-28 3
7.528 31.7312 2.47116e-24 3
-6.112 36.6384 6.61632e-28 3
-30.752 20.2288 6.37739e-16 1
-42.168 28.2944 3.07494e-21 3
-27.184 22.3216 2.34801e-17 1
56.088 30.2864 5.35206e-24 3
-42.776 26.008 1.40608e-19 3
15.24 29.944 4.23631e-23 3
28.96 31.0448 3.95705e-24 3
-13.08 26.5232 2.27546e-20 3
-8.56 29.0176 3.46842e-22 3
68.4 25.904 6.73886e-21 3
-56.672 36.576 3.38711e-27 3
-47.816 20.9072 6.85135e-16 3
59.472 31.1344 1.05111e-24 3
31.464 46.3792 4.78077e-36 3
75.192 35.952 9.93621e-29 3
47.944 16.3232 8.10114e-14 2
-18.656 35.9616 2.81914e-27 3
6.632 29.8288 6.69675e-23 3
-22.296 33.8016 1.32343e-25 3
