1.5952 25.4112 3
-2.7952 13.6512 3
2.6768 6.0192 3
-1.0672 -30.768 0
-6.8256 13.4736 3
7.064 33.1536 3
3.9104 -27.8208 0
4.96 1.5744 3
7.6848 -19.5504 0
-1.3344 -4.40641 3
6.0576 29.5008 3
3.5616 26.9232 3
7.2368 -7.7664 2
-6.6976 20.5392 3
1.8384 3.0624 3
-4.8288 41.472 3
-8.12 4.7136 3
-5.5664 7.5888 3
2.4144 22.4448 3
5.728 -3.696 3
-5.464 -2.04 3
-6.384 3.11999 3
0.294401 -1.3152 3
12.6752 -8.5488 2
-0.491203 3.984 3
4.8576 -7.4112 2
2.6512 21.6864 3
-0.595203 -3.1392 3
3.7792 1.5216 3
5.4608 4.5984 3
0.7216 18.96 3
-1.1152 -0.148802 3
4.7776 29.76 3
-3.5216 14.8992 3
1.4544 10.6512 3
-3.0672 -11.3136 0
-0.441601 20.9808 3
-4.0288 17.3568 3
6.2784 -9.0576 2
-5.376 -3.744 1
-1.7296 3.312 3
3.7584 24.2688 3
5.6672 -9.57599 2
16.568 20.6016 3
8.5872 14.208 3
1.9408 -24.9504 0
-3.3936 4.9728 3
-1.0352 -14.5152 0
-7.4432 1.9488 3
2.8 -2.44801 3
22.6096 24.0864 3
22.1888 35.0208 3
43.3552 -27.3168 2
25.0128 -15.0672 2
21.2336 34.9872 3
17.704 22.3152 3
23.144 -17.4336 2
23.5168 -11.0928 2
13.3712 -0.792 3
31.4736 18.072 3
26.08 2.2992 2
30.1376 -1.68 2
29.824 4.6848 2
31.6512 0.475199 2
17.816 -22.752 2
25.9456 -1.9104 2
30.8032 -26.1312 2
14.704 -3.7104 2
19.5216 3.8208 3
34.4 4.17118 2
31.624 4.5312 2
25.216 -13.5168 2
31.7904 -10.9152 2
15.9488 -5.16 2
16.9088 7.1568 3
12.752 21.552 3
16.5776 30.8592 3
32.976 5.304 2
30.5472 8.54399 3
28.6592 14.2608 3
26.88 0.503998 2
24.6784 17.616 3
29.5856 25.3296 3
23.6672 6.984 3
22.8976 -29.8512 2
19.5232 10.2624 3
27.0224 -6.8304 2
30.7328 4.2048 2
18.752 20.6448 3
24.728 -3.94561 2
26.0384 3.792 2
22.5504 -3.0096 2
35.3088 5.54879 2
39.2896 4.4448 2
20.8752 -20.0352 2
24.464 -15.648 2
29.8304 -34.6608 2
28.9312 -1.6128 2
19.3504 -8.5056 2
26.3136 -31.2528 2
-24.1776 1.008 1
-14.9232 -10.1808 1
-32.664 -12.0672 1
-22.7248 2.9664 1
-38.4464 -17.544 1
-22.2448 -11.0064 1
-29.648 -22.2864 1
-23.5984 10.8144 1
-22.6016 -33.8496 1
-22.5968 -2.6208 1
-23.5024 -18.1776 1
-13.9808 -11.232 1
-27.6896 0.0911987 1
-16.1056 23.5056 3
-21.0384 -5.256 1
-21.2224 -26.9184 1
-14.5152 -42.6432 0
-16.1888 22.7184 3
-15.328 21.0816 3
-39.3824 9.3312 1
-27.2064 14.8272 1
-25.0944 -12.3504 1
-29.5936 -11.6304 1
-18.6896 6.8304 1
-29.9776 5.3856 1
-25.3232 5.4864 1
-28.5376 13.4112 1
-20.1536 -8.3376 1
-27.4016 17.8224 1
-19.88 11.0448 1
-17.1696 -18.4512 1
-31.9344 -19.824 1
-30.5824 10.5024 1
-29.0816 15.1344 1
-23.7472 -5.1696 1
-15.3872 43.5888 3
-27.6896 -37.8192 1
-36.4128 11.9616 1
-23.8032 18.4176 3
-24.9984 9.768 1
-29.5696 18.8688 1
-26.68 5.0544 1
-28.728 5.3424 1
-26.744 5.45279 1
-17.0272 6.84 1
-22.4816 -14.064 1
-17.0208 -3.4704 1
-21.6112 -2.2032 1
-30.9456 -3.4992 1
-22.6288 6.5952 1
-67.224 -30.4176 1
-27.768 -26.2064 1
-20.808 -32.4816 1
-21.128 -20.6672 1
-1.504 -31.6496 0
-14.4 -19.84 1
-29.808 -21.8976 1
-7.896 -18.3328 0
-16.304 -26.3888 1
7.976 -18.6272 2
8.672 -27.2064 0
-28.016 -28.3088 1
37.232 -27.9408 2
10.4 -30.4576 0
6.79998 -39.6592 0
-36.32 -29.0688 1
-10.944 -32.744 0
30.16 -32.4272 2
-19.776 -29.6112 1
16.32 -17.32 2
-11.92 -26.904 0
9.408 -29.0992 0
0.824003 -28.1088 0
-9.25601 -33.36 0
-5.184 -37.0528 0
20.328 -24.3888 2
-13.496 -25.4672 0
4.912 -26.888 0
-18.384 -28.5808 1
-13.656 -21.5456 1
-18.888 -29.3152 1
12.52 -32.5328 0
-99 -23.9872 1
12.128 -22.9616 2
-64.528 -32.5216 1
8.008 -26.376 0
-10.008 -37.8272 0
-8.35201 -34.0864 0
-31.408 -31.8832 1
-21.344 -22.7408 1
8.376 -39.272 0
-2.824 -32.0224 0
19.96 -32.8064 2
49.248 -22.2864 2
50.696 -30.8768 2
-19.072 -34.976 0
6.39199 -25.7728 0
10.176 -36.1808 0
26.248 -36.176 2
-3.76 -37.1936 0
-10.496 31.0032 3
23.432 24.0624 3
24.944 36.3968 3
48.056 34.8624 3
-12.848 33.7824 3
0.831986 26.0496 3
27.28 30.8384 3
-7.144 37.0096 3
-11.168 33.688 3
10.088 32.5168 3
-6.176 18.0912 3
-32.76 26.5552 3
23.832 21.4672 3
6.528 25.3568 3
-11.328 37.2 3
-0.176012 27.912 3
4.41599 21.3776 3
-68.232 33.4672 1
38.488 25.9872 3
20.84 27.8368 3
69.536 35.5712 3
-44.08 26.488 1
9.232 34.496 3
18.664 29.3728 3
-6.152 10.176 3
-32 37.9792 3
5.93599 29.1024 3
-0.743998 24.8944 3
-1.912 37.3968 3
7.528 31.7312 3
-6.112 36.6384 3
-30.752 20.2288 1
-42.168 28.2944 1
-27.184 22.3216 3
56.088 30.2864 3
-42.776 26.008 1
15.24 29.944 3
28.96 31.0448 3
-13.08 26.5232 3
-8.56 29.0176 3
68.4 25.904 3
-56.672 36.576 1
-47.816 20.9072 1
59.472 31.1344 3
31.464 46.3792 3
75.192 35.952 3
47.944 16.3232 3
-18.656 35.9616 3
6.632 29.8288 3
-22.296 33.8016 3
