1.5952 25.4112 0.000292936 3
-2.7952 13.6512 0.00312934 3
2.6768 6.0192 0.0116053 3
-1.0672 -30.768 0.124328 1
-6.8256 13.4736 0.00318647 3
7.064 33.1536 5.18566e-05 3
3.9104 -27.8208 0.119684 1
4.96 1.5744 0.0218532 3
7.6848 -19.5504 0.10793 2
-1.3344 -4.40641 0.0426159 1
6.0576 29.5008 0.000122116 3
3.5616 26.9232 0.000213563 3
7.2368 -7.7664 0.0584644 2
-6.6976 20.5392 0.000784772 3
1.8384 3.0624 0.0176507 3
-4.8288 41.472 5.10463e-06 3
-8.12 4.7136 0.0138741 3
-5.5664 7.5888 0.00885256 3
2.4144 22.4448 0.00056531 3
5.728 -3.696 0.0401536 2
-5.464 -2.04 0.0335025 1
-6.384 3.11999 0.0173835 3
0.294401 -1.3152 0.0305047 1
12.6752 -8.5488 0.0647461 2
-0.491203 3.984 0.0153964 3
4.8576 -7.4112 0.0562572 2
2.6512 21.6864 0.000665874 3
-0.595203 -3.1392 0.0373397 1
3.7792 1.5216 0.0218484 3
5.4608 4.5984 0.0145664 3
0.7216 18.96 0.00114782 3
-1.1152 -0.148802 0.0265329 1
4.7776 29.76 0.000112756 3
-3.5216 14.8992 0.00246881 3
1.4544 10.6512 0.00547069 3
-3.0672 -11.3136 0.0766405 1
-0.441601 20.9808 0.000748605 3
-4.0288 17.3568 0.00152788 3
6.2784 -9.0576 0.0642806 2
-5.376 -3.744 0.0404228 1
-1.7296 3.312 0.0168751 3
3.7584 24.2688 0.000387082 3
5.6672 -9.57599 0.0666111 2
16.568 20.6016 0.00102156 3
8.5872 14.208 0.0031238 3
1.9408 -24.9504 0.120831 1
-3.3936 4.9728 0.013271 3
-1.0352 -14.5152 0.0913213 1
-7.4432 1.9488 0.0205146 1
2.8 -2.44801 0.0348105 1
22.6096 24.0864 0.000557126 3
22.1888 35.0208 4.49087e-05 3
43.3552 -27.3168 0.223914 2
25.0128 -15.0672 0.113256 2
21.2336 34.9872 4.42277e-05 3
17.704 22.3152 0.000732163 3
23.144 -17.4336 0.118775 2
23.5168 -11.0928 0.0901361 2
13.3712 -0.792 0.0314945 2
31.4736 18.072 0.00235051 3
26.08 2.2992 0.027007 3
30.1376 -1.68 0.0475492 2
29.824 4.6848 0.0213824 3
31.6512 0.475199 0.0386557 2
17.816 -22.752 0.121744 2
25.9456 -1.9104 0.0442167 2
30.8032 -26.1312 0.155275 2
14.704 -3.7104 0.0436749 2
19.5216 3.8208 0.0194072 3
34.4 4.17118 0.0258618 3
31.624 4.5312 0.0228535 3
25.216 -13.5168 0.106207 2
31.7904 -10.9152 0.107693 2
15.9488 -5.16 0.0509422 2
16.9088 7.1568 0.0114796 3
12.752 21.552 0.000786521 3
16.5776 30.8592 0.000107148 3
32.976 5.304 0.0212304 3
30.5472 8.54399 0.012261 3
28.6592 14.2608 0.00445641 3
26.88 0.503998 0.0343421 2
24.6784 17.616 0.00217418 3
29.5856 25.3296 0.000506172 3
23.6672 6.984 0.0133335 3
22.8976 -29.8512 0.126472 2
19.5232 10.2624 0.00733121 3
27.0224 -6.8304 0.0719258 2
30.7328 4.2048 0.0233757 3
18.752 20.6448 0.00105488 3
24.728 -3.94561 0.0529867 2
26.0384 3.792 0.0221524 3
22.5504 -3.0096 0.046243 2
35.3088 5.54879 0.0218498 3
39.2896 4.4448 0.0287252 3
20.8752 -20.0352 0.121961 2
24.464 -15.648 0.114602 2
29.8304 -34.6608 0.126425 2
28.9312 -1.6128 0.0458406 2
19.3504 -8.5056 0.0705005 2
26.3136 -31.2528 0.130336 2
-24.1776 1.008 0.0292296 1
-14.9232 -10.1808 0.0834577 1
-32.664 -12.0672 0.169222 1
-22.7248 2.9664 0.0212358 1
-38.4464 -17.544 0.313413 1
-22.2448 -11.0064 0.107409 1
-29.648 -22.2864 0.266459 1
-23.5984 10.8144 0.00571852 3
-22.6016 -33.8496 0.231562 1
-22.5968 -2.6208 0.0458182 1
-23.5024 -18.1776 0.177674 1
-13.9808 -11.232 0.0887963 1
-27.6896 0.0911987 0.0363612 1
-16.1056 23.5056 0.000400801 3
-21.0384 -5.256 0.0600646 1
-21.2224 -26.9184 0.214191 1
-14.5152 -42.6432 0.132859 1
-16.1888 22.7184 0.000477801 3
-15.328 21.0816 0.000683855 3
-39.3824 9.3312 0.0107923 3
-27.2064 14.8272 0.00276133 3
-25.0944 -12.3504 0.130702 1
-29.5936 -11.6304 0.144886 1
-18.6896 6.8304 0.0107967 3
-29.9776 5.3856 0.0169341 3
-25.3232 5.4864 0.0149972 3
-28.5376 13.4112 0.00374728 3
-20.1536 -8.3376 0.0803111 1
-27.4016 17.8224 0.00148502 3
-19.88 11.0448 0.00523826 3
-17.1696 -18.4512 0.147014 1
-31.9344 -19.824 0.265926 1
-30.5824 10.5024 0.00685709 3
-29.0816 15.1344 0.00266939 3
-23.7472 -5.1696 0.0637882 1
-15.3872 43.5888 2.50693e-06 3
-27.6896 -37.8192 0.27793 1
-36.4128 11.9616 0.00591877 3
-23.8032 18.4176 0.00125846 3
-24.9984 9.768 0.00708092 3
-29.5696 18.8688 0.00121997 3
-26.68 5.0544 0.0165662 3
-28.728 5.3424 0.0165469 3
-26.744 5.45279 0.0155326 3
-17.0272 6.84 0.0105782 3
-22.4816 -14.064 0.135599 1
-17.0208 -3.4704 0.045095 1
-21.6112 -2.2032 0.0425066 1
-30.9456 -3.4992 0.065062 1
-22.6288 6.5952 0.0118759 3
-67.224 -30.4176 0.930257 0
-27.768 -26.2064 0.273911 1
-20.808 -32.4816 0.216784 1
-21.128 -20.6672 0.18209 1
-1.504 -31.6496 0.123885 1
-14.4 -19.84 0.144118 1
-29.808 -21.8976 0.264601 1
-7.896 -18.3328 0.118018 1
-16.304 -26.3888 0.179254 1
7.976 -18.6272 0.105234 2
8.672 -27.2064 0.117406 2
-28.016 -28.3088 0.286383 1
37.232 -27.9408 0.182355 2
10.4 -30.4576 0.113603 2
6.79998 -39.6592 0.0867112 1
-36.32 -29.0688 0.413355 0
-10.944 -32.744 0.152762 1
30.16 -32.4272 0.137191 2
-19.776 -29.6112 0.208177 1
16.32 -17.32 0.106878 2
-11.92 -26.904 0.15821 1
9.408 -29.0992 0.115756 2
0.824003 -28.1088 0.123281 1
-9.25601 -33.36 0.144272 1
-5.184 -37.0528 0.119079 1
20.328 -24.3888 0.127013 2
-13.496 -25.4672 0.16249 1
4.912 -26.888 0.119075 1
-18.384 -28.5808 0.196694 1
-13.656 -21.5456 0.149557 1
-18.888 -29.3152 0.201186 1
12.52 -32.5328 0.109077 2
-99 -23.9872 0.993218 0
12.128 -22.9616 0.116389 2
-64.528 -32.5216 0.91549 0
8.008 -26.376 0.117695 2
-10.008 -37.8272 0.133829 1
-8.35201 -34.0864 0.139031 1
-31.408 -31.8832 0.341615 1
-21.344 -22.7408 0.196512 1
8.376 -39.272 0.087038 1
-2.824 -32.0224 0.126232 1
19.96 -32.8064 0.113523 2
49.248 -22.2864 0.274374 2
50.696 -30.8768 0.2782 2
-19.072 -34.976 0.197902 1
6.39199 -25.7728 0.118093 2
10.176 -36.1808 0.0979067 2
26.248 -36.176 0.110524 2
-3.76 -37.1936 0.114477 1
-10.496 31.0032 7.07179e-05 3
23.432 24.0624 0.000570459 3
24.944 36.3968 3.4389e-05 3
48.056 34.8624 0.000109756 3
-12.848 33.7824 3.48722e-05 3
0.831986 26.0496 0.000251621 3
27.28 30.8384 0.000138624 3
-7.144 37.0096 1.61157e-05 3
-11.168 33.688 3.61716e-05 3
10.088 32.5168 6.37551e-05 3
-6.176 18.0912 0.00130415 3
-32.76 26.5552 0.00021587 3
23.832 21.4672 0.000991296 3
6.528 25.3568 0.000316006 3
-11.328 37.2 1.46784e-05 3
-0.176012 27.912 0.000162565 3
4.41599 21.3776 0.000725148 3
-68.232 33.4672 8.75812e-05 3
38.488 25.9872 0.000572844 3
20.84 27.8368 0.000235185 3
69.536 35.5712 0.000267843 3
-44.08 26.488 0.000266632 3
9.232 34.496 3.87415e-05 3
18.664 29.3728 0.000158134 3
-6.152 10.176 0.00575333 3
-32 37.9792 1.11833e-05 3
5.93599 29.1024 0.000133768 3
-0.743998 24.8944 0.000320318 3
-1.912 37.3968 1.55894e-05 3
7.528 31.7312 7.36992e-05 3
-6.112 36.6384 1.79518e-05 3
-30.752 20.2288 0.000919113 3
-42.168 28.2944 0.000162483 3
-27.184 22.3216 0.00055021 3
56.088 30.2864 0.00044738 3
-42.776 26.008 0.000291964 3
15.24 29.944 0.000129161 3
28.96 31.0448 0.000138349 3
-13.08 26.5232 0.00020251 3
-8.56 29.0176 0.00011571 3
68.4 25.904 0.00212516 3
-56.672 36.576 2.46374e-05 3
-47.816 20.9072 0.00114381 3
59.472 31.1344 0.000434571 3
31.464 46.3792 3.1661e-06 3
75.192 35.952 0.000340973 3
47.944 16.3232 0.00555036 3
-18.656 35.9616 1.92537e-05 3
6.632 29.8288 0.000114081 3
-22.296 33.8016 3.33608e-05 3
