1.5952 25.4112 3.87608e-08 3
-2.7952 13.6512 1.97757e-05 3
2.6768 6.0192 0.000550486 3
-1.0672 -30.768 0.265061 1
-6.8256 13.4736 2.14769e-05 3
7.064 33.1536 3.38552e-10 3
3.9104 -27.8208 0.258584 1
4.96 1.5744 0.002798 3
7.6848 -19.5504 0.19072 2
-1.3344 -4.40641 0.0164549 1
6.0576 29.5008 3.40565e-09 3
3.5616 26.9232 1.60458e-08 3
7.2368 -7.7664 0.0370149 2
-6.6976 20.5392 5.88823e-07 3
1.8384 3.0624 0.00165067 3
-4.8288 41.472 1.05366e-12 3
-8.12 4.7136 0.000909875 3
-5.5664 7.5888 0.000290329 3
2.4144 22.4448 2.12444e-07 3
5.728 -3.696 0.0137914 2
-5.464 -2.04 0.00869159 1
-6.384 3.11999 0.00162258 1
0.294401 -1.3152 0.00690352 1
12.6752 -8.5488 0.0456756 2
-0.491203 3.984 0.00117734 3
4.8576 -7.4112 0.0339033 2
2.6512 21.6864 3.24156e-07 3
-0.595203 -3.1392 0.0116882 1
3.7792 1.5216 0.00283043 3
5.4608 4.5984 0.000961232 3
0.7216 18.96 1.39684e-06 3
-1.1152 -0.148802 0.00482057 1
4.7776 29.76 2.87055e-09 3
-3.5216 14.8992 1.08287e-05 3
1.4544 10.6512 7.94122e-05 3
-3.0672 -11.3136 0.073726 1
-0.441601 20.9808 4.70105e-07 3
-4.0288 17.3568 3.16499e-06 3
6.2784 -9.0576 0.0479806 2
-5.376 -3.744 0.0140582 1
-1.7296 3.312 0.00150055 3
3.7584 24.2688 7.61844e-08 3
5.6672 -9.57599 0.0529044 2
16.568 20.6016 6.67374e-07 3
8.5872 14.208 1.61139e-05 3
1.9408 -24.9504 0.250655 1
-3.3936 4.9728 0.000813412 3
-1.0352 -14.5152 0.117524 1
-7.4432 1.9488 0.00246201 1
2.8 -2.44801 0.00965469 1
22.6096 24.0864 1.04503e-07 3
22.1888 35.0208 1.20695e-10 3
43.3552 -27.3168 0.467496 0
25.0128 -15.0672 0.157377 2
21.2336 34.9872 1.21483e-10 3
17.704 22.3152 2.64284e-07 3
23.144 -17.4336 0.191807 2
23.5168 -11.0928 0.0876215 2
13.3712 -0.792 0.00645544 2
31.4736 18.072 3.2837e-06 3
26.08 2.2992 0.00294949 2
30.1376 -1.68 0.0117809 2
29.824 4.6848 0.00134971 3
31.6512 0.475199 0.00625912 2
17.816 -22.752 0.245164 2
25.9456 -1.9104 0.011343 2
30.8032 -26.1312 0.335611 2
14.704 -3.7104 0.0151321 2
19.5216 3.8208 0.00150988 3
34.4 4.17118 0.00184028 3
31.624 4.5312 0.00149467 3
25.216 -13.5168 0.130642 2
31.7904 -10.9152 0.10562 2
15.9488 -5.16 0.0223577 2
16.9088 7.1568 0.000401849 3
12.752 21.552 3.79763e-07 3
16.5776 30.8592 1.63251e-09 3
32.976 5.304 0.00115055 3
30.5472 8.54399 0.000291258 3
28.6592 14.2608 2.09136e-05 3
26.88 0.503998 0.00549734 2
24.6784 17.616 3.64505e-06 3
29.5856 25.3296 5.78273e-08 3
23.6672 6.984 0.000481713 3
22.8976 -29.8512 0.283885 2
19.5232 10.2624 0.000112632 3
27.0224 -6.8304 0.0416393 2
30.7328 4.2048 0.0016528 3
18.752 20.6448 6.71211e-07 3
24.728 -3.94561 0.019438 2
26.0384 3.792 0.00172853 3
22.5504 -3.0096 0.0143773 2
35.3088 5.54879 0.00111222 3
39.2896 4.4448 0.00191072 3
20.8752 -20.0352 0.223466 2
24.464 -15.648 0.165763 2
29.8304 -34.6608 0.274809 2
28.9312 -1.6128 0.0111856 2
19.3504 -8.5056 0.0501087 2
26.3136 -31.2528 0.292451 2
-24.1776 1.008 0.00442162 1
-14.9232 -10.1808 0.0720827 1
-32.664 -12.0672 0.18584 1
-22.7248 2.9664 0.00212197 1
-38.4464 -17.544 0.460752 0
-22.2448 -11.0064 0.103221 1
-29.648 -22.2864 0.456455 0
-23.5984 10.8144 8.49528e-05 3
-22.6016 -33.8496 0.417943 0
-22.5968 -2.6208 0.0136853 1
-23.5024 -18.1776 0.282491 1
-13.9808 -11.232 0.0856602 1
-27.6896 0.0911987 0.00668591 1
-16.1056 23.5056 1.1506e-07 3
-21.0384 -5.256 0.0275084 1
-21.2224 -26.9184 0.409121 0
-14.5152 -42.6432 0.179668 1
-16.1888 22.7184 1.80015e-07 3
-15.328 21.0816 4.46089e-07 3
-39.3824 9.3312 0.000248387 3
-27.2064 14.8272 1.34016e-05 3
-25.0944 -12.3504 0.143864 1
-29.5936 -11.6304 0.151501 1
-18.6896 6.8304 0.000439402 3
-29.9776 5.3856 0.0010031 1
-25.3232 5.4864 0.00085572 1
-28.5376 13.4112 2.75112e-05 3
-20.1536 -8.3376 0.0564862 1
-27.4016 17.8224 2.91245e-06 3
-19.88 11.0448 7.23637e-05 3
-17.1696 -18.4512 0.239327 1
-31.9344 -19.824 0.429617 0
-30.5824 10.5024 0.000112993 3
-29.0816 15.1344 1.19072e-05 3
-23.7472 -5.1696 0.0291206 1
-15.3872 43.5888 2.1817e-13 3
-27.6896 -37.8192 0.437856 0
-36.4128 11.9616 6.67879e-05 3
-23.8032 18.4176 2.02002e-06 3
-24.9984 9.768 0.000139452 3
-29.5696 18.8688 1.73557e-06 3
-26.68 5.0544 0.00104926 1
-28.728 5.3424 0.000986281 1
-26.744 5.45279 0.000896922 1
-17.0272 6.84 0.000427787 3
-22.4816 -14.064 0.170606 1
-17.0208 -3.4704 0.0153125 1
-21.6112 -2.2032 0.0117546 1
-30.9456 -3.4992 0.0234302 1
-22.6288 6.5952 0.000516812 3
-67.224 -30.4176 0.979657 0
-27.768 -26.2064 0.490992 0
-20.808 -32.4816 0.40559 0
-21.128 -20.6672 0.317752 1
-1.504 -31.6496 0.261983 1
-14.4 -19.84 0.249634 1
-29.808 -21.8976 0.450334 0
-7.896 -18.3328 0.19324 1
-16.304 -26.3888 0.353478 1
7.976 -18.6272 0.17787 2
8.672 -27.2064 0.255034 2
-28.016 -28.3088 0.511354 0
37.232 -27.9408 0.395739 2
10.4 -30.4576 0.250622 2
6.79998 -39.6592 0.150149 1
-36.32 -29.0688 0.654565 0
-10.944 -32.744 0.305424 1
30.16 -32.4272 0.305722 2
-19.776 -29.6112 0.402178 0
16.32 -17.32 0.169799 2
-11.92 -26.904 0.320787 1
9.408 -29.0992 0.254855 2
0.824003 -28.1088 0.26457 1
-9.25601 -33.36 0.288352 1
-5.184 -37.0528 0.22092 1
20.328 -24.3888 0.267169 2
-13.496 -25.4672 0.322578 1
4.912 -26.888 0.255772 1
-18.384 -28.5808 0.385103 0
-13.656 -21.5456 0.274601 1
-18.888 -29.3152 0.391876 0
12.52 -32.5328 0.238293 2
-99 -23.9872 0.998739 0
12.128 -22.9616 0.234447 2
-64.528 -32.5216 0.972629 0
8.008 -26.376 0.252874 2
-10.008 -37.8272 0.236463 1
-8.35201 -34.0864 0.275496 1
-31.408 -31.8832 0.57003 0
-21.344 -22.7408 0.359275 1
8.376 -39.272 0.154508 1
-2.824 -32.0224 0.264595 1
19.96 -32.8064 0.250791 2
49.248 -22.2864 0.510164 0
50.696 -30.8768 0.558078 0
-19.072 -34.976 0.360425 1
6.39199 -25.7728 0.250749 1
10.176 -36.1808 0.197317 1
26.248 -36.176 0.231953 2
-3.76 -37.1936 0.212532 1
-10.496 31.0032 1.23515e-09 3
23.432 24.0624 1.07377e-07 3
24.944 36.3968 5.05328e-11 3
48.056 34.8624 2.51324e-10 3
-12.848 33.7824 2.05061e-10 3
0.831986 26.0496 2.65214e-08 3
27.28 30.8384 1.967e-09 3
-7.144 37.0096 2.37783e-11 3
-11.168 33.688 2.1824e-10 3
10.088 32.5168 5.26249e-10 3
-6.176 18.0912 2.1619e-06 3
-32.76 26.5552 2.29488e-08 3
23.832 21.4672 4.63165e-07 3
6.528 25.3568 4.13882e-08 3
-11.328 37.2 2.06727e-11 3
-0.176012 27.912 8.65216e-09 3
4.41599 21.3776 3.88492e-07 3
-68.232 33.4672 8.09725e-10 3
38.488 25.9872 4.8223e-08 3
20.84 27.8368 1.11942e-08 3
69.536 35.5712 3.59919e-10 3
-44.08 26.488 3.06534e-08 3
9.232 34.496 1.43565e-10 3
18.664 29.3728 4.24339e-09 3
-6.152 10.176 9.68092e-05 3
-32 37.9792 1.33277e-11 3
5.93599 29.1024 4.35147e-09 3
-0.743998 24.8944 5.17676e-08 3
-1.912 37.3968 1.86841e-11 3
7.528 31.7312 8.49087e-10 3
-6.112 36.6384 3.07315e-11 3
-30.752 20.2288 8.48519e-07 3
-42.168 28.2944 9.6037e-09 3
-27.184 22.3216 2.49962e-07 3
56.088 30.2864 6.18903e-09 3
-42.776 26.008 3.96112e-08 3
15.24 29.944 2.84476e-09 3
28.96 31.0448 1.78551e-09 3
-13.08 26.5232 1.95277e-08 3
-8.56 29.0176 4.28515e-09 3
68.4 25.904 1.42424e-07 3
-56.672 36.576 6.21212e-11 3
-47.816 20.9072 9.00595e-07 3
59.472 31.1344 4.13725e-09 3
31.464 46.3792 4.73084e-14 3
75.192 35.952 3.63258e-10 3
47.944 16.3232 1.2455e-05 3
-18.656 35.9616 4.83583e-11 3
6.632 29.8288 2.79173e-09 3
-22.296 33.8016 2.08572e-10 3
