1.5952 25.4112 1.75388e-20 3
-2.7952 13.6512 1.01414e-12 1
2.6768 6.0192 6.96594e-09 2
-1.0672 -30.768 0.969397 0
-6.8256 13.4736 1.1719e-12 1
7.064 33.1536 1.5889e-26 3
3.9104 -27.8208 0.942015 0
4.96 1.5744 5.39763e-07 2
7.6848 -19.5504 0.480706 2
-1.3344 -4.40641 0.00012831 2
6.0576 29.5008 1.18571e-23 3
3.5616 26.9232 1.21511e-21 3
7.2368 -7.7664 0.0011177 2
-6.6976 20.5392 5.45505e-17 1
1.8384 3.0624 1.47787e-07 2
-4.8288 41.472 4.50189e-33 3
-8.12 4.7136 2.83603e-08 1
-5.5664 7.5888 1.36215e-09 1
2.4144 22.4448 2.61052e-18 3
5.728 -3.696 5.3763e-05 2
-5.464 -2.04 1.83064e-05 1
-6.384 3.11999 1.49158e-07 1
0.294401 -1.3152 9.18985e-06 2
12.6752 -8.5488 0.00148658 2
-0.491203 3.984 6.29596e-08 2
4.8576 -7.4112 0.000983471 2
2.6512 21.6864 8.99293e-18 3
-0.595203 -3.1392 4.4809e-05 2
3.7792 1.5216 6.01802e-07 2
5.4608 4.5984 2.68828e-08 2
0.7216 18.96 6.51942e-16 1
-1.1152 -0.148802 3.36586e-06 2
4.7776 29.76 7.72786e-24 3
-3.5216 14.8992 1.96312e-13 1
1.4544 10.6512 4.02869e-11 2
-3.0672 -11.3136 0.0179596 2
-0.441601 20.9808 2.86527e-17 3
-4.0288 17.3568 6.58754e-15 1
6.2784 -9.0576 0.00290092 2
-5.376 -3.744 7.68188e-05 1
-1.7296 3.312 1.26042e-07 2
3.7584 24.2688 1.19632e-19 3
5.6672 -9.57599 0.00425326 2
16.568 20.6016 3.22414e-17 2
8.5872 14.208 3.82397e-13 2
1.9408 -24.9504 0.893286 0
-3.3936 4.9728 2.33611e-08 1
-1.0352 -14.5152 0.103766 2
-7.4432 1.9488 4.60782e-07 1
2.8 -2.44801 2.21125e-05 2
22.6096 24.0864 8.99702e-20 3
22.1888 35.0208 2.99667e-28 3
43.3552 -27.3168 0.961005 0
25.0128 -15.0672 0.0649327 2
21.2336 34.9872 3.31123e-28 3
17.704 22.3152 2.00997e-18 3
23.144 -17.4336 0.189884 2
23.5168 -11.0928 0.00642542 2
13.3712 -0.792 3.05447e-06 2
31.4736 18.072 1.0879e-15 2
26.08 2.2992 1.30691e-07 2
30.1376 -1.68 5.41935e-06 2
29.824 4.6848 1.24126e-08 2
31.6512 0.475199 8.01749e-07 2
17.816 -22.752 0.697015 0
25.9456 -1.9104 6.27766e-06 2
30.8032 -26.1312 0.887021 0
14.704 -3.7104 3.48987e-05 2
19.5216 3.8208 3.13187e-08 2
34.4 4.17118 2.36753e-08 2
31.624 4.5312 1.50747e-08 2
25.216 -13.5168 0.0280826 2
31.7904 -10.9152 0.00658662 2
15.9488 -5.16 0.000106574 2
16.9088 7.1568 1.04016e-09 2
12.752 21.552 8.27952e-18 3
16.5776 30.8592 7.2764e-25 3
32.976 5.304 6.99898e-09 2
30.5472 8.54399 1.95041e-10 2
28.6592 14.2608 1.96433e-13 2
26.88 0.503998 7.21354e-07 2
24.6784 17.616 2.1728e-15 2
29.5856 25.3296 8.71483e-21 3
23.6672 6.984 1.0705e-09 2
22.8976 -29.8512 0.939468 0
19.5232 10.2624 2.91122e-11 2
27.0224 -6.8304 0.000338938 2
30.7328 4.2048 2.06527e-08 2
18.752 20.6448 2.79329e-17 2
24.728 -3.94561 3.48328e-05 2
26.0384 3.792 2.98394e-08 2
22.5504 -3.0096 1.6176e-05 2
35.3088 5.54879 5.85062e-09 2
39.2896 4.4448 2.23287e-08 2
20.8752 -20.0352 0.4355 2
24.464 -15.648 0.0864706 2
29.8304 -34.6608 0.971774 0
28.9312 -1.6128 4.99367e-06 2
19.3504 -8.5056 0.0011742 2
26.3136 -31.2528 0.95422 0
-24.1776 1.008 9.5441e-07 1
-14.9232 -10.1808 0.00676669 1
-32.664 -12.0672 0.0262704 1
-22.7248 2.9664 1.41552e-07 1
-38.4464 -17.544 0.40022 1
-22.2448 -11.0064 0.0101858 1
-29.648 -22.2864 0.695077 0
-23.5984 10.8144 2.87489e-11 1
-22.6016 -33.8496 0.940607 0
-22.5968 -2.6208 2.28961e-05 1
-23.5024 -18.1776 0.308319 1
-13.9808 -11.232 0.0135006 1
-27.6896 0.0911987 2.51219e-06 1
-16.1056 23.5056 4.71764e-19 1
-21.0384 -5.256 0.000188405 1
-21.2224 -26.9184 0.880935 0
-14.5152 -42.6432 0.918477 0
-16.1888 22.7184 1.6848e-18 1
-15.328 21.0816 2.20738e-17 1
-39.3824 9.3312 5.75654e-10 1
-27.2064 14.8272 2.27202e-13 1
-25.0944 -12.3504 0.0231149 1
-29.5936 -11.6304 0.0174291 1
-18.6896 6.8304 2.46847e-09 1
-29.9776 5.3856 1.67459e-08 1
-25.3232 5.4864 1.18281e-08 1
-28.5376 13.4112 1.52226e-12 1
-20.1536 -8.3376 0.00179371 1
-27.4016 17.8224 3.88893e-15 1
-19.88 11.0448 2.00202e-11 1
-17.1696 -18.4512 0.357432 1
-31.9344 -19.824 0.515149 0
-30.5824 10.5024 6.08191e-11 1
-29.0816 15.1344 1.7083e-13 1
-23.7472 -5.1696 0.000180806 1
-15.3872 43.5888 9.50367e-35 3
-27.6896 -37.8192 0.929237 0
-36.4128 11.9616 1.83399e-11 1
-23.8032 18.4176 1.39602e-15 1
-24.9984 9.768 1.03674e-10 1
-29.5696 18.8688 9.85373e-16 1
-26.68 5.0544 1.96248e-08 1
-28.728 5.3424 1.62018e-08 1
-26.744 5.45279 1.30117e-08 1
-17.0272 6.84 2.45008e-09 1
-22.4816 -14.064 0.0570936 1
-17.0208 -3.4704 4.67617e-05 1
-21.6112 -2.2032 1.59246e-05 1
-30.9456 -3.4992 6.42811e-05 1
-22.6288 6.5952 3.35011e-09 1
-67.224 -30.4176 0.999567 0
-27.768 -26.2064 0.861026 0
-20.808 -32.4816 0.940235 0
-21.128 -20.6672 0.551388 0
-1.504 -31.6496 0.972677 0
-14.4 -19.84 0.522948 0
-29.808 -21.8976 0.669115 0
-7.896 -18.3328 0.429435 0
-16.304 -26.3888 0.8867 0
7.976 -18.6272 0.378246 2
8.672 -27.2064 0.920056 0
-28.016 -28.3088 0.90241 0
37.232 -27.9408 0.946621 0
10.4 -30.4576 0.954151 0
6.79998 -39.6592 0.973899 0
-36.32 -29.0688 0.934767 0
-10.944 -32.744 0.964366 0
30.16 -32.4272 0.965329 0
-19.776 -29.6112 0.924484 0
16.32 -17.32 0.193333 2
-11.92 -26.904 0.916475 0
9.408 -29.0992 0.944173 0
0.824003 -28.1088 0.950445 0
-9.25601 -33.36 0.969088 0
-5.184 -37.0528 0.976651 0
20.328 -24.3888 0.795596 0
-13.496 -25.4672 0.87781 0
4.912 -26.888 0.926045 0
-18.384 -28.5808 0.916798 0
-13.656 -21.5456 0.683042 0
-18.888 -29.3152 0.923784 0
12.52 -32.5328 0.962889 0
-99 -23.9872 1 0
12.128 -22.9616 0.741951 0
-64.528 -32.5216 0.999216 0
8.008 -26.376 0.905698 0
-10.008 -37.8272 0.967304 0
-8.35201 -34.0864 0.97172 0
-31.408 -31.8832 0.937177 0
-21.344 -22.7408 0.713326 0
8.376 -39.272 0.973213 0
-2.824 -32.0224 0.973551 0
19.96 -32.8064 0.959805 0
49.248 -22.2864 0.898387 0
50.696 -30.8768 0.991677 0
-19.072 -34.976 0.947713 0
6.39199 -25.7728 0.897661 0
10.176 -36.1808 0.972889 0
26.248 -36.176 0.970718 0
-3.76 -37.1936 0.977923 0
-10.496 31.0032 1.11786e-24 3
23.432 24.0624 9.14554e-20 3
24.944 36.3968 2.1224e-29 3
48.056 34.8624 1.34736e-28 3
-12.848 33.7824 7.96325e-27 3
0.831986 26.0496 5.87952e-21 3
27.28 30.8384 5.10043e-25 3
-7.144 37.0096 1.95357e-29 3
-11.168 33.688 9.12316e-27 3
10.088 32.5168 4.57084e-26 3
-6.176 18.0912 2.18976e-15 1
-32.76 26.5552 5.12944e-21 3
23.832 21.4672 6.58969e-18 2
6.528 25.3568 1.73048e-20 3
-11.328 37.2 1.49967e-29 3
-0.176012 27.912 2.29624e-22 3
4.41599 21.3776 1.43458e-17 3
-68.232 33.4672 6.58245e-26 3
38.488 25.9872 2.14322e-21 3
20.84 27.8368 1.39709e-22 3
69.536 35.5712 1.21652e-29 3
-44.08 26.488 9.0388e-21 3
9.232 34.496 1.28188e-27 3
18.664 29.3728 9.76166e-24 3
-6.152 10.176 6.91026e-11 1
-32 37.9792 7.45232e-30 3
5.93599 29.1024 2.42249e-23 3
-0.743998 24.8944 4.39378e-20 3
-1.912 37.3968 8.58215e-30 3
7.528 31.7312 2.06107e-25 3
-6.112 36.6384 3.79043e-29 3
-30.752 20.2288 1.39769e-16 1
-42.168 28.2944 3.63325e-22 3
-27.184 22.3216 4.38972e-18 1
56.088 30.2864 4.43962e-25 3
-42.776 26.008 1.99242e-20 3
15.24 29.944 3.9642e-24 3
28.96 31.0448 3.29796e-25 3
-13.08 26.5232 2.93789e-21 3
-8.56 29.0176 3.66189e-23 3
68.4 25.904 7.90372e-22 3
-56.672 36.576 2.09647e-28 3
-47.816 20.9072 1.44787e-16 3
59.472 31.1344 7.92571e-26 3
31.464 46.3792 1.22257e-37 3
75.192 35.952 4.3576e-30 3
47.944 16.3232 2.13528e-14 2
-18.656 35.9616 1.76313e-28 3
6.632 29.8288 6.48693e-24 3
-22.296 33.8016 9.9751e-27 3
