1.5952 25.4112 9.4886e-21 3
-2.7952 13.6512 7.20564e-13 1
2.6768 6.0192 5.23243e-09 2
-1.0672 -30.768 0.972242 0
-6.8256 13.4736 8.23955e-13 1
7.064 33.1536 7.37452e-27 3
3.9104 -27.8208 0.946671 0
4.96 1.5744 4.17366e-07 2
7.6848 -19.5504 0.476631 2
-1.3344 -4.40641 0.000106992 2
6.0576 29.5008 5.93413e-24 3
3.5616 26.9232 6.38407e-22 3
7.2368 -7.7664 0.000948765 2
-6.6976 20.5392 3.25462e-17 1
1.8384 3.0624 1.13882e-07 2
-4.8288 41.472 1.63283e-33 3
-8.12 4.7136 2.22723e-08 1
-5.5664 7.5888 1.04033e-09 1
2.4144 22.4448 1.51885e-18 3
5.728 -3.696 4.36222e-05 2
-5.464 -2.04 1.52946e-05 1
-6.384 3.11999 1.19187e-07 1
0.294401 -1.3152 7.39192e-06 2
12.6752 -8.5488 0.00129826 2
-0.491203 3.984 4.87572e-08 2
4.8576 -7.4112 0.000828771 2
2.6512 21.6864 5.33868e-18 3
-0.595203 -3.1392 3.67916e-05 2
3.7792 1.5216 4.66412e-07 2
5.4608 4.5984 2.02745e-08 2
0.7216 18.96 4.15745e-16 3
-1.1152 -0.148802 2.70305e-06 2
4.7776 29.76 3.8361e-24 3
-3.5216 14.8992 1.36392e-13 1
1.4544 10.6512 2.93708e-11 2
-3.0672 -11.3136 0.0161491 2
-0.441601 20.9808 1.72643e-17 3
-4.0288 17.3568 4.33218e-15 1
6.2784 -9.0576 0.00249378 2
-5.376 -3.744 6.51191e-05 1
-1.7296 3.312 9.88099e-08 2
3.7584 24.2688 6.66862e-20 3
5.6672 -9.57599 0.00367478 2
16.568 20.6016 2.04069e-17 2
8.5872 14.208 2.6671e-13 2
1.9408 -24.9504 0.897238 0
-3.3936 4.9728 1.82141e-08 2
-1.0352 -14.5152 0.0962465 2
-7.4432 1.9488 3.72608e-07 1
2.8 -2.44801 1.77807e-05 2
22.6096 24.0864 5.30146e-20 3
22.1888 35.0208 1.39019e-28 3
43.3552 -27.3168 0.966163 0
25.0128 -15.0672 0.0642065 2
21.2336 34.9872 1.53311e-28 3
17.704 22.3152 1.22127e-18 3
23.144 -17.4336 0.192027 2
23.5168 -11.0928 0.00602688 2
13.3712 -0.792 2.46271e-06 2
31.4736 18.072 7.58182e-16 2
26.08 2.2992 1.0731e-07 2
30.1376 -1.68 4.65597e-06 2
29.824 4.6848 1.00628e-08 2
31.6512 0.475199 6.7622e-07 2
17.816 -22.752 0.711652 0
25.9456 -1.9104 5.36157e-06 2
30.8032 -26.1312 0.900922 0
14.704 -3.7104 2.91488e-05 2
19.5216 3.8208 2.48207e-08 2
34.4 4.17118 1.93726e-08 2
31.624 4.5312 1.2269e-08 2
25.216 -13.5168 0.0272522 2
31.7904 -10.9152 0.00625374 2
15.9488 -5.16 9.08844e-05 2
16.9088 7.1568 7.92585e-10 2
12.752 21.552 5.04189e-18 3
16.5776 30.8592 3.6383e-25 3
32.976 5.304 5.66796e-09 2
30.5472 8.54399 1.53402e-10 2
28.6592 14.2608 1.46038e-13 2
26.88 0.503998 6.03319e-07 2
24.6784 17.616 1.51666e-15 2
29.5856 25.3296 5.04901e-21 3
23.6672 6.984 8.38348e-10 2
22.8976 -29.8512 0.949547 0
19.5232 10.2624 2.18587e-11 2
27.0224 -6.8304 0.000305367 2
30.7328 4.2048 1.68352e-08 2
18.752 20.6448 1.78016e-17 2
24.728 -3.94561 3.02717e-05 2
26.0384 3.792 2.41768e-08 2
22.5504 -3.0096 1.38332e-05 2
35.3088 5.54879 4.7349e-09 2
39.2896 4.4448 1.82129e-08 2
20.8752 -20.0352 0.445943 2
24.464 -15.648 0.0860028 2
29.8304 -34.6608 0.978509 0
28.9312 -1.6128 4.27937e-06 2
19.3504 -8.5056 0.00105383 2
26.3136 -31.2528 0.962972 0
-24.1776 1.008 7.22416e-07 1
-14.9232 -10.1808 0.00596594 1
-32.664 -12.0672 0.0222074 1
-22.7248 2.9664 1.05143e-07 1
-38.4464 -17.544 0.36942 1
-22.2448 -11.0064 0.00867729 1
-29.648 -22.2864 0.663863 0
-23.5984 10.8144 1.89317e-11 1
-22.6016 -33.8496 0.931955 0
-22.5968 -2.6208 1.81456e-05 1
-23.5024 -18.1776 0.280434 1
-13.9808 -11.232 0.0120636 1
-27.6896 0.0911987 1.90654e-06 1
-16.1056 23.5056 2.47797e-19 1
-21.0384 -5.256 0.000154211 1
-21.2224 -26.9184 0.868343 0
-14.5152 -42.6432 0.908608 0
-16.1888 22.7184 8.9972e-19 1
-15.328 21.0816 1.22939e-17 1
-39.3824 9.3312 3.95993e-10 1
-27.2064 14.8272 1.37377e-13 1
-25.0944 -12.3504 0.0196738 1
-29.5936 -11.6304 0.014649 1
-18.6896 6.8304 1.77523e-09 1
-29.9776 5.3856 1.18649e-08 1
-25.3232 5.4864 8.41745e-09 1
-28.5376 13.4112 9.45008e-13 1
-20.1536 -8.3376 0.00151331 1
-27.4016 17.8224 2.20605e-15 1
-19.88 11.0448 1.33703e-11 1
-17.1696 -18.4512 0.335638 1
-31.9344 -19.824 0.478719 1
-30.5824 10.5024 3.98038e-11 1
-29.0816 15.1344 1.02403e-13 1
-23.7472 -5.1696 0.000146196 1
-15.3872 43.5888 3.00786e-35 3
-27.6896 -37.8192 0.915499 0
-36.4128 11.9616 1.18488e-11 1
-23.8032 18.4176 7.89417e-16 1
-24.9984 9.768 6.91621e-11 1
-29.5696 18.8688 5.44879e-16 1
-26.68 5.0544 1.40076e-08 1
-28.728 5.3424 1.14889e-08 1
-26.744 5.45279 9.23453e-09 1
-17.0272 6.84 1.78049e-09 1
-22.4816 -14.064 0.0497366 1
-17.0208 -3.4704 3.84614e-05 1
-21.6112 -2.2032 1.26203e-05 1
-30.9456 -3.4992 5.06245e-05 1
-22.6288 6.5952 2.36839e-09 1
-67.224 -30.4176 0.999677 0
-27.768 -26.2064 0.843087 0
-20.808 -32.4816 0.932699 0
-21.128 -20.6672 0.522462 0
-1.504 -31.6496 0.975354 0
-14.4 -19.84 0.50525 0
-29.808 -21.8976 0.636556 0
-7.896 -18.3328 0.419598 0
-16.304 -26.3888 0.87889 0
7.976 -18.6272 0.37171 2
8.672 -27.2064 0.927033 0
-28.016 -28.3088 0.888674 0
37.232 -27.9408 0.954595 0
10.4 -30.4576 0.96057 0
6.79998 -39.6592 0.980326 0
-36.32 -29.0688 0.925487 0
-10.944 -32.744 0.963731 0
30.16 -32.4272 0.972612 0
-19.776 -29.6112 0.916471 0
16.32 -17.32 0.191629 2
-11.92 -26.904 0.914068 0
9.408 -29.0992 0.950712 0
0.824003 -28.1088 0.954085 0
-9.25601 -33.36 0.969289 0
-5.184 -37.0528 0.978454 0
20.328 -24.3888 0.811788 0
-13.496 -25.4672 0.872443 0
4.912 -26.888 0.931265 0
-18.384 -28.5808 0.909172 0
-13.656 -21.5456 0.67007 0
-18.888 -29.3152 0.916307 0
12.52 -32.5328 0.969432 0
-99 -23.9872 1 0
12.128 -22.9616 0.751437 0
-64.528 -32.5216 0.999369 0
8.008 -26.376 0.912585 0
-10.008 -37.8272 0.966776 0
-8.35201 -34.0864 0.972297 0
-31.408 -31.8832 0.926893 0
-21.344 -22.7408 0.689279 0
8.376 -39.272 0.979898 0
-2.824 -32.0224 0.975901 0
19.96 -32.8064 0.967881 0
49.248 -22.2864 0.903315 0
50.696 -30.8768 0.992964 0
-19.072 -34.976 0.94121 0
6.39199 -25.7728 0.903735 0
10.176 -36.1808 0.978784 0
26.248 -36.176 0.978185 0
-3.76 -37.1936 0.980211 0
-10.496 31.0032 5.15156e-25 3
23.432 24.0624 5.40252e-20 3
24.944 36.3968 9.61028e-30 3
48.056 34.8624 6.7491e-29 3
-12.848 33.7824 3.40819e-27 3
0.831986 26.0496 3.13142e-21 3
27.28 30.8384 2.62582e-25 3
-7.144 37.0096 7.91502e-30 3
-11.168 33.688 3.94279e-27 3
10.088 32.5168 2.16725e-26 3
-6.176 18.0912 1.39867e-15 1
-32.76 26.5552 2.44379e-21 3
23.832 21.4672 4.16897e-18 3
6.528 25.3568 9.45888e-21 3
-11.328 37.2 5.9245e-30 3
-0.176012 27.912 1.17224e-22 3
4.41599 21.3776 8.60413e-18 3
-68.232 33.4672 2.67544e-26 3
38.488 25.9872 1.23548e-21 3
20.84 27.8368 7.53107e-23 3
69.536 35.5712 6.55226e-30 3
-44.08 26.488 4.3082e-21 3
9.232 34.496 5.80416e-28 3
18.664 29.3728 5.06492e-24 3
-6.152 10.176 5.11709e-11 1
-32 37.9792 2.73782e-30 3
5.93599 29.1024 1.2221e-23 3
-0.743998 24.8944 2.39419e-20 3
-1.912 37.3968 3.518e-30 3
7.528 31.7312 9.87651e-26 3
-6.112 36.6384 1.55763e-29 3
-30.752 20.2288 7.50261e-17 1
-42.168 28.2944 1.67607e-22 3
-27.184 22.3216 2.26755e-18 1
56.088 30.2864 2.49433e-25 3
-42.776 26.008 9.58694e-21 3
15.24 29.944 2.01266e-24 3
28.96 31.0448 1.69739e-25 3
-13.08 26.5232 1.47103e-21 3
-8.56 29.0176 1.77616e-23 3
68.4 25.904 4.95231e-22 3
-56.672 36.576 7.91058e-29 3
-47.816 20.9072 7.58496e-17 3
59.472 31.1344 4.4477e-26 3
31.464 46.3792 4.89069e-38 3
75.192 35.952 2.39061e-30 3
47.944 16.3232 1.47777e-14 2
-18.656 35.9616 6.97682e-29 3
6.632 29.8288 3.22862e-24 3
-22.296 33.8016 4.12745e-27 3
