1.5952 25.4112 1.08237e-20 3
-2.7952 13.6512 7.68919e-13 1
2.6768 6.0192 5.57078e-09 2
-1.0672 -30.768 0.971004 0
-6.8256 13.4736 8.86456e-13 1
7.064 33.1536 8.64026e-27 3
3.9104 -27.8208 0.94527 0
4.96 1.5744 4.46555e-07 2
7.6848 -19.5504 0.480646 2
-1.3344 -4.40641 0.000112938 2
6.0576 29.5008 6.85618e-24 3
3.5616 26.9232 7.31626e-22 3
7.2368 -7.7664 0.00100627 2
-6.6976 20.5392 3.65684e-17 1
1.8384 3.0624 1.21359e-07 2
-4.8288 41.472 2.03123e-33 3
-8.12 4.7136 2.34539e-08 1
-5.5664 7.5888 1.09999e-09 1
2.4144 22.4448 1.69916e-18 3
5.728 -3.696 4.65888e-05 2
-5.464 -2.04 1.59896e-05 1
-6.384 3.11999 1.25226e-07 1
0.294401 -1.3152 7.85467e-06 2
12.6752 -8.5488 0.00136499 2
-0.491203 3.984 5.17265e-08 2
4.8576 -7.4112 0.000880269 2
2.6512 21.6864 5.93573e-18 3
-0.595203 -3.1392 3.89647e-05 2
3.7792 1.5216 4.98576e-07 2
5.4608 4.5984 2.16633e-08 2
0.7216 18.96 4.53801e-16 2
-1.1152 -0.148802 2.86338e-06 2
4.7776 29.76 4.44279e-24 3
-3.5216 14.8992 1.4649e-13 1
1.4544 10.6512 3.1122e-11 2
-3.0672 -11.3136 0.0167345 2
-0.441601 20.9808 1.92028e-17 3
-4.0288 17.3568 4.72645e-15 1
6.2784 -9.0576 0.00263858 2
-5.376 -3.744 6.79386e-05 1
-1.7296 3.312 1.04581e-07 2
3.7584 24.2688 7.53571e-20 3
5.6672 -9.57599 0.00388404 2
16.568 20.6016 2.21041e-17 2
8.5872 14.208 2.8221e-13 2
1.9408 -24.9504 0.896445 0
-3.3936 4.9728 1.92315e-08 2
-1.0352 -14.5152 0.0992251 2
-7.4432 1.9488 3.9051e-07 1
2.8 -2.44801 1.89717e-05 2
22.6096 24.0864 5.88676e-20 3
22.1888 35.0208 1.62312e-28 3
43.3552 -27.3168 0.962449 0
25.0128 -15.0672 0.0644336 2
21.2336 34.9872 1.7907e-28 3
17.704 22.3152 1.34023e-18 3
23.144 -17.4336 0.191144 2
23.5168 -11.0928 0.00617401 2
13.3712 -0.792 2.62313e-06 2
31.4736 18.072 8.14294e-16 2
26.08 2.2992 1.13467e-07 2
30.1376 -1.68 4.88539e-06 2
29.824 4.6848 1.0656e-08 2
31.6512 0.475199 7.12416e-07 2
17.816 -22.752 0.70625 0
25.9456 -1.9104 5.63416e-06 2
30.8032 -26.1312 0.893561 0
14.704 -3.7104 3.08844e-05 2
19.5216 3.8208 2.63559e-08 2
34.4 4.17118 2.05283e-08 2
31.624 4.5312 1.29943e-08 2
25.216 -13.5168 0.027549 2
31.7904 -10.9152 0.00635332 2
15.9488 -5.16 9.58718e-05 2
16.9088 7.1568 8.42091e-10 2
12.752 21.552 5.51862e-18 3
16.5776 30.8592 4.18837e-25 3
32.976 5.304 6.00899e-09 2
30.5472 8.54399 1.62651e-10 2
28.6592 14.2608 1.54649e-13 2
26.88 0.503998 6.3634e-07 2
24.6784 17.616 1.61412e-15 2
29.5856 25.3296 5.65384e-21 3
23.6672 6.984 8.88511e-10 2
22.8976 -29.8512 0.944897 0
19.5232 10.2624 2.31367e-11 2
27.0224 -6.8304 0.000316512 2
30.7328 4.2048 1.78229e-08 2
18.752 20.6448 1.92747e-17 2
24.728 -3.94561 3.16973e-05 2
26.0384 3.792 2.5595e-08 2
22.5504 -3.0096 1.45431e-05 2
35.3088 5.54879 5.02625e-09 2
39.2896 4.4448 1.93626e-08 2
20.8752 -20.0352 0.441926 2
24.464 -15.648 0.0861322 2
29.8304 -34.6608 0.974966 0
28.9312 -1.6128 4.49279e-06 2
19.3504 -8.5056 0.00109645 2
26.3136 -31.2528 0.95867 0
-24.1776 1.008 7.68189e-07 1
-14.9232 -10.1808 0.00609975 1
-32.664 -12.0672 0.0231462 1
-22.7248 2.9664 1.12252e-07 1
-38.4464 -17.544 0.378469 1
-22.2448 -11.0064 0.00896566 1
-29.648 -22.2864 0.671238 0
-23.5984 10.8144 2.07452e-11 1
-22.6016 -33.8496 0.932859 0
-22.5968 -2.6208 1.90914e-05 1
-23.5024 -18.1776 0.285485 1
-13.9808 -11.232 0.0122907 1
-27.6896 0.0911987 2.02694e-06 1
-16.1056 23.5056 2.87022e-19 1
-21.0384 -5.256 0.000160926 1
-21.2224 -26.9184 0.869616 0
-14.5152 -42.6432 0.906669 0
-16.1888 22.7184 1.03864e-18 1
-15.328 21.0816 1.40652e-17 1
-39.3824 9.3312 4.25689e-10 1
-27.2064 14.8272 1.5316e-13 1
-25.0944 -12.3504 0.0203675 1
-29.5936 -11.6304 0.0152584 1
-18.6896 6.8304 1.90861e-09 1
-29.9776 5.3856 1.27816e-08 1
-25.3232 5.4864 9.06904e-09 1
-28.5376 13.4112 1.04645e-12 1
-20.1536 -8.3376 0.00156651 1
-27.4016 17.8224 2.49661e-15 1
-19.88 11.0448 1.4618e-11 1
-17.1696 -18.4512 0.337813 1
-31.9344 -19.824 0.487905 1
-30.5824 10.5024 4.35321e-11 1
-29.0816 15.1344 1.14252e-13 1
-23.7472 -5.1696 0.000153152 1
-15.3872 43.5888 3.85689e-35 3
-27.6896 -37.8192 0.918077 0
-36.4128 11.9616 1.29319e-11 1
-23.8032 18.4176 8.96184e-16 1
-24.9984 9.768 7.55412e-11 1
-29.5696 18.8688 6.19616e-16 1
-26.68 5.0544 1.50799e-08 1
-28.728 5.3424 1.23793e-08 1
-26.744 5.45279 9.95291e-09 1
-17.0272 6.84 1.90953e-09 1
-22.4816 -14.064 0.051094 1
-17.0208 -3.4704 4.00623e-05 1
-21.6112 -2.2032 1.32749e-05 1
-30.9456 -3.4992 5.34459e-05 1
-22.6288 6.5952 2.55595e-09 1
-67.224 -30.4176 0.999668 0
-27.768 -26.2064 0.846889 0
-20.808 -32.4816 0.933174 0
-21.128 -20.6672 0.526573 0
-1.504 -31.6496 0.974118 0
-14.4 -19.84 0.505513 0
-29.808 -21.8976 0.644291 0
-7.896 -18.3328 0.420051 0
-16.304 -26.3888 0.878386 0
7.976 -18.6272 0.376432 2
8.672 -27.2064 0.924836 0
-28.016 -28.3088 0.891567 0
37.232 -27.9408 0.949762 0
10.4 -30.4576 0.958198 0
6.79998 -39.6592 0.977652 0
-36.32 -29.0688 0.928357 0
-10.944 -32.744 0.962508 0
30.16 -32.4272 0.968783 0
-19.776 -29.6112 0.916829 0
16.32 -17.32 0.193014 2
-11.92 -26.904 0.912547 0
9.408 -29.0992 0.948432 0
0.824003 -28.1088 0.952844 0
-9.25601 -33.36 0.967999 0
-5.184 -37.0528 0.976922 0
20.328 -24.3888 0.805033 0
-13.496 -25.4672 0.871099 0
4.912 -26.888 0.929815 0
-18.384 -28.5808 0.909197 0
-13.656 -21.5456 0.669203 0
-18.888 -29.3152 0.91643 0
12.52 -32.5328 0.966826 0
-99 -23.9872 1 0
12.128 -22.9616 0.749031 0
-64.528 -32.5216 0.999365 0
8.008 -26.376 0.910589 0
-10.008 -37.8272 0.965208 0
-8.35201 -34.0864 0.970979 0
-31.408 -31.8832 0.929429 0
-21.344 -22.7408 0.692453 0
8.376 -39.272 0.977124 0
-2.824 -32.0224 0.974655 0
19.96 -32.8064 0.964255 0
49.248 -22.2864 0.897329 0
50.696 -30.8768 0.99184 0
-19.072 -34.976 0.941221 0
6.39199 -25.7728 0.902201 0
10.176 -36.1808 0.976394 0
26.248 -36.176 0.974443 0
-3.76 -37.1936 0.97867 0
-10.496 31.0032 6.10036e-25 3
23.432 24.0624 5.99831e-20 3
24.944 36.3968 1.12734e-29 3
48.056 34.8624 7.75159e-29 3
-12.848 33.7824 4.09185e-27 3
0.831986 26.0496 3.58678e-21 3
27.28 30.8384 3.00658e-25 3
-7.144 37.0096 9.60104e-30 3
-11.168 33.688 4.72438e-27 3
10.088 32.5168 2.52537e-26 3
-6.176 18.0912 1.54254e-15 1
-32.76 26.5552 2.86434e-21 3
23.832 21.4672 4.54523e-18 3
6.528 25.3568 1.07159e-20 3
-11.328 37.2 7.22904e-30 3
-0.176012 27.912 1.35527e-22 3
4.41599 21.3776 9.51297e-18 3
-68.232 33.4672 3.1995e-26 3
38.488 25.9872 1.39017e-21 3
20.84 27.8368 8.53683e-23 3
69.536 35.5712 7.35695e-30 3
-44.08 26.488 5.05087e-21 3
9.232 34.496 6.82631e-28 3
18.664 29.3728 5.78665e-24 3
-6.152 10.176 5.43992e-11 1
-32 37.9792 3.35766e-30 3
5.93599 29.1024 1.40987e-23 3
-0.743998 24.8944 2.733e-20 3
-1.912 37.3968 4.24745e-30 3
7.528 31.7312 1.14983e-25 3
-6.112 36.6384 1.88316e-29 3
-30.752 20.2288 8.58794e-17 1
-42.168 28.2944 1.9737e-22 3
-27.184 22.3216 2.62307e-18 1
56.088 30.2864 2.80144e-25 3
-42.776 26.008 1.1221e-20 3
15.24 29.944 2.31035e-24 3
28.96 31.0448 1.94395e-25 3
-13.08 26.5232 1.71879e-21 3
-8.56 29.0176 2.0835e-23 3
68.4 25.904 5.44453e-22 3
-56.672 36.576 9.62175e-29 3
-47.816 20.9072 8.78209e-17 3
59.472 31.1344 4.98619e-26 3
31.464 46.3792 4.88292e-38 3
75.192 35.952 2.66701e-30 3
47.944 16.3232 1.62789e-14 2
-18.656 35.9616 8.49461e-29 3
6.632 29.8288 3.73309e-24 3
-22.296 33.8016 4.97472e-27 3
