1.5952 25.4112 4.03957e-17 3
-2.7952 13.6512 1.08763e-10 3
2.6768 6.0192 2.27664e-07 3
-1.0672 -30.768 0.8082 0
-6.8256 13.4736 1.44551e-10 3
7.064 33.1536 4.01566e-22 3
3.9104 -27.8208 0.776451 0
4.96 1.5744 9.96298e-06 2
7.6848 -19.5504 0.429532 0
-1.3344 -4.40641 0.000800566 1
6.0576 29.5008 1.03421e-19 3
3.5616 26.9232 4.60622e-18 3
7.2368 -7.7664 0.00541775 2
-6.6976 20.5392 3.23407e-14 3
1.8384 3.0624 3.08107e-06 2
-4.8288 41.472 7.75669e-28 3
-8.12 4.7136 8.97306e-07 1
-5.5664 7.5888 6.07911e-08 3
2.4144 22.4448 2.17504e-15 3
5.728 -3.696 0.000460618 2
-5.464 -2.04 0.000176476 1
-6.384 3.11999 3.39766e-06 1
0.294401 -1.3152 9.52562e-05 1
12.6752 -8.5488 0.00817053 2
-0.491203 3.984 1.46226e-06 1
4.8576 -7.4112 0.00452217 2
2.6512 21.6864 5.84144e-15 3
-0.595203 -3.1392 0.000344215 1
3.7792 1.5216 1.05502e-05 2
5.4608 4.5984 7.82878e-07 2
0.7216 18.96 1.95679e-13 3
-1.1152 -0.148802 4.12898e-05 1
4.7776 29.76 7.33067e-20 3
-3.5216 14.8992 2.70957e-11 3
1.4544 10.6512 2.51197e-09 3
-3.0672 -11.3136 0.0367592 1
-0.441601 20.9808 1.57126e-14 3
-4.0288 17.3568 1.54411e-12 3
6.2784 -9.0576 0.0109367 2
-5.376 -3.744 0.000560684 1
-1.7296 3.312 2.64736e-06 1
3.7584 24.2688 1.82546e-16 3
5.6672 -9.57599 0.0143415 2
16.568 20.6016 1.71059e-14 3
8.5872 14.208 4.64259e-11 3
1.9408 -24.9504 0.712967 0
-3.3936 4.9728 6.48827e-07 1
-1.0352 -14.5152 0.128633 1
-7.4432 1.9488 9.09653e-06 1
2.8 -2.44801 0.000204712 2
22.6096 24.0864 1.4523e-16 3
22.1888 35.0208 1.31841e-23 3
43.3552 -27.3168 0.906429 0
25.0128 -15.0672 0.164737 2
21.2336 34.9872 1.43313e-23 3
17.704 22.3152 1.77425e-15 3
23.144 -17.4336 0.311908 2
23.5168 -11.0928 0.0320241 2
13.3712 -0.792 5.71322e-05 2
31.4736 18.072 3.14122e-13 3
26.08 2.2992 4.90398e-06 2
30.1376 -1.68 0.000115061 2
29.824 4.6848 6.13885e-07 2
31.6512 0.475199 2.23805e-05 2
17.816 -22.752 0.640154 0
25.9456 -1.9104 0.000131167 2
30.8032 -26.1312 0.819928 0
14.704 -3.7104 0.000442674 2
19.5216 3.8208 1.35328e-06 2
34.4 4.17118 9.87851e-07 2
31.624 4.5312 7.07244e-07 2
25.216 -13.5168 0.0943154 2
31.7904 -10.9152 0.0343974 2
15.9488 -5.16 0.00113106 2
16.9088 7.1568 6.53995e-08 3
12.752 21.552 5.44443e-15 3
16.5776 30.8592 1.00029e-20 3
32.976 5.304 3.48698e-07 2
30.5472 8.54399 1.5084e-08 3
28.6592 14.2608 3.15045e-11 3
26.88 0.503998 2.11941e-05 2
24.6784 17.616 6.19594e-13 3
29.5856 25.3296 2.20598e-17 3
23.6672 6.984 7.30058e-08 3
22.8976 -29.8512 0.833929 0
19.5232 10.2624 2.84621e-09 3
27.0224 -6.8304 0.00341867 2
30.7328 4.2048 9.47572e-07 2
18.752 20.6448 1.54158e-14 3
24.728 -3.94561 0.000536459 2
26.0384 3.792 1.36258e-06 2
22.5504 -3.0096 0.000279569 2
35.3088 5.54879 2.78666e-07 2
39.2896 4.4448 7.91548e-07 2
20.8752 -20.0352 0.491444 0
24.464 -15.648 0.196475 2
29.8304 -34.6608 0.862711 0
28.9312 -1.6128 0.000108187 2
19.3504 -8.5056 0.00817928 2
26.3136 -31.2528 0.854253 0
-24.1776 1.008 3.12544e-05 1
-14.9232 -10.1808 0.0288551 1
-32.664 -12.0672 0.141313 1
-22.7248 2.9664 6.02314e-06 1
-38.4464 -17.544 0.678054 0
-22.2448 -11.0064 0.0555391 1
-29.648 -22.2864 0.812768 0
-23.5984 10.8144 3.87492e-09 3
-22.6016 -33.8496 0.88155 0
-22.5968 -2.6208 0.000433925 1
-23.5024 -18.1776 0.515637 0
-13.9808 -11.232 0.0458642 1
-27.6896 0.0911987 7.32613e-05 1
-16.1056 23.5056 8.83487e-16 3
-21.0384 -5.256 0.00231909 1
-21.2224 -26.9184 0.854404 0
-14.5152 -42.6432 0.577241 0
-16.1888 22.7184 2.5096e-15 3
-15.328 21.0816 2.04409e-14 3
-39.3824 9.3312 3.18464e-08 3
-27.2064 14.8272 5.5532e-11 3
-25.0944 -12.3504 0.11135 1
-29.5936 -11.6304 0.101513 1
-18.6896 6.8304 1.71415e-07 1
-29.9776 5.3856 9.51464e-07 1
-25.3232 5.4864 7.3089e-07 1
-28.5376 13.4112 2.82894e-10 3
-20.1536 -8.3376 0.0134837 1
-27.4016 17.8224 1.68686e-12 3
-19.88 11.0448 2.72554e-09 3
-17.1696 -18.4512 0.468893 0
-31.9344 -19.824 0.731824 0
-30.5824 10.5024 6.78607e-09 3
-29.0816 15.1344 4.17141e-11 3
-23.7472 -5.1696 0.00244671 1
-15.3872 43.5888 2.98243e-29 3
-27.6896 -37.8192 0.866365 0
-36.4128 11.9616 1.8271e-09 3
-23.8032 18.4176 7.30509e-13 3
-24.9984 9.768 1.18578e-08 3
-29.5696 18.8688 5.09855e-13 3
-26.68 5.0544 1.13224e-06 1
-28.728 5.3424 9.42921e-07 1
-26.744 5.45279 7.92631e-07 1
-17.0272 6.84 1.62064e-07 1
-22.4816 -14.064 0.188158 1
-17.0208 -3.4704 0.000635193 1
-21.6112 -2.2032 0.000312366 1
-30.9456 -3.4992 0.00113685 1
-22.6288 6.5952 2.40897e-07 1
-67.224 -30.4176 0.997311 0
-27.768 -26.2064 0.882971 0
-20.808 -32.4816 0.878515 0
-21.128 -20.6672 0.657424 0
-1.504 -31.6496 0.810128 0
-14.4 -19.84 0.543237 0
-29.808 -21.8976 0.800936 0
-7.896 -18.3328 0.390136 0
-16.304 -26.3888 0.818805 0
7.976 -18.6272 0.36527 0
8.672 -27.2064 0.766157 0
-28.016 -28.3088 0.90386 0
37.232 -27.9408 0.882533 0
10.4 -30.4576 0.804387 0
6.79998 -39.6592 0.664345 0
-36.32 -29.0688 0.943908 0
-10.944 -32.744 0.83442 0
30.16 -32.4272 0.872311 0
-19.776 -29.6112 0.870507 0
16.32 -17.32 0.282837 2
-11.92 -26.904 0.805275 0
9.408 -29.0992 0.79345 0
0.824003 -28.1088 0.783819 0
-9.25601 -33.36 0.825166 0
-5.184 -37.0528 0.760647 0
20.328 -24.3888 0.71854 0
-13.496 -25.4672 0.784594 0
4.912 -26.888 0.759499 0
-18.384 -28.5808 0.857041 0
-13.656 -21.5456 0.639845 0
-18.888 -29.3152 0.864639 0
12.52 -32.5328 0.809738 0
-99 -23.9872 0.999645 0
12.128 -22.9616 0.63517 0
-64.528 -32.5216 0.996325 0
8.008 -26.376 0.748499 0
-10.008 -37.8272 0.7597 0
-8.35201 -34.0864 0.816624 0
-31.408 -31.8832 0.928135 0
-21.344 -22.7408 0.756198 0
8.376 -39.272 0.681771 0
-2.824 -32.0224 0.812321 0
19.96 -32.8064 0.829327 0
49.248 -22.2864 0.842859 0
50.696 -30.8768 0.955065 0
-19.072 -34.976 0.854923 0
6.39199 -25.7728 0.733208 0
10.176 -36.1808 0.769334 0
26.248 -36.176 0.829357 0
-3.76 -37.1936 0.753318 0
-10.496 31.0032 1.85643e-20 3
23.432 24.0624 1.47193e-16 3
24.944 36.3968 1.31569e-24 3
48.056 34.8624 8.17218e-24 3
-12.848 33.7824 2.91794e-22 3
0.831986 26.0496 1.69914e-17 3
27.28 30.8384 7.61043e-21 3
-7.144 37.0096 1.43445e-24 3
-11.168 33.688 3.18966e-22 3
10.088 32.5168 9.7558e-22 3
-6.176 18.0912 6.69577e-13 3
-32.76 26.5552 2.44716e-17 3
23.832 21.4672 4.73421e-15 3
6.528 25.3568 3.80859e-17 3
-11.328 37.2 1.22254e-24 3
-0.176012 27.912 1.25195e-18 3
4.41599 21.3776 8.35252e-15 3
-68.232 33.4672 5.42642e-21 3
38.488 25.9872 7.16359e-18 3
20.84 27.8368 7.72219e-19 3
69.536 35.5712 1.55228e-24 3
-44.08 26.488 4.2742e-17 3
9.232 34.496 4.58783e-23 3
18.664 29.3728 8.66664e-20 3
-6.152 10.176 4.75967e-09 3
-32 37.9792 7.66165e-25 3
5.93599 29.1024 1.86321e-19 3
-0.743998 24.8944 8.77278e-17 3
-1.912 37.3968 6.35895e-25 3
7.528 31.7312 3.51232e-21 3
-6.112 36.6384 2.52126e-24 3
-30.752 20.2288 9.83488e-14 3
-42.168 28.2944 3.10861e-18 3
-27.184 22.3216 5.97638e-15 3
56.088 30.2864 8.82408e-21 3
-42.776 26.008 7.83899e-17 3
15.24 29.944 4.09685e-20 3
28.96 31.0448 5.31508e-21 3
-13.08 26.5232 1.31177e-17 3
-8.56 29.0176 3.25938e-19 3
68.4 25.904 4.67737e-18 3
-56.672 36.576 2.36185e-23 3
-47.816 20.9072 8.28406e-14 3
59.472 31.1344 2.24138e-21 3
31.464 46.3792 3.31419e-32 3
75.192 35.952 7.33523e-25 3
47.944 16.3232 2.19448e-12 3
-18.656 35.9616 1.16711e-23 3
6.632 29.8288 6.26436e-20 3
-22.296 33.8016 3.95846e-22 3
