1.5952 25.4112 2.00534e-20 3
-2.7952 13.6512 1.09456e-12 1
2.6768 6.0192 7.43003e-09 2
-1.0672 -30.768 0.968811 0
-6.8256 13.4736 1.26173e-12 1
7.064 33.1536 1.88895e-26 3
3.9104 -27.8208 0.940115 0
4.96 1.5744 5.67004e-07 2
7.6848 -19.5504 0.475626 2
-1.3344 -4.40641 0.000132278 2
6.0576 29.5008 1.3845e-23 3
3.5616 26.9232 1.40102e-21 3
7.2368 -7.7664 0.00113336 2
-6.6976 20.5392 6.05547e-17 1
1.8384 3.0624 1.5599e-07 2
-4.8288 41.472 5.61793e-33 3
-8.12 4.7136 2.99086e-08 1
-5.5664 7.5888 1.44473e-09 1
2.4144 22.4448 2.9461e-18 3
5.728 -3.696 5.53671e-05 2
-5.464 -2.04 1.9011e-05 1
-6.384 3.11999 1.56646e-07 1
0.294401 -1.3152 9.5592e-06 2
12.6752 -8.5488 0.00149707 2
-0.491203 3.984 6.65021e-08 2
4.8576 -7.4112 0.00100044 2
2.6512 21.6864 1.0119e-17 3
-0.595203 -3.1392 4.63541e-05 2
3.7792 1.5216 6.32197e-07 2
5.4608 4.5984 2.85587e-08 2
0.7216 18.96 7.22165e-16 1
-1.1152 -0.148802 3.51198e-06 2
4.7776 29.76 9.03353e-24 3
-3.5216 14.8992 2.12474e-13 1
1.4544 10.6512 4.35144e-11 2
-3.0672 -11.3136 0.0182244 2
-0.441601 20.9808 3.19693e-17 3
-4.0288 17.3568 7.19242e-15 1
6.2784 -9.0576 0.00293131 2
-5.376 -3.744 7.94856e-05 1
-1.7296 3.312 1.32716e-07 2
3.7584 24.2688 1.36324e-19 3
5.6672 -9.57599 0.00429269 2
16.568 20.6016 3.6178e-17 2
8.5872 14.208 4.21764e-13 2
1.9408 -24.9504 0.890825 0
-3.3936 4.9728 2.46623e-08 1
-1.0352 -14.5152 0.104089 2
-7.4432 1.9488 4.8294e-07 1
2.8 -2.44801 2.29109e-05 2
22.6096 24.0864 1.01432e-19 3
22.1888 35.0208 3.5594e-28 3
43.3552 -27.3168 0.962579 0
25.0128 -15.0672 0.0645592 2
21.2336 34.9872 3.93645e-28 3
17.704 22.3152 2.26703e-18 3
23.144 -17.4336 0.188316 2
23.5168 -11.0928 0.00641387 2
13.3712 -0.792 3.15207e-06 2
31.4736 18.072 1.16681e-15 2
26.08 2.2992 1.33886e-07 2
30.1376 -1.68 5.49001e-06 2
29.824 4.6848 1.27355e-08 2
31.6512 0.475199 8.1462e-07 2
17.816 -22.752 0.692457 0
25.9456 -1.9104 6.36987e-06 2
30.8032 -26.1312 0.887181 0
14.704 -3.7104 3.56045e-05 2
19.5216 3.8208 3.25279e-08 2
34.4 4.17118 2.41673e-08 2
31.624 4.5312 1.54333e-08 2
25.216 -13.5168 0.0279644 2
31.7904 -10.9152 0.00660569 2
15.9488 -5.16 0.000108114 2
16.9088 7.1568 1.09882e-09 2
12.752 21.552 9.37248e-18 3
16.5776 30.8592 8.51102e-25 3
32.976 5.304 7.16758e-09 2
30.5472 8.54399 2.01818e-10 2
28.6592 14.2608 2.07811e-13 2
26.88 0.503998 7.35292e-07 2
24.6784 17.616 2.35786e-15 2
29.5856 25.3296 9.78674e-21 3
23.6672 6.984 1.11531e-09 2
22.8976 -29.8512 0.938525 0
19.5232 10.2624 3.09543e-11 2
27.0224 -6.8304 0.000340716 2
30.7328 4.2048 2.11477e-08 2
18.752 20.6448 3.12178e-17 2
24.728 -3.94561 3.52184e-05 2
26.0384 3.792 3.06875e-08 2
22.5504 -3.0096 1.64119e-05 2
35.3088 5.54879 5.98244e-09 2
39.2896 4.4448 2.27462e-08 2
20.8752 -20.0352 0.431772 2
24.464 -15.648 0.0859022 2
29.8304 -34.6608 0.97197 0
28.9312 -1.6128 5.06177e-06 2
19.3504 -8.5056 0.00117824 2
26.3136 -31.2528 0.953906 0
-24.1776 1.008 1.02236e-06 1
-14.9232 -10.1808 0.00704024 1
-32.664 -12.0672 0.0273517 1
-22.7248 2.9664 1.52156e-07 1
-38.4464 -17.544 0.405734 1
-22.2448 -11.0064 0.0106689 1
-29.648 -22.2864 0.703274 0
-23.5984 10.8144 3.17473e-11 1
-22.6016 -33.8496 0.944011 0
-22.5968 -2.6208 2.42877e-05 1
-23.5024 -18.1776 0.317779 1
-13.9808 -11.232 0.0140114 1
-27.6896 0.0911987 2.69143e-06 1
-16.1056 23.5056 5.41832e-19 1
-21.0384 -5.256 0.000198636 1
-21.2224 -26.9184 0.886151 0
-14.5152 -42.6432 0.925082 0
-16.1888 22.7184 1.92743e-18 1
-15.328 21.0816 2.49858e-17 1
-39.3824 9.3312 6.38491e-10 1
-27.2064 14.8272 2.56806e-13 1
-25.0944 -12.3504 0.0241816 1
-29.5936 -11.6304 0.0182189 1
-18.6896 6.8304 2.66421e-09 1
-29.9776 5.3856 1.8264e-08 1
-25.3232 5.4864 1.28521e-08 1
-28.5376 13.4112 1.71313e-12 1
-20.1536 -8.3376 0.00188174 1
-27.4016 17.8224 4.45731e-15 1
-19.88 11.0448 2.19586e-11 1
-17.1696 -18.4512 0.366974 1
-31.9344 -19.824 0.523992 0
-30.5824 10.5024 6.77259e-11 1
-29.0816 15.1344 1.93916e-13 1
-23.7472 -5.1696 0.000191061 1
-15.3872 43.5888 1.23217e-34 3
-27.6896 -37.8192 0.933276 0
-36.4128 11.9616 2.06214e-11 1
-23.8032 18.4176 1.59323e-15 1
-24.9984 9.768 1.14306e-10 1
-29.5696 18.8688 1.13829e-15 1
-26.68 5.0544 2.13254e-08 1
-28.728 5.3424 1.76538e-08 1
-26.744 5.45279 1.41589e-08 1
-17.0272 6.84 2.63553e-09 1
-22.4816 -14.064 0.0595578 1
-17.0208 -3.4704 4.91919e-05 1
-21.6112 -2.2032 1.68895e-05 1
-30.9456 -3.4992 6.82418e-05 1
-22.6288 6.5952 3.63921e-09 1
-67.224 -30.4176 0.999495 0
-27.768 -26.2064 0.86619 0
-20.808 -32.4816 0.943568 0
-21.128 -20.6672 0.562432 0
-1.504 -31.6496 0.972223 0
-14.4 -19.84 0.532368 0
-29.808 -21.8976 0.677621 0
-7.896 -18.3328 0.434142 0
-16.304 -26.3888 0.891394 0
7.976 -18.6272 0.37397 2
8.672 -27.2064 0.917396 0
-28.016 -28.3088 0.906342 0
37.232 -27.9408 0.947747 0
10.4 -30.4576 0.952413 0
6.79998 -39.6592 0.972657 0
-36.32 -29.0688 0.936299 0
-10.944 -32.744 0.965936 0
30.16 -32.4272 0.965512 0
-19.776 -29.6112 0.928254 0
16.32 -17.32 0.191067 2
-11.92 -26.904 0.919385 0
9.408 -29.0992 0.942131 0
0.824003 -28.1088 0.949174 0
-9.25601 -33.36 0.970261 0
-5.184 -37.0528 0.977097 0
20.328 -24.3888 0.792372 0
-13.496 -25.4672 0.882148 0
4.912 -26.888 0.92368 0
-18.384 -28.5808 0.920756 0
-13.656 -21.5456 0.691073 0
-18.888 -29.3152 0.92754 0
12.52 -32.5328 0.961491 0
-99 -23.9872 1 0
12.128 -22.9616 0.736795 0
-64.528 -32.5216 0.999103 0
8.008 -26.376 0.902719 0
-10.008 -37.8272 0.969077 0
-8.35201 -34.0864 0.972701 0
-31.408 -31.8832 0.939629 0
-21.344 -22.7408 0.722664 0
8.376 -39.272 0.971946 0
-2.824 -32.0224 0.973347 0
19.96 -32.8064 0.958894 0
49.248 -22.2864 0.903096 0
50.696 -30.8768 0.992343 0
-19.072 -34.976 0.950964 0
6.39199 -25.7728 0.894581 0
10.176 -36.1808 0.971694 0
26.248 -36.176 0.970625 0
-3.76 -37.1936 0.978078 0
-10.496 31.0032 1.32498e-24 3
23.432 24.0624 1.02961e-19 3
24.944 36.3968 2.53235e-29 3
48.056 34.8624 1.55532e-28 3
-12.848 33.7824 9.63017e-27 3
0.831986 26.0496 6.74049e-21 3
27.28 30.8384 5.89556e-25 3
-7.144 37.0096 2.38715e-29 3
-11.168 33.688 1.0996e-26 3
10.088 32.5168 5.41209e-26 3
-6.176 18.0912 2.3987e-15 1
-32.76 26.5552 6.12535e-21 3
23.832 21.4672 7.31812e-18 2
6.528 25.3568 1.9849e-20 3
-11.328 37.2 1.84679e-29 3
-0.176012 27.912 2.65684e-22 3
4.41599 21.3776 1.61695e-17 3
-68.232 33.4672 8.27613e-26 3
38.488 25.9872 2.39501e-21 3
20.84 27.8368 1.60495e-22 3
69.536 35.5712 1.37518e-29 3
-44.08 26.488 1.07914e-20 3
9.232 34.496 1.53397e-27 3
18.664 29.3728 1.13177e-23 3
-6.152 10.176 7.37306e-11 1
-32 37.9792 9.53889e-30 3
5.93599 29.1024 2.82333e-23 3
-0.743998 24.8944 5.00263e-20 3
-1.912 37.3968 1.04593e-29 3
7.528 31.7312 2.43249e-25 3
-6.112 36.6384 4.61612e-29 3
-30.752 20.2288 1.62592e-16 1
-42.168 28.2944 4.37832e-22 3
-27.184 22.3216 5.12724e-18 1
56.088 30.2864 4.98297e-25 3
-42.776 26.008 2.37346e-20 3
15.24 29.944 4.6227e-24 3
28.96 31.0448 3.80867e-25 3
-13.08 26.5232 3.40882e-21 3
-8.56 29.0176 4.28022e-23 3
68.4 25.904 8.64034e-22 3
-56.672 36.576 2.68033e-28 3
-47.816 20.9072 1.68519e-16 3
59.472 31.1344 8.89491e-26 3
31.464 46.3792 1.47591e-37 3
75.192 35.952 4.89943e-30 3
47.944 16.3232 2.24285e-14 2
-18.656 35.9616 2.18499e-28 3
6.632 29.8288 7.58627e-24 3
-22.296 33.8016 1.22668e-26 3
