1.5952 25.4112 1.10719e-20 3
-2.7952 13.6512 7.78678e-13 1
2.6768 6.0192 5.62959e-09 2
-1.0672 -30.768 0.970896 0
-6.8256 13.4736 8.98222e-13 1
7.064 33.1536 8.88677e-27 3
3.9104 -27.8208 0.945134 0
4.96 1.5744 4.50921e-07 2
7.6848 -19.5504 0.481027 2
-1.3344 -4.40641 0.000113734 2
6.0576 29.5008 7.03267e-24 3
3.5616 26.9232 7.49169e-22 3
7.2368 -7.7664 0.00101315 2
-6.6976 20.5392 3.72864e-17 1
1.8384 3.0624 1.22546e-07 2
-4.8288 41.472 2.10879e-33 3
-8.12 4.7136 2.36641e-08 1
-5.5664 7.5888 1.11103e-09 1
2.4144 22.4448 1.73329e-18 3
5.728 -3.696 4.69761e-05 2
-5.464 -2.04 1.60966e-05 1
-6.384 3.11999 1.26269e-07 1
0.294401 -1.3152 7.9203e-06 2
12.6752 -8.5488 0.00137292 2
-0.491203 3.984 5.22197e-08 2
4.8576 -7.4112 0.000886479 2
2.6512 21.6864 6.05014e-18 3
-0.595203 -3.1392 3.92617e-05 2
3.7792 1.5216 5.034e-07 2
5.4608 4.5984 2.1891e-08 2
0.7216 18.96 4.61336e-16 2
-1.1152 -0.148802 2.88721e-06 2
4.7776 29.76 4.55866e-24 3
-3.5216 14.8992 1.48483e-13 1
1.4544 10.6512 3.1479e-11 2
-3.0672 -11.3136 0.0168045 2
-0.441601 20.9808 1.95666e-17 3
-4.0288 17.3568 4.80107e-15 1
6.2784 -9.0576 0.00265548 2
-5.376 -3.744 6.83569e-05 1
-1.7296 3.312 1.05532e-07 2
3.7584 24.2688 7.69912e-20 3
5.6672 -9.57599 0.0039082 2
16.568 20.6016 2.24688e-17 2
8.5872 14.208 2.85798e-13 2
1.9408 -24.9504 0.896359 0
-3.3936 4.9728 1.94097e-08 1
-1.0352 -14.5152 0.0995452 2
-7.4432 1.9488 3.93576e-07 1
2.8 -2.44801 1.91331e-05 2
22.6096 24.0864 6.00221e-20 3
22.1888 35.0208 1.66957e-28 3
43.3552 -27.3168 0.96216 0
25.0128 -15.0672 0.0644809 2
21.2336 34.9872 1.84204e-28 3
17.704 22.3152 1.3646e-18 3
23.144 -17.4336 0.191112 2
23.5168 -11.0928 0.00619211 2
13.3712 -0.792 2.64547e-06 2
31.4736 18.072 8.25556e-16 2
26.08 2.2992 1.14372e-07 2
30.1376 -1.68 4.91634e-06 2
29.824 4.6848 1.07467e-08 2
31.6512 0.475199 7.17451e-07 2
17.816 -22.752 0.705781 0
25.9456 -1.9104 5.671e-06 2
30.8032 -26.1312 0.892943 0
14.704 -3.7104 3.1111e-05 2
19.5216 3.8208 2.65952e-08 2
34.4 4.17118 2.06985e-08 2
31.624 4.5312 1.31038e-08 2
25.216 -13.5168 0.0275905 2
31.7904 -10.9152 0.00636742 2
15.9488 -5.16 9.65052e-05 2
16.9088 7.1568 8.50724e-10 2
12.752 21.552 5.61749e-18 3
16.5776 30.8592 4.29621e-25 3
32.976 5.304 6.06095e-09 2
30.5472 8.54399 1.64214e-10 2
28.6592 14.2608 1.5641e-13 2
26.88 0.503998 6.41e-07 2
24.6784 17.616 1.63564e-15 2
29.5856 25.3296 5.7699e-21 3
23.6672 6.984 8.96976e-10 2
22.8976 -29.8512 0.944489 0
19.5232 10.2624 2.33845e-11 2
27.0224 -6.8304 0.000317928 2
30.7328 4.2048 1.79715e-08 2
18.752 20.6448 1.95901e-17 2
24.728 -3.94561 3.18837e-05 2
26.0384 3.792 2.58112e-08 2
22.5504 -3.0096 1.46374e-05 2
35.3088 5.54879 5.07015e-09 2
39.2896 4.4448 1.95276e-08 2
20.8752 -20.0352 0.441612 2
24.464 -15.648 0.0861759 2
29.8304 -34.6608 0.974661 0
28.9312 -1.6128 4.52167e-06 2
19.3504 -8.5056 0.00110161 2
26.3136 -31.2528 0.958296 0
-24.1776 1.008 7.75859e-07 1
-14.9232 -10.1808 0.0061249 1
-32.664 -12.0672 0.0232866 1
-22.7248 2.9664 1.13456e-07 1
-38.4464 -17.544 0.37966 1
-22.2448 -11.0064 0.00901452 1
-29.648 -22.2864 0.672346 0
-23.5984 10.8144 2.10608e-11 1
-22.6016 -33.8496 0.933122 0
-22.5968 -2.6208 1.92491e-05 1
-23.5024 -18.1776 0.286376 1
-13.9808 -11.232 0.012335 1
-27.6896 0.0911987 2.0469e-06 1
-16.1056 23.5056 2.9397e-19 1
-21.0384 -5.256 0.000162056 1
-21.2224 -26.9184 0.869983 0
-14.5152 -42.6432 0.906845 0
-16.1888 22.7184 1.06313e-18 1
-15.328 21.0816 1.43755e-17 1
-39.3824 9.3312 4.31198e-10 1
-27.2064 14.8272 1.55951e-13 1
-25.0944 -12.3504 0.0204805 1
-29.5936 -11.6304 0.0153524 1
-18.6896 6.8304 1.93165e-09 1
-29.9776 5.3856 1.29387e-08 1
-25.3232 5.4864 9.18024e-09 1
-28.5376 13.4112 1.06441e-12 1
-20.1536 -8.3376 0.00157563 1
-27.4016 17.8224 2.54814e-15 1
-19.88 11.0448 1.48352e-11 1
-17.1696 -18.4512 0.338418 1
-31.9344 -19.824 0.489222 1
-30.5824 10.5024 4.41906e-11 1
-29.0816 15.1344 1.16359e-13 1
-23.7472 -5.1696 0.000154298 1
-15.3872 43.5888 4.02324e-35 3
-27.6896 -37.8192 0.918558 0
-36.4128 11.9616 1.31298e-11 1
-23.8032 18.4176 9.14985e-16 1
-24.9984 9.768 7.66491e-11 1
-29.5696 18.8688 6.32936e-16 1
-26.68 5.0544 1.52626e-08 1
-28.728 5.3424 1.25315e-08 1
-26.744 5.45279 1.00755e-08 1
-17.0272 6.84 1.93193e-09 1
-22.4816 -14.064 0.0513289 1
-17.0208 -3.4704 4.03382e-05 1
-21.6112 -2.2032 1.33847e-05 1
-30.9456 -3.4992 5.39007e-05 1
-22.6288 6.5952 2.58812e-09 1
-67.224 -30.4176 0.999666 0
-27.768 -26.2064 0.847511 0
-20.808 -32.4816 0.933386 0
-21.128 -20.6672 0.527449 0
-1.504 -31.6496 0.974012 0
-14.4 -19.84 0.505929 0
-29.808 -21.8976 0.645448 0
-7.896 -18.3328 0.420285 0
-16.304 -26.3888 0.878547 0
7.976 -18.6272 0.376892 2
8.672 -27.2064 0.924629 0
-28.016 -28.3088 0.892046 0
37.232 -27.9408 0.949367 0
10.4 -30.4576 0.95798 0
6.79998 -39.6592 0.977413 0
-36.32 -29.0688 0.928732 0
-10.944 -32.744 0.962468 0
30.16 -32.4272 0.968455 0
-19.776 -29.6112 0.917043 0
16.32 -17.32 0.19318 2
-11.92 -26.904 0.91253 0
9.408 -29.0992 0.94822 0
0.824003 -28.1088 0.952726 0
-9.25601 -33.36 0.967937 0
-5.184 -37.0528 0.976816 0
20.328 -24.3888 0.804444 0
-13.496 -25.4672 0.871159 0
4.912 -26.888 0.929672 0
-18.384 -28.5808 0.909384 0
-13.656 -21.5456 0.669457 0
-18.888 -29.3152 0.916619 0
12.52 -32.5328 0.96659 0
-99 -23.9872 1 0
12.128 -22.9616 0.748811 0
-64.528 -32.5216 0.999362 0
8.008 -26.376 0.910398 0
-10.008 -37.8272 0.965154 0
-8.35201 -34.0864 0.970907 0
-31.408 -31.8832 0.929812 0
-21.344 -22.7408 0.693176 0
8.376 -39.272 0.976875 0
-2.824 -32.0224 0.974552 0
19.96 -32.8064 0.963933 0
49.248 -22.2864 0.896934 0
50.696 -30.8768 0.991755 0
-19.072 -34.976 0.941387 0
6.39199 -25.7728 0.902049 0
10.176 -36.1808 0.976179 0
26.248 -36.176 0.974116 0
-3.76 -37.1936 0.978555 0
-10.496 31.0032 6.2775e-25 3
23.432 24.0624 6.11561e-20 3
24.944 36.3968 1.16068e-29 3
48.056 34.8624 7.95502e-29 3
-12.848 33.7824 4.22153e-27 3
0.831986 26.0496 3.67136e-21 3
27.28 30.8384 3.08137e-25 3
-7.144 37.0096 9.92601e-30 3
-11.168 33.688 4.87265e-27 3
10.088 32.5168 2.59532e-26 3
-6.176 18.0912 1.56878e-15 1
-32.76 26.5552 2.94207e-21 3
23.832 21.4672 4.62219e-18 3
6.528 25.3568 1.09553e-20 3
-11.328 37.2 7.48014e-30 3
-0.176012 27.912 1.3894e-22 3
4.41599 21.3776 9.6912e-18 3
-68.232 33.4672 3.30368e-26 3
38.488 25.9872 1.4193e-21 3
20.84 27.8368 8.73291e-23 3
69.536 35.5712 7.53184e-30 3
-44.08 26.488 5.18795e-21 3
9.232 34.496 7.02721e-28 3
18.664 29.3728 5.92772e-24 3
-6.152 10.176 5.50103e-11 1
-32 37.9792 3.48021e-30 3
5.93599 29.1024 1.44574e-23 3
-0.743998 24.8944 2.79528e-20 3
-1.912 37.3968 4.38909e-30 3
7.528 31.7312 1.18126e-25 3
-6.112 36.6384 1.94585e-29 3
-30.752 20.2288 8.78203e-17 1
-42.168 28.2944 2.02957e-22 3
-27.184 22.3216 2.6867e-18 1
56.088 30.2864 2.86306e-25 3
-42.776 26.008 1.15216e-20 3
15.24 29.944 2.36843e-24 3
28.96 31.0448 1.9924e-25 3
-13.08 26.5232 1.76352e-21 3
-8.56 29.0176 2.14019e-23 3
68.4 25.904 5.54247e-22 3
-56.672 36.576 9.96154e-29 3
-47.816 20.9072 8.99048e-17 3
59.472 31.1344 5.09622e-26 3
31.464 46.3792 4.88144e-38 3
75.192 35.952 2.72871e-30 3
47.944 16.3232 1.65212e-14 2
-18.656 35.9616 8.78661e-29 3
6.632 29.8288 3.82992e-24 3
-22.296 33.8016 5.13688e-27 3
