-26.712 5.2536
5.9968 29.3016
-29.728 -22.092
-16.1472 23.112
2.5328 22.0656
24.7384 -15.3576
5.9728 -9.31679
23.0208 24.0744
6.3144 29.5652
-18.636 -28.948
31.1784 4.368
21.7112 35.004
7.8304 -19.0888
-1.2856 -31.2088
1.21359 25.7304
8.34 -26.7912
-22.104 -2.412
-6.628 36.824
-8.80401 -33.7232
4.3696 1.548
29.5344 -1.6464
-29.3528 5.364
-19.206 -29.2796
4.4112 -27.3544
-43.428 26.248
30.5012 4.5264
-26.0176 5.37
-1.1104 3.648
-14.452 -10.7064
-4.472 -37.1232
-3.1584 14.2752
5.49307 29.6187
-0.964801 -3.7728
26.0592 3.0456
7.296 32.4424
-6.9136 2.5344
