1.5952 25.4112 9.7632e-17 3
-2.7952 13.6512 2.30083e-10 1
2.6768 6.0192 2.73245e-07 2
-1.0672 -30.768 0.973858 0
-6.8256 13.4736 2.83839e-10 1
7.064 33.1536 1.17127e-21 3
3.9104 -27.8208 0.956017 0
4.96 1.5744 9.03409e-06 2
7.6848 -19.5504 0.617907 0
-1.3344 -4.40641 0.000698353 2
6.0576 29.5008 2.58067e-19 3
3.5616 26.9232 1.11359e-17 3
7.2368 -7.7664 0.00473912 2
-6.6976 20.5392 7.59837e-14 3
1.8384 3.0624 3.08264e-06 2
-4.8288 41.472 6.02053e-27 3
-8.12 4.7136 9.65669e-07 1
-5.5664 7.5888 8.04408e-08 1
2.4144 22.4448 5.46264e-15 3
5.728 -3.696 0.000376765 2
-5.464 -2.04 0.000154236 2
-6.384 3.11999 3.4151e-06 1
0.294401 -1.3152 8.31684e-05 2
12.6752 -8.5488 0.00680944 2
-0.491203 3.984 1.5548e-06 2
4.8576 -7.4112 0.00401867 2
2.6512 21.6864 1.4872e-14 3
-0.595203 -3.1392 0.000297724 2
3.7792 1.5216 9.67218e-06 2
5.4608 4.5984 8.3027e-07 2
0.7216 18.96 5.05397e-13 3
-1.1152 -0.148802 3.71365e-05 2
4.7776 29.76 1.85069e-19 3
-3.5216 14.8992 6.05603e-11 1
1.4544 10.6512 4.42601e-09 2
-3.0672 -11.3136 0.040186 2
-0.441601 20.9808 3.95864e-14 3
-4.0288 17.3568 3.70347e-12 3
6.2784 -9.0576 0.0102152 2
-5.376 -3.744 0.000488135 2
-1.7296 3.312 2.7193e-06 2
3.7584 24.2688 4.47425e-16 3
5.6672 -9.57599 0.0138206 2
16.568 20.6016 4.31733e-14 3
8.5872 14.208 1.07087e-10 2
1.9408 -24.9504 0.910575 0
-3.3936 4.9728 7.30428e-07 2
-1.0352 -14.5152 0.166855 2
-7.4432 1.9488 8.6512e-06 1
2.8 -2.44801 0.000173211 2
22.6096 24.0864 3.2321e-16 3
22.1888 35.0208 3.79101e-23 3
43.3552 -27.3168 0.97964 0
25.0128 -15.0672 0.176801 2
21.2336 34.9872 4.16023e-23 3
17.704 22.3152 4.29027e-15 3
23.144 -17.4336 0.393161 2
23.5168 -11.0928 0.025919 2
13.3712 -0.792 4.21996e-05 2
31.4736 18.072 7.0576e-13 3
26.08 2.2992 3.31644e-06 2
30.1376 -1.68 6.50935e-05 2
29.824 4.6848 4.70631e-07 2
31.6512 0.475199 1.3258e-05 2
17.816 -22.752 0.842034 0
25.9456 -1.9104 7.75143e-05 2
30.8032 -26.1312 0.953036 0
14.704 -3.7104 0.000313027 2
19.5216 3.8208 1.09433e-06 2
34.4 4.17118 7.1712e-07 2
31.624 4.5312 5.31142e-07 2
25.216 -13.5168 0.0894624 2
31.7904 -10.9152 0.0247069 2
15.9488 -5.16 0.000796988 2
16.9088 7.1568 7.17596e-08 2
12.752 21.552 1.38274e-14 3
16.5776 30.8592 2.42036e-20 3
32.976 5.304 2.77906e-07 2
30.5472 8.54399 1.65009e-08 2
28.6592 14.2608 6.11737e-11 2
26.88 0.503998 1.31119e-05 2
24.6784 17.616 1.45864e-12 3
29.5856 25.3296 4.43502e-17 3
23.6672 6.984 7.18986e-08 2
22.8976 -29.8512 0.978965 0
19.5232 10.2624 4.09578e-09 2
27.0224 -6.8304 0.00210755 2
30.7328 4.2048 6.96914e-07 2
18.752 20.6448 3.82174e-14 3
24.728 -3.94561 0.000321301 2
26.0384 3.792 1.0093e-06 2
22.5504 -3.0096 0.000172347 2
35.3088 5.54879 2.26844e-07 2
39.2896 4.4448 5.949e-07 2
20.8752 -20.0352 0.660088 0
24.464 -15.648 0.221219 2
29.8304 -34.6608 0.993428 0
28.9312 -1.6128 6.19977e-05 2
19.3504 -8.5056 0.00608111 2
26.3136 -31.2528 0.985897 0
-24.1776 1.008 2.55098e-05 1
-14.9232 -10.1808 0.0274641 1
-32.664 -12.0672 0.131489 1
-22.7248 2.9664 5.27093e-06 1
-38.4464 -17.544 0.729534 0
-22.2448 -11.0064 0.0510113 1
-29.648 -22.2864 0.890838 0
-23.5984 10.8144 5.14449e-09 1
-22.6016 -33.8496 0.98338 0
-22.5968 -2.6208 0.000335013 1
-23.5024 -18.1776 0.598702 0
-13.9808 -11.232 0.0461805 1
-27.6896 0.0911987 5.84706e-05 1
-16.1056 23.5056 1.85009e-15 3
-21.0384 -5.256 0.00182289 1
-21.2224 -26.9184 0.952006 0
-14.5152 -42.6432 0.980951 0
-16.1888 22.7184 5.21876e-15 3
-15.328 21.0816 4.24832e-14 3
-39.3824 9.3312 4.65163e-08 1
-27.2064 14.8272 8.95196e-11 1
-25.0944 -12.3504 0.106522 1
-29.5936 -11.6304 0.092492 1
-18.6896 6.8304 1.85528e-07 1
-29.9776 5.3856 9.446e-07 1
-25.3232 5.4864 7.14058e-07 1
-28.5376 13.4112 4.2997e-10 1
-20.1536 -8.3376 0.0113991 1
-27.4016 17.8224 2.97532e-12 1
-19.88 11.0448 3.76358e-09 1
-17.1696 -18.4512 0.579163 0
-31.9344 -19.824 0.803626 0
-30.5824 10.5024 8.99808e-09 1
-29.0816 15.1344 6.81104e-11 1
-23.7472 -5.1696 0.00189053 1
-15.3872 43.5888 3.37569e-28 3
-27.6896 -37.8192 0.988231 0
-36.4128 11.9616 2.82485e-09 1
-23.8032 18.4176 1.32947e-12 1
-24.9984 9.768 1.47533e-08 1
-29.5696 18.8688 9.12583e-13 1
-26.68 5.0544 1.08482e-06 1
-28.728 5.3424 9.25164e-07 1
-26.744 5.45279 7.7488e-07 1
-17.0272 6.84 1.78375e-07 1
-22.4816 -14.064 0.198386 1
-17.0208 -3.4704 0.000509464 1
-21.6112 -2.2032 0.000243074 1
-30.9456 -3.4992 0.000874713 1
-22.6288 6.5952 2.50766e-07 1
-67.224 -30.4176 0.999691 0
-27.768 -26.2064 0.955441 0
-20.808 -32.4816 0.980167 0
-21.128 -20.6672 0.773621 0
-1.504 -31.6496 0.977067 0
-14.4 -19.84 0.685832 0
-29.808 -21.8976 0.879377 0
-7.896 -18.3328 0.530412 0
-16.304 -26.3888 0.94044 0
7.976 -18.6272 0.527156 0
8.672 -27.2064 0.951291 0
-28.016 -28.3088 0.971276 0
37.232 -27.9408 0.977598 0
10.4 -30.4576 0.97672 0
6.79998 -39.6592 0.989967 0
-36.32 -29.0688 0.984346 0
-10.944 -32.744 0.978537 0
30.16 -32.4272 0.990228 0
-19.776 -29.6112 0.969957 0
16.32 -17.32 0.379367 2
-11.92 -26.904 0.944051 0
9.408 -29.0992 0.96876 0
0.824003 -28.1088 0.957604 0
-9.25601 -33.36 0.979983 0
-5.184 -37.0528 0.985081 0
20.328 -24.3888 0.90484 0
-13.496 -25.4672 0.923823 0
4.912 -26.888 0.945781 0
-18.384 -28.5808 0.963055 0
-13.656 -21.5456 0.795093 0
-18.888 -29.3152 0.967849 0
12.52 -32.5328 0.984594 0
-99 -23.9872 0.999999 0
12.128 -22.9616 0.848557 0
-64.528 -32.5216 0.999629 0
8.008 -26.376 0.939776 0
-10.008 -37.8272 0.98441 0
-8.35201 -34.0864 0.981414 0
-31.408 -31.8832 0.985886 0
-21.344 -22.7408 0.870049 0
8.376 -39.272 0.990537 0
-2.824 -32.0224 0.977867 0
19.96 -32.8064 0.987684 0
49.248 -22.2864 0.919155 0
50.696 -30.8768 0.995118 0
-19.072 -34.976 0.983401 0
6.39199 -25.7728 0.929006 0
10.176 -36.1808 0.989594 0
26.248 -36.176 0.993975 0
-3.76 -37.1936 0.985541 0
-10.496 31.0032 4.89543e-20 3
23.432 24.0624 3.25028e-16 3
24.944 36.3968 4.09875e-24 3
48.056 34.8624 1.47309e-23 3
-12.848 33.7824 9.17835e-22 3
0.831986 26.0496 4.09379e-17 3
27.28 30.8384 1.62653e-20 3
-7.144 37.0096 6.155e-24 3
-11.168 33.688 9.99318e-22 3
10.088 32.5168 2.6858e-21 3
-6.176 18.0912 1.5685e-12 3
-32.76 26.5552 4.82453e-17 3
23.832 21.4672 1.10402e-14 3
6.528 25.3568 9.21434e-17 3
-11.328 37.2 5.36945e-24 3
-0.176012 27.912 3.05362e-18 3
4.41599 21.3776 2.15201e-14 3
-68.232 33.4672 1.03786e-20 3
38.488 25.9872 1.25821e-17 3
20.84 27.8368 1.68825e-18 3
69.536 35.5712 1.6795e-24 3
-44.08 26.488 7.98738e-17 3
9.232 34.496 1.44805e-22 3
18.664 29.3728 1.97308e-19 3
-6.152 10.176 7.5661e-09 1
-32 37.9792 3.57057e-24 3
5.93599 29.1024 4.60742e-19 3
-0.743998 24.8944 2.11046e-16 3
-1.912 37.3968 2.81362e-24 3
7.528 31.7312 9.44278e-21 3
-6.112 36.6384 1.03768e-23 3
-30.752 20.2288 1.78726e-13 3
-42.168 28.2944 6.19907e-18 3
-27.184 22.3216 1.12433e-14 3
56.088 30.2864 1.08857e-20 3
-42.776 26.008 1.46199e-16 3
15.24 29.944 9.75482e-20 3
28.96 31.0448 1.11739e-20 3
-13.08 26.5232 2.93226e-17 3
-8.56 29.0176 7.96809e-19 3
68.4 25.904 4.42277e-18 3
-56.672 36.576 7.82523e-23 3
-47.816 20.9072 1.52101e-13 3
59.472 31.1344 2.59066e-21 3
31.464 46.3792 4.00967e-31 3
75.192 35.952 6.85909e-25 3
47.944 16.3232 4.63442e-12 3
-18.656 35.9616 4.43023e-23 3
6.632 29.8288 1.57346e-19 3
-22.296 33.8016 1.21156e-21 3
