1.5952 25.4112 1.92758e-20 3
-2.7952 13.6512 1.07046e-12 1
2.6768 6.0192 7.28699e-09 2
-1.0672 -30.768 0.969026 0
-6.8256 13.4736 1.23517e-12 1
7.064 33.1536 1.79424e-26 3
3.9104 -27.8208 0.940826 0
4.96 1.5744 5.58909e-07 2
7.6848 -19.5504 0.477747 2
-1.3344 -4.40641 0.000131139 2
6.0576 29.5008 1.32217e-23 3
3.5616 26.9232 1.34313e-21 3
7.2368 -7.7664 0.00113046 2
-6.6976 20.5392 5.87588e-17 1
1.8384 3.0624 1.53505e-07 2
-4.8288 41.472 5.26179e-33 3
-8.12 4.7136 2.94411e-08 1
-5.5664 7.5888 1.41997e-09 1
2.4144 22.4448 2.84246e-18 3
5.728 -3.696 5.49399e-05 2
-5.464 -2.04 1.87974e-05 1
-6.384 3.11999 1.54382e-07 1
0.294401 -1.3152 9.45087e-06 2
12.6752 -8.5488 0.00149667 2
-0.491203 3.984 6.54262e-08 2
4.8576 -7.4112 0.000996732 2
2.6512 21.6864 9.77079e-18 3
-0.595203 -3.1392 4.59071e-05 2
3.7792 1.5216 6.23133e-07 2
5.4608 4.5984 2.80466e-08 2
0.7216 18.96 7.00693e-16 1
-1.1152 -0.148802 3.46843e-06 2
4.7776 29.76 8.62443e-24 3
-3.5216 14.8992 2.07662e-13 1
1.4544 10.6512 4.25131e-11 2
-3.0672 -11.3136 0.0181544 2
-0.441601 20.9808 3.0961e-17 3
-4.0288 17.3568 7.01287e-15 1
6.2784 -9.0576 0.00292708 2
-5.376 -3.744 7.86781e-05 1
-1.7296 3.312 1.30697e-07 2
3.7584 24.2688 1.31139e-19 3
5.6672 -9.57599 0.00428807 2
16.568 20.6016 3.49312e-17 2
8.5872 14.208 4.09154e-13 2
1.9408 -24.9504 0.891779 0
-3.3936 4.9728 2.42691e-08 1
-1.0352 -14.5152 0.104101 2
-7.4432 1.9488 4.76206e-07 1
2.8 -2.44801 2.26845e-05 2
22.6096 24.0864 9.78883e-20 3
22.1888 35.0208 3.38292e-28 3
43.3552 -27.3168 0.961909 0
25.0128 -15.0672 0.0647366 2
21.2336 34.9872 3.74011e-28 3
17.704 22.3152 2.18612e-18 3
23.144 -17.4336 0.188949 2
23.5168 -11.0928 0.00642712 2
13.3712 -0.792 3.12638e-06 2
31.4736 18.072 1.14465e-15 2
26.08 2.2992 1.33171e-07 2
30.1376 -1.68 5.47913e-06 2
29.824 4.6848 1.26649e-08 2
31.6512 0.475199 8.12405e-07 2
17.816 -22.752 0.694113 0
25.9456 -1.9104 6.3538e-06 2
30.8032 -26.1312 0.886954 0
14.704 -3.7104 3.5447e-05 2
19.5216 3.8208 3.22031e-08 2
34.4 4.17118 2.40759e-08 2
31.624 4.5312 1.53594e-08 2
25.216 -13.5168 0.0280328 2
31.7904 -10.9152 0.00660581 2
15.9488 -5.16 0.000107833 2
16.9088 7.1568 1.08166e-09 2
12.752 21.552 9.02467e-18 3
16.5776 30.8592 8.12373e-25 3
32.976 5.304 7.13342e-09 2
30.5472 8.54399 2.00207e-10 2
28.6592 14.2608 2.04689e-13 2
26.88 0.503998 7.32487e-07 2
24.6784 17.616 2.30251e-15 2
29.5856 25.3296 9.46291e-21 3
23.6672 6.984 1.10336e-09 2
22.8976 -29.8512 0.938774 0
19.5232 10.2624 3.04112e-11 2
27.0224 -6.8304 0.000340734 2
30.7328 4.2048 2.10439e-08 2
18.752 20.6448 3.01857e-17 2
24.728 -3.94561 3.51652e-05 2
26.0384 3.792 3.04875e-08 2
22.5504 -3.0096 1.63699e-05 2
35.3088 5.54879 5.95756e-09 2
39.2896 4.4448 2.26788e-08 2
20.8752 -20.0352 0.433166 2
24.464 -15.648 0.0861579 2
29.8304 -34.6608 0.97181 0
28.9312 -1.6128 5.05083e-06 2
19.3504 -8.5056 0.00117914 2
26.3136 -31.2528 0.953922 0
-24.1776 1.008 1.00058e-06 1
-14.9232 -10.1808 0.00694911 1
-32.664 -12.0672 0.0270038 1
-22.7248 2.9664 1.48777e-07 1
-38.4464 -17.544 0.404101 1
-22.2448 -11.0064 0.0105084 1
-29.648 -22.2864 0.700588 0
-23.5984 10.8144 3.07919e-11 1
-22.6016 -33.8496 0.942845 0
-22.5968 -2.6208 2.38396e-05 1
-23.5024 -18.1776 0.314578 1
-13.9808 -11.232 0.0138401 1
-27.6896 0.0911987 2.63369e-06 1
-16.1056 23.5056 5.19914e-19 1
-21.0384 -5.256 0.000195315 1
-21.2224 -26.9184 0.884352 0
-14.5152 -42.6432 0.922777 0
-16.1888 22.7184 1.85169e-18 1
-15.328 21.0816 2.40843e-17 1
-39.3824 9.3312 6.17752e-10 1
-27.2064 14.8272 2.47231e-13 1
-25.0944 -12.3504 0.0238281 1
-29.5936 -11.6304 0.0179615 1
-18.6896 6.8304 2.60292e-09 1
-29.9776 5.3856 1.77732e-08 1
-25.3232 5.4864 1.25242e-08 1
-28.5376 13.4112 1.6512e-12 1
-20.1536 -8.3376 0.00185277 1
-27.4016 17.8224 4.27308e-15 1
-19.88 11.0448 2.13502e-11 1
-17.1696 -18.4512 0.363664 1
-31.9344 -19.824 0.521146 0
-30.5824 10.5024 6.54788e-11 1
-29.0816 15.1344 1.86404e-13 1
-23.7472 -5.1696 0.000187734 1
-15.3872 43.5888 1.13954e-34 3
-27.6896 -37.8192 0.931934 0
-36.4128 11.9616 1.98686e-11 1
-23.8032 18.4176 1.53007e-15 1
-24.9984 9.768 1.10903e-10 1
-29.5696 18.8688 1.08842e-15 1
-26.68 5.0544 2.07792e-08 1
-28.728 5.3424 1.71854e-08 1
-26.744 5.45279 1.37903e-08 1
-17.0272 6.84 2.57786e-09 1
-22.4816 -14.064 0.0587295 1
-17.0208 -3.4704 4.84119e-05 1
-21.6112 -2.2032 1.65794e-05 1
-30.9456 -3.4992 6.69638e-05 1
-22.6288 6.5952 3.54737e-09 1
-67.224 -30.4176 0.999522 0
-27.768 -26.2064 0.864472 0
-20.808 -32.4816 0.942416 0
-21.128 -20.6672 0.558644 0
-1.504 -31.6496 0.972388 0
-14.4 -19.84 0.529063 0
-29.808 -21.8976 0.674838 0
-7.896 -18.3328 0.432548 0
-16.304 -26.3888 0.889738 0
7.976 -18.6272 0.375805 2
8.672 -27.2064 0.918378 0
-28.016 -28.3088 0.905034 0
37.232 -27.9408 0.947212 0
10.4 -30.4576 0.953029 0
6.79998 -39.6592 0.973079 0
-36.32 -29.0688 0.93584 0
-10.944 -32.744 0.96537 0
30.16 -32.4272 0.965351 0
-19.776 -29.6112 0.926944 0
16.32 -17.32 0.192028 2
-11.92 -26.904 0.91834 0
9.408 -29.0992 0.942869 0
0.824003 -28.1088 0.949651 0
-9.25601 -33.36 0.969835 0
-5.184 -37.0528 0.976931 0
20.328 -24.3888 0.793467 0
-13.496 -25.4672 0.880602 0
4.912 -26.888 0.924569 0
-18.384 -28.5808 0.919372 0
-13.656 -21.5456 0.688237 0
-18.888 -29.3152 0.926229 0
12.52 -32.5328 0.961968 0
-99 -23.9872 1 0
12.128 -22.9616 0.738754 0
-64.528 -32.5216 0.999146 0
8.008 -26.376 0.903831 0
-10.008 -37.8272 0.968442 0
-8.35201 -34.0864 0.972344 0
-31.408 -31.8832 0.938835 0
-21.344 -22.7408 0.719457 0
8.376 -39.272 0.972373 0
-2.824 -32.0224 0.97342 0
19.96 -32.8064 0.959155 0
49.248 -22.2864 0.901225 0
50.696 -30.8768 0.992074 0
-19.072 -34.976 0.949834 0
6.39199 -25.7728 0.895746 0
10.176 -36.1808 0.972099 0
26.248 -36.176 0.970568 0
-3.76 -37.1936 0.978017 0
-10.496 31.0032 1.25961e-24 3
23.432 24.0624 9.94146e-20 3
24.944 36.3968 2.40394e-29 3
48.056 34.8624 1.49313e-28 3
-12.848 33.7824 9.09713e-27 3
0.831986 26.0496 6.4743e-21 3
27.28 30.8384 5.6508e-25 3
-7.144 37.0096 2.24892e-29 3
-11.168 33.688 1.03993e-26 3
10.088 32.5168 5.1467e-26 3
-6.176 18.0912 2.33683e-15 1
-32.76 26.5552 5.79983e-21 3
23.832 21.4672 7.09479e-18 2
6.528 25.3568 1.90529e-20 3
-11.328 37.2 1.73521e-29 3
-0.176012 27.912 2.54495e-22 3
4.41599 21.3776 1.56001e-17 3
-68.232 33.4672 7.70665e-26 3
38.488 25.9872 2.32055e-21 3
20.84 27.8368 1.54033e-22 3
69.536 35.5712 1.32991e-29 3
-44.08 26.488 1.02184e-20 3
9.232 34.496 1.45415e-27 3
18.664 29.3728 1.08315e-23 3
-6.152 10.176 7.23529e-11 1
-32 37.9792 8.8394e-30 3
5.93599 29.1024 2.69773e-23 3
-0.743998 24.8944 4.81564e-20 3
-1.912 37.3968 9.86341e-30 3
7.528 31.7312 2.3155e-25 3
-6.112 36.6384 4.35341e-29 3
-30.752 20.2288 1.55136e-16 1
-42.168 28.2944 4.13389e-22 3
-27.184 22.3216 4.88827e-18 1
56.088 30.2864 4.82497e-25 3
-42.776 26.008 2.2489e-20 3
15.24 29.944 4.41603e-24 3
28.96 31.0448 3.65198e-25 3
-13.08 26.5232 3.26153e-21 3
-8.56 29.0176 4.08705e-23 3
68.4 25.904 8.43392e-22 3
-56.672 36.576 2.48343e-28 3
-47.816 20.9072 1.60805e-16 3
59.472 31.1344 8.61466e-26 3
31.464 46.3792 1.2269e-37 3
75.192 35.952 4.74733e-30 3
47.944 16.3232 2.21759e-14 2
-18.656 35.9616 2.04747e-28 3
6.632 29.8288 7.24129e-24 3
-22.296 33.8016 1.1518e-26 3
