1.5952 25.4112 1.9825e-20 3
-2.7952 13.6512 1.08757e-12 1
2.6768 6.0192 7.38788e-09 2
-1.0672 -30.768 0.96888 0
-6.8256 13.4736 1.25408e-12 1
7.064 33.1536 1.86092e-26 3
3.9104 -27.8208 0.940343 0
4.96 1.5744 5.6466e-07 2
7.6848 -19.5504 0.476332 2
-1.3344 -4.40641 0.000131954 2
6.0576 29.5008 1.36607e-23 3
3.5616 26.9232 1.38395e-21 3
7.2368 -7.7664 0.00113278 2
-6.6976 20.5392 6.00348e-17 1
1.8384 3.0624 1.55264e-07 2
-4.8288 41.472 5.51221e-33 3
-8.12 4.7136 2.97722e-08 1
-5.5664 7.5888 1.43754e-09 1
2.4144 22.4448 2.91565e-18 3
5.728 -3.696 5.52507e-05 2
-5.464 -2.04 1.89485e-05 1
-6.384 3.11999 1.55984e-07 1
0.294401 -1.3152 9.52805e-06 2
12.6752 -8.5488 0.00149735 2
-0.491203 3.984 6.61873e-08 2
4.8576 -7.4112 0.000999563 2
2.6512 21.6864 1.00166e-17 3
-0.595203 -3.1392 4.62264e-05 2
3.7792 1.5216 6.29567e-07 2
5.4608 4.5984 2.84084e-08 2
0.7216 18.96 7.15885e-16 1
-1.1152 -0.148802 3.49935e-06 2
4.7776 29.76 8.91266e-24 3
-3.5216 14.8992 2.11084e-13 1
1.4544 10.6512 4.32188e-11 2
-3.0672 -11.3136 0.0182055 2
-0.441601 20.9808 3.16751e-17 3
-4.0288 17.3568 7.14063e-15 1
6.2784 -9.0576 0.00293079 2
-5.376 -3.744 7.92496e-05 1
-1.7296 3.312 1.32127e-07 2
3.7584 24.2688 1.34797e-19 3
5.6672 -9.57599 0.0042924 2
16.568 20.6016 3.58066e-17 2
8.5872 14.208 4.17985e-13 2
1.9408 -24.9504 0.891135 0
-3.3936 4.9728 2.45475e-08 1
-1.0352 -14.5152 0.104109 2
-7.4432 1.9488 4.80968e-07 1
2.8 -2.44801 2.28469e-05 2
22.6096 24.0864 1.0039e-19 3
22.1888 35.0208 3.50734e-28 3
43.3552 -27.3168 0.962355 0
25.0128 -15.0672 0.0646204 2
21.2336 34.9872 3.87849e-28 3
17.704 22.3152 2.24301e-18 3
23.144 -17.4336 0.188525 2
23.5168 -11.0928 0.00641916 2
13.3712 -0.792 3.14512e-06 2
31.4736 18.072 1.16059e-15 2
26.08 2.2992 1.33714e-07 2
30.1376 -1.68 5.48835e-06 2
29.824 4.6848 1.27188e-08 2
31.6512 0.475199 8.14215e-07 2
17.816 -22.752 0.692982 0
25.9456 -1.9104 6.36687e-06 2
30.8032 -26.1312 0.887089 0
14.704 -3.7104 3.55666e-05 2
19.5216 3.8208 3.2439e-08 2
34.4 4.17118 2.4149e-08 2
31.624 4.5312 1.54167e-08 2
25.216 -13.5168 0.0279891 2
31.7904 -10.9152 0.00660658 2
15.9488 -5.16 0.000108058 2
16.9088 7.1568 1.09389e-09 2
12.752 21.552 9.26869e-18 3
16.5776 30.8592 8.39655e-25 3
32.976 5.304 7.16004e-09 2
30.5472 8.54399 2.01412e-10 2
28.6592 14.2608 2.06947e-13 2
26.88 0.503998 7.34677e-07 2
24.6784 17.616 2.34183e-15 2
29.5856 25.3296 9.6927e-21 3
23.6672 6.984 1.11205e-09 2
22.8976 -29.8512 0.938593 0
19.5232 10.2624 3.07979e-11 2
27.0224 -6.8304 0.000340801 2
30.7328 4.2048 2.1124e-08 2
18.752 20.6448 3.09113e-17 2
24.728 -3.94561 3.52121e-05 2
26.0384 3.792 3.06373e-08 2
22.5504 -3.0096 1.64039e-05 2
35.3088 5.54879 5.97734e-09 2
39.2896 4.4448 2.27351e-08 2
20.8752 -20.0352 0.432219 2
24.464 -15.648 0.0859892 2
29.8304 -34.6608 0.971909 0
28.9312 -1.6128 5.05997e-06 2
19.3504 -8.5056 0.00117881 2
26.3136 -31.2528 0.953899 0
-24.1776 1.008 1.01582e-06 1
-14.9232 -10.1808 0.00701236 1
-32.664 -12.0672 0.0272469 1
-22.7248 2.9664 1.51145e-07 1
-38.4464 -17.544 0.40526 1
-22.2448 -11.0064 0.0106198 1
-29.648 -22.2864 0.702456 0
-23.5984 10.8144 3.14616e-11 1
-22.6016 -33.8496 0.943649 0
-22.5968 -2.6208 2.41528e-05 1
-23.5024 -18.1776 0.316792 1
-13.9808 -11.232 0.0139588 1
-27.6896 0.0911987 2.67405e-06 1
-16.1056 23.5056 5.35352e-19 1
-21.0384 -5.256 0.000197632 1
-21.2224 -26.9184 0.885591 0
-14.5152 -42.6432 0.924361 0
-16.1888 22.7184 1.90506e-18 1
-15.328 21.0816 2.47204e-17 1
-39.3824 9.3312 6.32192e-10 1
-27.2064 14.8272 2.53926e-13 1
-25.0944 -12.3504 0.0240737 1
-29.5936 -11.6304 0.0181409 1
-18.6896 6.8304 2.64602e-09 1
-29.9776 5.3856 1.81162e-08 1
-25.3232 5.4864 1.27538e-08 1
-28.5376 13.4112 1.69447e-12 1
-20.1536 -8.3376 0.00187292 1
-27.4016 17.8224 4.40187e-15 1
-19.88 11.0448 2.17778e-11 1
-17.1696 -18.4512 0.365943 1
-31.9344 -19.824 0.523132 0
-30.5824 10.5024 6.70475e-11 1
-29.0816 15.1344 1.9165e-13 1
-23.7472 -5.1696 0.000190055 1
-15.3872 43.5888 1.20434e-34 3
-27.6896 -37.8192 0.932864 0
-36.4128 11.9616 2.03928e-11 1
-23.8032 18.4176 1.57432e-15 1
-24.9984 9.768 1.13287e-10 1
-29.5696 18.8688 1.12324e-15 1
-26.68 5.0544 2.11614e-08 1
-28.728 5.3424 1.75128e-08 1
-26.744 5.45279 1.40481e-08 1
-17.0272 6.84 2.61846e-09 1
-22.4816 -14.064 0.0593032 1
-17.0208 -3.4704 4.89573e-05 1
-21.6112 -2.2032 1.67962e-05 1
-30.9456 -3.4992 6.78566e-05 1
-22.6288 6.5952 3.61176e-09 1
-67.224 -30.4176 0.999504 0
-27.768 -26.2064 0.865663 0
-20.808 -32.4816 0.943209 0
-21.128 -20.6672 0.561256 0
-1.504 -31.6496 0.972275 0
-14.4 -19.84 0.531334 0
-29.808 -21.8976 0.676774 0
-7.896 -18.3328 0.433652 0
-16.304 -26.3888 0.890874 0
7.976 -18.6272 0.374586 2
8.672 -27.2064 0.91771 0
-28.016 -28.3088 0.905941 0
37.232 -27.9408 0.947562 0
10.4 -30.4576 0.952607 0
6.79998 -39.6592 0.972787 0
-36.32 -29.0688 0.936164 0
-10.944 -32.744 0.965757 0
30.16 -32.4272 0.96545 0
-19.776 -29.6112 0.927845 0
16.32 -17.32 0.191388 2
-11.92 -26.904 0.919056 0
9.408 -29.0992 0.942364 0
0.824003 -28.1088 0.949328 0
-9.25601 -33.36 0.970126 0
-5.184 -37.0528 0.977044 0
20.328 -24.3888 0.79271 0
-13.496 -25.4672 0.881661 0
4.912 -26.888 0.923966 0
-18.384 -28.5808 0.920323 0
-13.656 -21.5456 0.690183 0
-18.888 -29.3152 0.92713 0
12.52 -32.5328 0.961639 0
-99 -23.9872 1 0
12.128 -22.9616 0.737426 0
-64.528 -32.5216 0.999117 0
8.008 -26.376 0.903075 0
-10.008 -37.8272 0.968877 0
-8.35201 -34.0864 0.972588 0
-31.408 -31.8832 0.939388 0
-21.344 -22.7408 0.721668 0
8.376 -39.272 0.972077 0
-2.824 -32.0224 0.97337 0
19.96 -32.8064 0.958968 0
49.248 -22.2864 0.902485 0
50.696 -30.8768 0.992254 0
-19.072 -34.976 0.950611 0
6.39199 -25.7728 0.894956 0
10.176 -36.1808 0.971819 0
26.248 -36.176 0.970596 0
-3.76 -37.1936 0.978058 0
-10.496 31.0032 1.30562e-24 3
23.432 24.0624 1.01919e-19 3
24.944 36.3968 2.49449e-29 3
48.056 34.8624 1.53738e-28 3
-12.848 33.7824 9.47141e-27 3
0.831986 26.0496 6.66227e-21 3
27.28 30.8384 5.82387e-25 3
-7.144 37.0096 2.34606e-29 3
-11.168 33.688 1.08186e-26 3
10.088 32.5168 5.3335e-26 3
-6.176 18.0912 2.38089e-15 1
-32.76 26.5552 6.02719e-21 3
23.832 21.4672 7.25263e-18 2
6.528 25.3568 1.96139e-20 3
-11.328 37.2 1.81351e-29 3
-0.176012 27.912 2.62395e-22 3
4.41599 21.3776 1.60013e-17 3
-68.232 33.4672 8.10246e-26 3
38.488 25.9872 2.3736e-21 3
20.84 27.8368 1.58591e-22 3
69.536 35.5712 1.36244e-29 3
-44.08 26.488 1.06187e-20 3
9.232 34.496 1.5103e-27 3
18.664 29.3728 1.11742e-23 3
-6.152 10.176 7.33318e-11 1
-32 37.9792 9.32615e-30 3
5.93599 29.1024 2.78621e-23 3
-0.743998 24.8944 4.94786e-20 3
-1.912 37.3968 1.02827e-29 3
7.528 31.7312 2.39785e-25 3
-6.112 36.6384 4.53811e-29 3
-30.752 20.2288 1.60341e-16 1
-42.168 28.2944 4.30456e-22 3
-27.184 22.3216 5.05539e-18 1
56.088 30.2864 4.93806e-25 3
-42.776 26.008 2.33587e-20 3
15.24 29.944 4.56161e-24 3
28.96 31.0448 3.76284e-25 3
-13.08 26.5232 3.36532e-21 3
-8.56 29.0176 4.22322e-23 3
68.4 25.904 8.58267e-22 3
-56.672 36.576 2.62026e-28 3
-47.816 20.9072 1.66196e-16 3
59.472 31.1344 8.81551e-26 3
31.464 46.3792 1.47471e-37 3
75.192 35.952 4.85708e-30 3
47.944 16.3232 2.23655e-14 2
-18.656 35.9616 2.14372e-28 3
6.632 29.8288 7.48431e-24 3
-22.296 33.8016 1.20414e-26 3
