1.5952 25.4112 5.06796e-17 3
-2.7952 13.6512 1.61977e-10 1
2.6768 6.0192 2.07467e-07 2
-1.0672 -30.768 0.977995 0
-6.8256 13.4736 1.92126e-10 1
7.064 33.1536 4.86422e-22 3
3.9104 -27.8208 0.962422 0
4.96 1.5744 7.14019e-06 2
7.6848 -19.5504 0.624576 0
-1.3344 -4.40641 0.000593307 2
6.0576 29.5008 1.1741e-19 3
3.5616 26.9232 5.48928e-18 3
7.2368 -7.7664 0.00414817 2
-6.6976 20.5392 4.54382e-14 3
1.8384 3.0624 2.40728e-06 2
-4.8288 41.472 2.17634e-27 3
-8.12 4.7136 7.04075e-07 1
-5.5664 7.5888 5.79552e-08 1
2.4144 22.4448 3.19603e-15 3
5.728 -3.696 0.000315256 2
-5.464 -2.04 0.000125264 2
-6.384 3.11999 2.57854e-06 1
0.294401 -1.3152 6.81901e-05 2
12.6752 -8.5488 0.0058999 2
-0.491203 3.984 1.19847e-06 2
4.8576 -7.4112 0.00352804 2
2.6512 21.6864 8.97571e-15 3
-0.595203 -3.1392 0.000249307 2
3.7792 1.5216 7.66632e-06 2
5.4608 4.5984 6.36374e-07 2
0.7216 18.96 3.33578e-13 3
-1.1152 -0.148802 2.99695e-05 2
4.7776 29.76 8.33724e-20 3
-3.5216 14.8992 4.1879e-11 1
1.4544 10.6512 3.25547e-09 2
-3.0672 -11.3136 0.0371744 2
-0.441601 20.9808 2.42437e-14 3
-4.0288 17.3568 2.45718e-12 1
6.2784 -9.0576 0.00912333 2
-5.376 -3.744 0.000405396 2
-1.7296 3.312 2.10354e-06 2
3.7584 24.2688 2.44017e-16 3
5.6672 -9.57599 0.0124534 2
16.568 20.6016 2.75248e-14 3
8.5872 14.208 7.83798e-11 2
1.9408 -24.9504 0.919527 0
-3.3936 4.9728 5.50121e-07 2
-1.0352 -14.5152 0.162061 2
-7.4432 1.9488 6.57943e-06 1
2.8 -2.44801 0.000143778 2
22.6096 24.0864 1.80278e-16 3
22.1888 35.0208 1.56767e-23 3
43.3552 -27.3168 0.982058 0
25.0128 -15.0672 0.164834 2
21.2336 34.9872 1.71796e-23 3
17.704 22.3152 2.56104e-15 3
23.144 -17.4336 0.381024 2
23.5168 -11.0928 0.0227042 2
13.3712 -0.792 3.3247e-05 2
31.4736 18.072 4.85748e-13 3
26.08 2.2992 2.48373e-06 2
30.1376 -1.68 5.11208e-05 2
29.824 4.6848 3.46453e-07 2
31.6512 0.475199 1.02073e-05 2
17.816 -22.752 0.847394 0
25.9456 -1.9104 6.06936e-05 2
30.8032 -26.1312 0.956277 0
14.704 -3.7104 0.000253792 2
19.5216 3.8208 8.09964e-07 2
34.4 4.17118 5.36706e-07 2
31.624 4.5312 3.93091e-07 2
25.216 -13.5168 0.0812743 2
31.7904 -10.9152 0.0217583 2
15.9488 -5.16 0.000654929 2
16.9088 7.1568 5.20471e-08 2
12.752 21.552 8.50707e-15 3
16.5776 30.8592 1.07744e-20 3
32.976 5.304 2.05104e-07 2
30.5472 8.54399 1.18576e-08 2
28.6592 14.2608 4.35994e-11 2
26.88 0.503998 1.00089e-05 2
24.6784 17.616 1.00774e-12 2
29.5856 25.3296 2.3728e-17 3
23.6672 6.984 5.17132e-08 2
22.8976 -29.8512 0.981789 0
19.5232 10.2624 2.91935e-09 2
27.0224 -6.8304 0.00174844 2
30.7328 4.2048 5.16167e-07 2
18.752 20.6448 2.43066e-14 3
24.728 -3.94561 0.000257307 2
26.0384 3.792 7.4512e-07 2
22.5504 -3.0096 0.000136595 2
35.3088 5.54879 1.68372e-07 2
39.2896 4.4448 4.52854e-07 2
20.8752 -20.0352 0.657829 0
24.464 -15.648 0.208306 2
29.8304 -34.6608 0.994723 0
28.9312 -1.6128 4.85484e-05 2
19.3504 -8.5056 0.00516835 2
26.3136 -31.2528 0.987997 0
-24.1776 1.008 1.73652e-05 1
-14.9232 -10.1808 0.0230754 1
-32.664 -12.0672 0.106088 1
-22.7248 2.9664 3.51355e-06 1
-38.4464 -17.544 0.691974 0
-22.2448 -11.0064 0.0411041 1
-29.648 -22.2864 0.873877 0
-23.5984 10.8144 3.13698e-09 1
-22.6016 -33.8496 0.982127 0
-22.5968 -2.6208 0.000240957 1
-23.5024 -18.1776 0.558401 0
-13.9808 -11.232 0.0397015 1
-27.6896 0.0911987 3.99982e-05 1
-16.1056 23.5056 9.59282e-16 3
-21.0384 -5.256 0.0013691 1
-21.2224 -26.9184 0.947791 0
-14.5152 -42.6432 0.981699 0
-16.1888 22.7184 2.76957e-15 3
-15.328 21.0816 2.36777e-14 3
-39.3824 9.3312 3.12518e-08 1
-27.2064 14.8272 5.3448e-11 1
-25.0944 -12.3504 0.0867214 1
-29.5936 -11.6304 0.0736991 1
-18.6896 6.8304 1.20065e-07 1
-29.9776 5.3856 6.0757e-07 1
-25.3232 5.4864 4.57616e-07 1
-28.5376 13.4112 2.59808e-10 1
-20.1536 -8.3376 0.00896299 1
-27.4016 17.8224 1.72852e-12 1
-19.88 11.0448 2.31721e-09 1
-17.1696 -18.4512 0.551613 0
-31.9344 -19.824 0.773214 0
-30.5824 10.5024 5.56368e-09 1
-29.0816 15.1344 4.08614e-11 1
-23.7472 -5.1696 0.00139776 1
-15.3872 43.5888 1.1568e-28 3
-27.6896 -37.8192 0.986947 0
-36.4128 11.9616 1.81921e-09 1
-23.8032 18.4176 7.62464e-13 1
-24.9984 9.768 9.0562e-09 1
-29.5696 18.8688 5.25345e-13 1
-26.68 5.0544 6.9793e-07 1
-28.728 5.3424 5.93881e-07 1
-26.744 5.45279 4.96205e-07 1
-17.0272 6.84 1.16755e-07 1
-22.4816 -14.064 0.169022 1
-17.0208 -3.4704 0.000384645 1
-21.6112 -2.2032 0.000174766 1
-30.9456 -3.4992 0.000625847 1
-22.6288 6.5952 1.5964e-07 1
-67.224 -30.4176 0.99977 0
-27.768 -26.2064 0.949273 0
-20.808 -32.4816 0.978948 0
-21.128 -20.6672 0.750338 0
-1.504 -31.6496 0.980819 0
-14.4 -19.84 0.670063 0
-29.808 -21.8976 0.860585 0
-7.896 -18.3328 0.524255 0
-16.304 -26.3888 0.938064 0
7.976 -18.6272 0.530473 0
8.672 -27.2064 0.957901 0
-28.016 -28.3088 0.967477 0
37.232 -27.9408 0.979963 0
10.4 -30.4576 0.981046 0
6.79998 -39.6592 0.993121 0
-36.32 -29.0688 0.982101 0
-10.944 -32.744 0.979855 0
30.16 -32.4272 0.991812 0
-19.776 -29.6112 0.968108 0
16.32 -17.32 0.370559 2
-11.92 -26.904 0.944781 0
9.408 -29.0992 0.973925 0
0.824003 -28.1088 0.963509 0
-9.25601 -33.36 0.981728 0
-5.184 -37.0528 0.987508 0
20.328 -24.3888 0.909839 0
-13.496 -25.4672 0.922714 0
4.912 -26.888 0.952998 0
-18.384 -28.5808 0.96116 0
-13.656 -21.5456 0.786957 0
-18.888 -29.3152 0.966134 0
12.52 -32.5328 0.987921 0
-99 -23.9872 1 0
12.128 -22.9616 0.85695 0
-64.528 -32.5216 0.999703 0
8.008 -26.376 0.947202 0
-10.008 -37.8272 0.985913 0
-8.35201 -34.0864 0.983334 0
-31.408 -31.8832 0.983983 0
-21.344 -22.7408 0.856471 0
8.376 -39.272 0.993552 0
-2.824 -32.0224 0.981292 0
19.96 -32.8064 0.99008 0
49.248 -22.2864 0.925842 0
50.696 -30.8768 0.996086 0
-19.072 -34.976 0.982822 0
6.39199 -25.7728 0.937212 0
10.176 -36.1808 0.992491 0
26.248 -36.176 0.995365 0
-3.76 -37.1936 0.988184 0
-10.496 31.0032 2.05148e-20 3
23.432 24.0624 1.8153e-16 3
24.944 36.3968 1.67422e-24 3
48.056 34.8624 6.40362e-24 3
-12.848 33.7824 3.57347e-22 3
0.831986 26.0496 2.07102e-17 3
27.28 30.8384 7.35667e-21 3
-7.144 37.0096 2.30137e-24 3
-11.168 33.688 3.91745e-22 3
10.088 32.5168 1.13739e-21 3
-6.176 18.0912 1.00479e-12 1
-32.76 26.5552 2.24155e-17 3
23.832 21.4672 6.81058e-15 3
6.528 25.3568 4.83773e-17 3
-11.328 37.2 1.97517e-24 3
-0.176012 27.912 1.44342e-18 3
4.41599 21.3776 1.32145e-14 3
-68.232 33.4672 3.53591e-21 3
38.488 25.9872 6.62298e-18 3
20.84 27.8368 8.23626e-19 3
69.536 35.5712 7.50376e-25 3
-44.08 26.488 3.74732e-17 3
9.232 34.496 5.88461e-23 3
18.664 29.3728 9.16759e-20 3
-6.152 10.176 5.29067e-09 1
-32 37.9792 1.2371e-24 3
5.93599 29.1024 2.12119e-19 3
-0.743998 24.8944 1.11031e-16 3
-1.912 37.3968 1.06387e-24 3
7.528 31.7312 4.05422e-21 3
-6.112 36.6384 3.91375e-24 3
-30.752 20.2288 1.00493e-13 1
-42.168 28.2944 2.71875e-18 3
-27.184 22.3216 5.93668e-15 3
56.088 30.2864 5.16084e-21 3
-42.776 26.008 6.99076e-17 3
15.24 29.944 4.44059e-20 3
28.96 31.0448 5.04138e-21 3
-13.08 26.5232 1.39513e-17 3
-8.56 29.0176 3.55362e-19 3
68.4 25.904 2.36242e-18 3
-56.672 36.576 2.5965e-23 3
-47.816 20.9072 9.12794e-14 3
59.472 31.1344 1.21151e-21 3
31.464 46.3792 1.67335e-31 3
75.192 35.952 3.08293e-25 3
47.944 16.3232 3.47949e-12 3
-18.656 35.9616 1.627e-23 3
6.632 29.8288 7.09667e-20 3
-22.296 33.8016 4.60816e-22 3
