-26.68 5.0544
-26.744 5.45279

6.0576 29.5008
5.93599 29.1024

-29.648 -22.2864
-29.808 -21.8976

-16.1056 23.5056
-16.1888 22.7184

2.4144 22.4448
2.6512 21.6864

25.0128 -15.0672
24.464 -15.648

6.2784 -9.0576
5.6672 -9.57599

22.6096 24.0864
23.432 24.0624

6.632 29.8288
5.9968 29.3016

-18.384 -28.5808
-18.888 -29.3152

31.624 4.5312
30.7328 4.2048

22.1888 35.0208
21.2336 34.9872

7.6848 -19.5504
7.976 -18.6272

-1.0672 -30.768
-1.504 -31.6496

1.5952 25.4112
0.831986 26.0496

8.672 -27.2064
8.008 -26.376

-22.5968 -2.6208
-21.6112 -2.2032

-7.144 37.0096
-6.112 36.6384

-9.25601 -33.36
-8.35201 -34.0864

4.96 1.5744
3.7792 1.5216

30.1376 -1.68
28.9312 -1.6128

-29.9776 5.3856
-28.728 5.3424

-19.776 -29.6112
-18.636 -28.948

3.9104 -27.8208
4.912 -26.888

