1.5952 25.4112 1.42281e-11 3
-2.7952 13.6512 2.01974e-07 3
2.6768 6.0192 3.0569e-05 3
-1.0672 -30.768 0.446135 0
-6.8256 13.4736 2.35847e-07 3
7.064 33.1536 9.04791e-15 3
3.9104 -27.8208 0.432486 0
4.96 1.5744 0.000360015 2
7.6848 -19.5504 0.268893 2
-1.3344 -4.40641 0.00568992 1
6.0576 29.5008 3.1991e-13 3
3.5616 26.9232 3.58487e-12 3
7.2368 -7.7664 0.0195916 2
-6.6976 20.5392 9.94881e-10 3
1.8384 3.0624 0.00016431 3
-4.8288 41.472 1.54159e-18 3
-8.12 4.7136 6.94986e-05 1
-5.5664 7.5888 1.21849e-05 3
2.4144 22.4448 1.8987e-10 3
5.728 -3.696 0.00419103 2
-5.464 -2.04 0.00214191 1
-6.384 3.11999 0.000166396 1
0.294401 -1.3152 0.00148169 1
12.6752 -8.5488 0.026284 2
-0.491203 3.984 9.96028e-05 3
4.8576 -7.4112 0.0172683 2
2.6512 21.6864 3.61108e-10 3
-0.595203 -3.1392 0.00334535 1
3.7792 1.5216 0.000369721 1
5.4608 4.5984 6.9899e-05 3
0.7216 18.96 3.44056e-09 3
-1.1152 -0.148802 0.000859315 1
4.7776 29.76 2.51244e-13 3
-3.5216 14.8992 8.12874e-08 3
1.4544 10.6512 1.61595e-06 3
-3.0672 -11.3136 0.0597932 1
-0.441601 20.9808 6.61691e-10 3
-4.0288 17.3568 1.25619e-08 3
6.2784 -9.0576 0.0297878 2
-5.376 -3.744 0.00448139 1
-1.7296 3.312 0.000145124 1
3.7584 24.2688 3.88383e-11 3
5.6672 -9.57599 0.0349251 2
16.568 20.6016 8.84172e-10 3
8.5872 14.208 1.30976e-07 3
1.9408 -24.9504 0.40337 0
-3.3936 4.9728 5.76382e-05 3
-1.0352 -14.5152 0.125647 1
-7.4432 1.9488 0.000314051 1
2.8 -2.44801 0.00245387 1
22.6096 24.0864 4.55819e-11 3
22.1888 35.0208 1.3466e-15 3
43.3552 -27.3168 0.674931 0
25.0128 -15.0672 0.170364 2
21.2336 34.9872 1.3912e-15 3
17.704 22.3152 2.08903e-10 3
23.144 -17.4336 0.24137 2
23.5168 -11.0928 0.0663745 2
13.3712 -0.792 0.0012034 2
31.4736 18.072 7.61926e-09 3
26.08 2.2992 0.000298448 2
30.1376 -1.68 0.00238335 2
29.824 4.6848 8.34448e-05 3
31.6512 0.475199 0.000864046 2
17.816 -22.752 0.378021 0
25.9456 -1.9104 0.0024208 2
30.8032 -26.1312 0.525952 0
14.704 -3.7104 0.00446421 2
19.5216 3.8208 0.000118116 3
34.4 4.17118 0.000122831 3
31.624 4.5312 9.4295e-05 3
25.216 -13.5168 0.124984 2
31.7904 -10.9152 0.078181 2
15.9488 -5.16 0.00813151 2
16.9088 7.1568 1.60733e-05 3
12.752 21.552 3.97032e-10 3
16.5776 30.8592 8.50831e-14 3
32.976 5.304 6.1279e-05 3
30.5472 8.54399 7.75374e-06 3
28.6592 14.2608 1.40008e-07 3
26.88 0.503998 0.000771472 2
24.6784 17.616 1.03272e-08 3
29.5856 25.3296 1.56832e-11 3
23.6672 6.984 1.90958e-05 3
22.8976 -29.8512 0.482513 0
19.5232 10.2624 2.19635e-06 3
27.0224 -6.8304 0.0186401 2
30.7328 4.2048 0.000112068 3
18.752 20.6448 8.57951e-10 3
24.728 -3.94561 0.00575559 2
26.0384 3.792 0.000130949 3
22.5504 -3.0096 0.00370684 2
35.3088 5.54879 5.53683e-05 3
39.2896 4.4448 0.000116841 3
20.8752 -20.0352 0.316562 2
24.464 -15.648 0.187003 2
29.8304 -34.6608 0.478786 0
28.9312 -1.6128 0.0022473 2
19.3504 -8.5056 0.0282939 2
26.3136 -31.2528 0.49893 0
-24.1776 1.008 0.000714478 1
-14.9232 -10.1808 0.0536607 1
-32.664 -12.0672 0.174068 1
-22.7248 2.9664 0.000241017 1
-38.4464 -17.544 0.55108 0
-22.2448 -11.0064 0.0853335 1
-29.648 -22.2864 0.604032 0
-23.5984 10.8144 1.93703e-06 3
-22.6016 -33.8496 0.597997 0
-22.5968 -2.6208 0.00394321 1
-23.5024 -18.1776 0.365436 1
-13.9808 -11.232 0.0707443 1
-27.6896 0.0911987 0.00127898 1
-16.1056 23.5056 8.93677e-11 3
-21.0384 -5.256 0.0115064 1
-21.2224 -26.9184 0.590447 0
-14.5152 -42.6432 0.245318 1
-16.1888 22.7184 1.76361e-10 3
-15.328 21.0816 6.95205e-10 3
-39.3824 9.3312 8.46179e-06 3
-27.2064 14.8272 1.19925e-07 3
-25.0944 -12.3504 0.135199 1
-29.5936 -11.6304 0.135603 1
-18.6896 6.8304 2.31547e-05 3
-29.9776 5.3856 7.43283e-05 1
-25.3232 5.4864 6.09371e-05 1
-28.5376 13.4112 3.50664e-07 3
-20.1536 -8.3376 0.0348368 1
-27.4016 17.8224 1.21068e-08 3
-19.88 11.0448 1.53435e-06 3
-17.1696 -18.4512 0.317474 1
-31.9344 -19.824 0.550109 0
-30.5824 10.5024 2.86259e-06 3
-29.0816 15.1344 9.97653e-08 3
-23.7472 -5.1696 0.0121645 1
-15.3872 43.5888 1.61717e-19 3
-27.6896 -37.8192 0.585821 0
-36.4128 11.9616 1.24605e-06 3
-23.8032 18.4176 6.9984e-09 3
-24.9984 9.768 4.04984e-06 3
-29.5696 18.8688 5.53456e-09 3
-26.68 5.0544 8.17877e-05 1
-28.728 5.3424 7.33176e-05 1
-26.744 5.45279 6.4695e-05 1
-17.0272 6.84 2.23147e-05 3
-22.4816 -14.064 0.181461 1
-17.0208 -3.4704 0.00489938 1
-21.6112 -2.2032 0.00316593 1
-30.9456 -3.4992 0.00795477 1
-22.6288 6.5952 2.91184e-05 3
-67.224 -30.4176 0.990292 0
-27.768 -26.2064 0.663572 0
-20.808 -32.4816 0.591605 0
-21.128 -20.6672 0.439157 0
-1.504 -31.6496 0.441966 0
-14.4 -19.84 0.347761 1
-29.808 -21.8976 0.594275 0
-7.896 -18.3328 0.258498 1
-16.304 -26.3888 0.530813 0
7.976 -18.6272 0.241198 2
8.672 -27.2064 0.426632 0
-28.016 -28.3088 0.688118 0
37.232 -27.9408 0.607222 0
10.4 -30.4576 0.433797 0
6.79998 -39.6592 0.253076 1
-36.32 -29.0688 0.799373 0
-10.944 -32.744 0.487729 0
30.16 -32.4272 0.519238 0
-19.776 -29.6112 0.591075 0
16.32 -17.32 0.214088 2
-11.92 -26.904 0.498024 0
9.408 -29.0992 0.435337 0
0.824003 -28.1088 0.440134 0
-9.25601 -33.36 0.466584 0
-5.184 -37.0528 0.363293 0
20.328 -24.3888 0.424003 0
-13.496 -25.4672 0.491224 0
4.912 -26.888 0.42433 0
-18.384 -28.5808 0.572395 0
-13.656 -21.5456 0.39858 0
-18.888 -29.3152 0.580594 0
12.52 -32.5328 0.419689 0
-99 -23.9872 0.999408 0
12.128 -22.9616 0.365614 0
-64.528 -32.5216 0.986377 0
8.008 -26.376 0.418445 0
-10.008 -37.8272 0.373548 0
-8.35201 -34.0864 0.448726 0
-31.408 -31.8832 0.735248 0
-21.344 -22.7408 0.508645 0
8.376 -39.272 0.264007 1
-2.824 -32.0224 0.444165 0
19.96 -32.8064 0.441871 0
49.248 -22.2864 0.66734 0
50.696 -30.8768 0.769277 0
-19.072 -34.976 0.534872 0
6.39199 -25.7728 0.410961 0
10.176 -36.1808 0.349187 0
26.248 -36.176 0.413326 0
-3.76 -37.1936 0.352096 1
-10.496 31.0032 8.52018e-14 3
23.432 24.0624 4.67221e-11 3
24.944 36.3968 3.26932e-16 3
48.056 34.8624 1.97833e-15 3
-12.848 33.7824 5.6268e-15 3
0.831986 26.0496 8.04446e-12 3
27.28 30.8384 8.92975e-14 3
-7.144 37.0096 1.92501e-16 3
-11.168 33.688 6.06774e-15 3
10.088 32.5168 1.68811e-14 3
-6.176 18.0912 7.16625e-09 3
-32.76 26.5552 8.17535e-12 3
23.832 21.4672 4.39759e-10 3
6.528 25.3568 1.46463e-11 3
-11.328 37.2 1.64699e-16 3
-0.176012 27.912 1.46854e-12 3
4.41599 21.3776 4.65337e-10 3
-68.232 33.4672 4.05094e-14 3
38.488 25.9872 9.41747e-12 3
20.84 27.8368 1.51464e-12 3
69.536 35.5712 1.4741e-15 3
-44.08 26.488 1.21268e-11 3
9.232 34.496 2.32023e-15 3
18.664 29.3728 3.55379e-13 3
-6.152 10.176 2.30887e-06 3
-32 37.9792 1.02315e-16 3
5.93599 29.1024 4.66975e-13 3
-0.743998 24.8944 2.28427e-11 3
-1.912 37.3968 1.22508e-16 3
7.528 31.7312 3.69174e-14 3
-6.112 36.6384 2.81052e-16 3
-30.752 20.2288 1.88261e-09 3
-42.168 28.2944 2.14681e-12 3
-27.184 22.3216 3.00023e-10 3
56.088 30.2864 2.18994e-13 3
-42.776 26.008 1.7961e-11 3
15.24 29.944 2.05626e-13 3
28.96 31.0448 7.37353e-14 3
-13.08 26.5232 5.89295e-12 3
-8.56 29.0176 5.57424e-13 3
68.4 25.904 1.80816e-11 3
-56.672 36.576 9.97578e-16 3
-47.816 20.9072 1.83207e-09 3
59.472 31.1344 1.02716e-13 3
31.464 46.3792 5.31925e-21 3
75.192 35.952 1.15311e-15 3
47.944 16.3232 3.89364e-08 3
-18.656 35.9616 6.58908e-16 3
6.632 29.8288 2.33523e-13 3
-22.296 33.8016 6.3253e-15 3
