1.5952 25.4112 2.09168e-20 3
-2.7952 13.6512 1.12003e-12 1
2.6768 6.0192 7.5945e-09 2
-1.0672 -30.768 0.968465 0
-6.8256 13.4736 1.2887e-12 1
7.064 33.1536 1.99795e-26 3
3.9104 -27.8208 0.938936 0
4.96 1.5744 5.75436e-07 2
7.6848 -19.5504 0.471578 2
-1.3344 -4.40641 0.000133353 2
6.0576 29.5008 1.45567e-23 3
3.5616 26.9232 1.46628e-21 3
7.2368 -7.7664 0.00113113 2
-6.6976 20.5392 6.23951e-17 1
1.8384 3.0624 1.58731e-07 2
-4.8288 41.472 6.02525e-33 3
-8.12 4.7136 3.04232e-08 1
-5.5664 7.5888 1.47128e-09 1
2.4144 22.4448 3.06191e-18 3
5.728 -3.696 5.56637e-05 2
-5.464 -2.04 1.92499e-05 1
-6.384 3.11999 1.59151e-07 1
0.294401 -1.3152 9.66839e-06 2
12.6752 -8.5488 0.00148954 2
-0.491203 3.984 6.76994e-08 2
4.8576 -7.4112 0.00100029 2
2.6512 21.6864 1.05101e-17 3
-0.595203 -3.1392 4.67857e-05 2
3.7792 1.5216 6.41739e-07 2
5.4608 4.5984 2.91335e-08 2
0.7216 18.96 7.45796e-16 1
-1.1152 -0.148802 3.55811e-06 2
4.7776 29.76 9.4991e-24 3
-3.5216 14.8992 2.17448e-13 1
1.4544 10.6512 4.46815e-11 2
-3.0672 -11.3136 0.0182713 2
-0.441601 20.9808 3.3052e-17 3
-4.0288 17.3568 7.37487e-15 1
6.2784 -9.0576 0.00292132 2
-5.376 -3.744 8.03866e-05 1
-1.7296 3.312 1.34946e-07 2
3.7584 24.2688 1.42179e-19 3
5.6672 -9.57599 0.00427621 2
16.568 20.6016 3.76895e-17 2
8.5872 14.208 4.37549e-13 2
1.9408 -24.9504 0.889146 0
-3.3936 4.9728 2.5095e-08 1
-1.0352 -14.5152 0.103745 2
-7.4432 1.9488 4.905e-07 1
2.8 -2.44801 2.31144e-05 2
22.6096 24.0864 1.05447e-19 3
22.1888 35.0208 3.75971e-28 3
43.3552 -27.3168 0.963904 0
25.0128 -15.0672 0.0641962 2
21.2336 34.9872 4.16006e-28 3
17.704 22.3152 2.36312e-18 3
23.144 -17.4336 0.187211 2
23.5168 -11.0928 0.00637262 2
13.3712 -0.792 3.16932e-06 2
31.4736 18.072 1.1864e-15 2
26.08 2.2992 1.33981e-07 2
30.1376 -1.68 5.47302e-06 2
29.824 4.6848 1.27391e-08 2
31.6512 0.475199 8.12419e-07 2
17.816 -22.752 0.68991 0
25.9456 -1.9104 6.35487e-06 2
30.8032 -26.1312 0.888039 0
14.704 -3.7104 3.56178e-05 2
19.5216 3.8208 3.27723e-08 2
34.4 4.17118 2.41089e-08 2
31.624 4.5312 1.54193e-08 2
25.216 -13.5168 0.0278023 2
31.7904 -10.9152 0.00659046 2
15.9488 -5.16 0.000107897 2
16.9088 7.1568 1.11611e-09 2
12.752 21.552 9.79568e-18 3
16.5776 30.8592 8.95501e-25 3
32.976 5.304 7.15867e-09 2
30.5472 8.54399 2.02397e-10 2
28.6592 14.2608 2.10394e-13 2
26.88 0.503998 7.34485e-07 2
24.6784 17.616 2.41713e-15 2
29.5856 25.3296 1.01314e-20 3
23.6672 6.984 1.12407e-09 2
22.8976 -29.8512 0.938414 0
19.5232 10.2624 3.15159e-11 2
27.0224 -6.8304 0.00033917 2
30.7328 4.2048 2.11351e-08 2
18.752 20.6448 3.24473e-17 2
24.728 -3.94561 3.51015e-05 2
26.0384 3.792 3.07518e-08 2
22.5504 -3.0096 1.63768e-05 2
35.3088 5.54879 5.96829e-09 2
39.2896 4.4448 2.26555e-08 2
20.8752 -20.0352 0.429555 2
24.464 -15.648 0.0854031 2
29.8304 -34.6608 0.972477 0
28.9312 -1.6128 5.04718e-06 2
19.3504 -8.5056 0.00117133 2
26.3136 -31.2528 0.95417 0
-24.1776 1.008 1.04974e-06 1
-14.9232 -10.1808 0.00716678 1
-32.664 -12.0672 0.0277945 1
-22.7248 2.9664 1.56349e-07 1
-38.4464 -17.544 0.407415 1
-22.2448 -11.0064 0.0108889 1
-29.648 -22.2864 0.706894 0
-23.5984 10.8144 3.29163e-11 1
-22.6016 -33.8496 0.945734 0
-22.5968 -2.6208 2.48607e-05 1
-23.5024 -18.1776 0.322361 1
-13.9808 -11.232 0.0142524 1
-27.6896 0.0911987 2.7648e-06 1
-16.1056 23.5056 5.66823e-19 1
-21.0384 -5.256 0.00020297 1
-21.2224 -26.9184 0.888839 0
-14.5152 -42.6432 0.928608 0
-16.1888 22.7184 2.01355e-18 1
-15.328 21.0816 2.59936e-17 1
-39.3824 9.3312 6.65982e-10 1
-27.2064 14.8272 2.6882e-13 1
-25.0944 -12.3504 0.0246636 1
-29.5936 -11.6304 0.0185565 1
-18.6896 6.8304 2.73698e-09 1
-29.9776 5.3856 1.88889e-08 1
-25.3232 5.4864 1.3261e-08 1
-28.5376 13.4112 1.79156e-12 1
-20.1536 -8.3376 0.00192076 1
-27.4016 17.8224 4.68806e-15 1
-19.88 11.0448 2.26781e-11 1
-17.1696 -18.4512 0.371947 1
-31.9344 -19.824 0.527666 0
-30.5824 10.5024 7.06031e-11 1
-29.0816 15.1344 2.03459e-13 1
-23.7472 -5.1696 0.000195387 1
-15.3872 43.5888 1.34489e-34 3
-27.6896 -37.8192 0.935154 0
-36.4128 11.9616 2.16133e-11 1
-23.8032 18.4176 1.67013e-15 1
-24.9984 9.768 1.18519e-10 1
-29.5696 18.8688 1.20143e-15 1
-26.68 5.0544 2.20116e-08 1
-28.728 5.3424 1.82472e-08 1
-26.744 5.45279 1.46217e-08 1
-17.0272 6.84 2.70295e-09 1
-22.4816 -14.064 0.0607232 1
-17.0208 -3.4704 5.01885e-05 1
-21.6112 -2.2032 1.72844e-05 1
-30.9456 -3.4992 6.98745e-05 1
-22.6288 6.5952 3.75166e-09 1
-67.224 -30.4176 0.999449 0
-27.768 -26.2064 0.868589 0
-20.808 -32.4816 0.945297 0
-21.128 -20.6672 0.568014 0
-1.504 -31.6496 0.971962 0
-14.4 -19.84 0.537435 0
-29.808 -21.8976 0.681361 0
-7.896 -18.3328 0.43642 0
-16.304 -26.3888 0.893959 0
7.976 -18.6272 0.370367 2
8.672 -27.2064 0.915816 0
-28.016 -28.3088 0.908168 0
37.232 -27.9408 0.948942 0
10.4 -30.4576 0.951495 0
6.79998 -39.6592 0.972088 0
-36.32 -29.0688 0.936796 0
-10.944 -32.744 0.966843 0
30.16 -32.4272 0.966041 0
-19.776 -29.6112 0.930239 0
16.32 -17.32 0.189239 2
-11.92 -26.904 0.921049 0
9.408 -29.0992 0.94099 0
0.824003 -28.1088 0.948374 0
-9.25601 -33.36 0.970949 0
-5.184 -37.0528 0.977377 0
20.328 -24.3888 0.790911 0
-13.496 -25.4672 0.884581 0
4.912 -26.888 0.922192 0
-18.384 -28.5808 0.922876 0
-13.656 -21.5456 0.69547 0
-18.888 -29.3152 0.92954 0
12.52 -32.5328 0.960841 0
-99 -23.9872 1 0
12.128 -22.9616 0.733511 0
-64.528 -32.5216 0.999029 0
8.008 -26.376 0.900891 0
-10.008 -37.8272 0.970088 0
-8.35201 -34.0864 0.973281 0
-31.408 -31.8832 0.94068 0
-21.344 -22.7408 0.727409 0
8.376 -39.272 0.971385 0
-2.824 -32.0224 0.973238 0
19.96 -32.8064 0.958697 0
49.248 -22.2864 0.90649 0
50.696 -30.8768 0.992835 0
-19.072 -34.976 0.952677 0
6.39199 -25.7728 0.892619 0
10.176 -36.1808 0.97115 0
26.248 -36.176 0.970975 0
-3.76 -37.1936 0.978193 0
-10.496 31.0032 1.40008e-24 3
23.432 24.0624 1.06951e-19 3
24.944 36.3968 2.6772e-29 3
48.056 34.8624 1.6178e-28 3
-12.848 33.7824 1.02576e-26 3
0.831986 26.0496 7.0354e-21 3
27.28 30.8384 6.16413e-25 3
-7.144 37.0096 2.54733e-29 3
-11.168 33.688 1.16921e-26 3
10.088 32.5168 5.7181e-26 3
-6.176 18.0912 2.4609e-15 1
-32.76 26.5552 6.53402e-21 3
23.832 21.4672 7.56898e-18 2
6.528 25.3568 2.07636e-20 3
-11.328 37.2 1.97846e-29 3
-0.176012 27.912 2.7814e-22 3
4.41599 21.3776 1.68262e-17 3
-68.232 33.4672 9.02406e-26 3
38.488 25.9872 2.46924e-21 3
20.84 27.8368 1.67818e-22 3
69.536 35.5712 1.41474e-29 3
-44.08 26.488 1.15108e-20 3
9.232 34.496 1.62626e-27 3
18.664 29.3728 1.18722e-23 3
-6.152 10.176 7.5172e-11 1
-32 37.9792 1.04442e-29 3
5.93599 29.1024 2.96666e-23 3
-0.743998 24.8944 5.20658e-20 3
-1.912 37.3968 1.11438e-29 3
7.528 31.7312 2.56682e-25 3
-6.112 36.6384 4.91937e-29 3
-30.752 20.2288 1.72045e-16 1
-42.168 28.2944 4.68654e-22 3
-27.184 22.3216 5.42353e-18 1
56.088 30.2864 5.1315e-25 3
-42.776 26.008 2.52986e-20 3
15.24 29.944 4.86031e-24 3
28.96 31.0448 3.97917e-25 3
-13.08 26.5232 3.57567e-21 3
-8.56 29.0176 4.49754e-23 3
68.4 25.904 8.81487e-22 3
-56.672 36.576 2.939e-28 3
-47.816 20.9072 1.78166e-16 3
59.472 31.1344 9.15383e-26 3
31.464 46.3792 1.48303e-37 3
75.192 35.952 5.0253e-30 3
47.944 16.3232 2.24953e-14 2
-18.656 35.9616 2.35325e-28 3
6.632 29.8288 7.98101e-24 3
-22.296 33.8016 1.31915e-26 3
