1.5952 25.4112 1.77133e-20 3
-2.7952 13.6512 1.01994e-12 1
2.6768 6.0192 6.99852e-09 2
-1.0672 -30.768 0.969363 0
-6.8256 13.4736 1.17846e-12 1
7.064 33.1536 1.60919e-26 3
3.9104 -27.8208 0.941911 0
4.96 1.5744 5.41751e-07 2
7.6848 -19.5504 0.480483 2
-1.3344 -4.40641 0.000128609 2
6.0576 29.5008 1.19929e-23 3
3.5616 26.9232 1.22792e-21 3
7.2368 -7.7664 0.00111927 2
-6.6976 20.5392 5.49826e-17 1
1.8384 3.0624 1.48373e-07 2
-4.8288 41.472 4.57603e-33 3
-8.12 4.7136 2.84713e-08 1
-5.5664 7.5888 1.36811e-09 1
2.4144 22.4448 2.63385e-18 3
5.728 -3.696 5.38923e-05 2
-5.464 -2.04 1.83568e-05 1
-6.384 3.11999 1.49695e-07 1
0.294401 -1.3152 9.2172e-06 2
12.6752 -8.5488 0.00148801 2
-0.491203 3.984 6.32123e-08 2
4.8576 -7.4112 0.000985038 2
2.6512 21.6864 9.0712e-18 3
-0.595203 -3.1392 4.49248e-05 2
3.7792 1.5216 6.04013e-07 2
5.4608 4.5984 2.70017e-08 2
0.7216 18.96 6.56886e-16 1
-1.1152 -0.148802 3.37651e-06 2
4.7776 29.76 7.8171e-24 3
-3.5216 14.8992 1.97482e-13 1
1.4544 10.6512 4.05114e-11 2
-3.0672 -11.3136 0.017981 2
-0.441601 20.9808 2.88877e-17 3
-4.0288 17.3568 6.63145e-15 1
6.2784 -9.0576 0.00290432 2
-5.376 -3.744 7.70097e-05 1
-1.7296 3.312 1.2652e-07 2
3.7584 24.2688 1.20786e-19 3
5.6672 -9.57599 0.00425789 2
16.568 20.6016 3.25083e-17 2
8.5872 14.208 3.8504e-13 2
1.9408 -24.9504 0.893159 0
-3.3936 4.9728 2.34544e-08 1
-1.0352 -14.5152 0.103816 2
-7.4432 1.9488 4.62363e-07 1
2.8 -2.44801 2.21735e-05 2
22.6096 24.0864 9.07679e-20 3
22.1888 35.0208 3.03498e-28 3
43.3552 -27.3168 0.96107 0
25.0128 -15.0672 0.0649216 2
21.2336 34.9872 3.35373e-28 3
17.704 22.3152 2.02753e-18 3
23.144 -17.4336 0.18981 2
23.5168 -11.0928 0.00642698 2
13.3712 -0.792 3.0624e-06 2
31.4736 18.072 1.09394e-15 2
26.08 2.2992 1.30981e-07 2
30.1376 -1.68 5.42699e-06 2
29.824 4.6848 1.24423e-08 2
31.6512 0.475199 8.03083e-07 2
17.816 -22.752 0.696755 0
25.9456 -1.9104 6.28716e-06 2
30.8032 -26.1312 0.886988 0
14.704 -3.7104 3.49631e-05 2
19.5216 3.8208 3.14154e-08 2
34.4 4.17118 2.37245e-08 2
31.624 4.5312 1.51088e-08 2
25.216 -13.5168 0.0280822 2
31.7904 -10.9152 0.00658943 2
15.9488 -5.16 0.00010673 2
16.9088 7.1568 1.0445e-09 2
12.752 21.552 8.35324e-18 3
16.5776 30.8592 7.36066e-25 3
32.976 5.304 7.01518e-09 2
30.5472 8.54399 1.95634e-10 2
28.6592 14.2608 1.97323e-13 2
26.88 0.503998 7.22699e-07 2
24.6784 17.616 2.18618e-15 2
29.5856 25.3296 8.79119e-21 3
23.6672 6.984 1.0741e-09 2
22.8976 -29.8512 0.939391 0
19.5232 10.2624 2.92477e-11 2
27.0224 -6.8304 0.000339202 2
30.7328 4.2048 2.06994e-08 2
18.752 20.6448 2.8158e-17 2
24.728 -3.94561 3.4876e-05 2
26.0384 3.792 2.9914e-08 2
22.5504 -3.0096 1.62001e-05 2
35.3088 5.54879 5.86374e-09 2
39.2896 4.4448 2.2373e-08 2
20.8752 -20.0352 0.435297 2
24.464 -15.648 0.0864502 2
29.8304 -34.6608 0.971763 0
28.9312 -1.6128 5.00093e-06 2
19.3504 -8.5056 0.00117501 2
26.3136 -31.2528 0.954179 0
-24.1776 1.008 9.58984e-07 1
-14.9232 -10.1808 0.00678429 1
-32.664 -12.0672 0.0263432 1
-22.7248 2.9664 1.4227e-07 1
-38.4464 -17.544 0.400628 1
-22.2448 -11.0064 0.010217 1
-29.648 -22.2864 0.695619 0
-23.5984 10.8144 2.89514e-11 1
-22.6016 -33.8496 0.94082 0
-22.5968 -2.6208 2.29893e-05 1
-23.5024 -18.1776 0.308918 1
-13.9808 -11.232 0.0135332 1
-27.6896 0.0911987 2.52419e-06 1
-16.1056 23.5056 4.7657e-19 1
-21.0384 -5.256 0.000189085 1
-21.2224 -26.9184 0.881257 0
-14.5152 -42.6432 0.918878 0
-16.1888 22.7184 1.70148e-18 1
-15.328 21.0816 2.22761e-17 1
-39.3824 9.3312 5.79733e-10 1
-27.2064 14.8272 2.29165e-13 1
-25.0944 -12.3504 0.0231841 1
-29.5936 -11.6304 0.0174813 1
-18.6896 6.8304 2.48198e-09 1
-29.9776 5.3856 1.68469e-08 1
-25.3232 5.4864 1.1897e-08 1
-28.5376 13.4112 1.53487e-12 1
-20.1536 -8.3376 0.00179946 1
-27.4016 17.8224 3.92651e-15 1
-19.88 11.0448 2.01535e-11 1
-17.1696 -18.4512 0.358015 1
-31.9344 -19.824 0.515746 0
-30.5824 10.5024 6.12745e-11 1
-29.0816 15.1344 1.7235e-13 1
-23.7472 -5.1696 0.000181488 1
-15.3872 43.5888 9.6847e-35 3
-27.6896 -37.8192 0.929501 0
-36.4128 11.9616 1.84879e-11 1
-23.8032 18.4176 1.40924e-15 1
-24.9984 9.768 1.04388e-10 1
-29.5696 18.8688 9.95401e-16 1
-26.68 5.0544 1.9739e-08 1
-28.728 5.3424 1.62986e-08 1
-26.744 5.45279 1.30886e-08 1
-17.0272 6.84 2.46297e-09 1
-22.4816 -14.064 0.0572507 1
-17.0208 -3.4704 4.69251e-05 1
-21.6112 -2.2032 1.59894e-05 1
-30.9456 -3.4992 6.45459e-05 1
-22.6288 6.5952 3.36973e-09 1
-67.224 -30.4176 0.999563 0
-27.768 -26.2064 0.861362 0
-20.808 -32.4816 0.94044 0
-21.128 -20.6672 0.552074 0
-1.504 -31.6496 0.97265 0
-14.4 -19.84 0.523514 0
-29.808 -21.8976 0.669678 0
-7.896 -18.3328 0.42973 0
-16.304 -26.3888 0.88698 0
7.976 -18.6272 0.378071 2
8.672 -27.2064 0.919908 0
-28.016 -28.3088 0.902665 0
37.232 -27.9408 0.946654 0
10.4 -30.4576 0.954048 0
6.79998 -39.6592 0.973821 0
-36.32 -29.0688 0.93488 0
-10.944 -32.744 0.964457 0
30.16 -32.4272 0.965316 0
-19.776 -29.6112 0.924715 0
16.32 -17.32 0.193238 2
-11.92 -26.904 0.916643 0
9.408 -29.0992 0.944055 0
0.824003 -28.1088 0.950376 0
-9.25601 -33.36 0.969155 0
-5.184 -37.0528 0.976675 0
20.328 -24.3888 0.795393 0
-13.496 -25.4672 0.878065 0
4.912 -26.888 0.925916 0
-18.384 -28.5808 0.917037 0
-13.656 -21.5456 0.68352 0
-18.888 -29.3152 0.924012 0
12.52 -32.5328 0.962802 0
-99 -23.9872 1 0
12.128 -22.9616 0.741677 0
-64.528 -32.5216 0.99921 0
8.008 -26.376 0.905534 0
-10.008 -37.8272 0.967407 0
-8.35201 -34.0864 0.971775 0
-31.408 -31.8832 0.937342 0
-21.344 -22.7408 0.713906 0
8.376 -39.272 0.973133 0
-2.824 -32.0224 0.973539 0
19.96 -32.8064 0.959736 0
49.248 -22.2864 0.898616 0
50.696 -30.8768 0.991708 0
-19.072 -34.976 0.947912 0
6.39199 -25.7728 0.897495 0
10.176 -36.1808 0.972814 0
26.248 -36.176 0.97069 0
-3.76 -37.1936 0.97793 0
-10.496 31.0032 1.13189e-24 3
23.432 24.0624 9.22594e-20 3
24.944 36.3968 2.15033e-29 3
48.056 34.8624 1.36225e-28 3
-12.848 33.7824 8.07425e-27 3
0.831986 26.0496 5.93927e-21 3
27.28 30.8384 5.15579e-25 3
-7.144 37.0096 1.98249e-29 3
-11.168 33.688 9.24846e-27 3
10.088 32.5168 4.62782e-26 3
-6.176 18.0912 2.20498e-15 1
-32.76 26.5552 5.19432e-21 3
23.832 21.4672 6.64085e-18 2
6.528 25.3568 1.74793e-20 3
-11.328 37.2 1.5226e-29 3
-0.176012 27.912 2.32116e-22 3
4.41599 21.3776 1.44713e-17 3
-68.232 33.4672 6.68876e-26 3
38.488 25.9872 2.16153e-21 3
20.84 27.8368 1.41143e-22 3
69.536 35.5712 1.22839e-29 3
-44.08 26.488 9.15296e-21 3
9.232 34.496 1.29887e-27 3
18.664 29.3728 9.86838e-24 3
-6.152 10.176 6.94387e-11 1
-32 37.9792 7.58352e-30 3
5.93599 29.1024 2.44987e-23 3
-0.743998 24.8944 4.43633e-20 3
-1.912 37.3968 8.70795e-30 3
7.528 31.7312 2.08626e-25 3
-6.112 36.6384 3.84564e-29 3
-30.752 20.2288 1.41262e-16 1
-42.168 28.2944 3.68157e-22 3
-27.184 22.3216 4.43839e-18 1
56.088 30.2864 4.4797e-25 3
-42.776 26.008 2.01727e-20 3
15.24 29.944 4.00911e-24 3
28.96 31.0448 3.33364e-25 3
-13.08 26.5232 2.97015e-21 3
-8.56 29.0176 3.7043e-23 3
68.4 25.904 7.96002e-22 3
-56.672 36.576 2.13294e-28 3
-47.816 20.9072 1.46347e-16 3
59.472 31.1344 7.99749e-26 3
31.464 46.3792 1.2229e-37 3
75.192 35.952 4.39875e-30 3
47.944 16.3232 2.14472e-14 2
-18.656 35.9616 1.79056e-28 3
6.632 29.8288 6.56188e-24 3
-22.296 33.8016 1.01241e-26 3
