1.5952 25.4112 0.0251172 3
-2.7952 13.6512 0.0467668 3
2.6768 6.0192 0.0678715 3
-1.0672 -30.768 0.177986 2
-6.8256 13.4736 0.0471284 3
7.064 33.1536 0.0169171 3
3.9104 -27.8208 0.167412 2
4.96 1.5744 0.0819528 3
7.6848 -19.5504 0.148697 2
-1.3344 -4.40641 0.102931 3
6.0576 29.5008 0.0206607 3
3.5616 26.9232 0.0233952 3
7.2368 -7.7664 0.113309 2
-6.6976 20.5392 0.0319402 3
1.8384 3.0624 0.0769436 3
-4.8288 41.472 0.00894513 3
-8.12 4.7136 0.0729914 3
-5.5664 7.5888 0.0632713 3
2.4144 22.4448 0.0298197 3
5.728 -3.696 0.0994974 3
-5.464 -2.04 0.0960142 3
-6.384 3.11999 0.077875 3
0.294401 -1.3152 0.0916108 3
12.6752 -8.5488 0.117271 2
-0.491203 3.984 0.0740261 3
4.8576 -7.4112 0.112101 2
2.6512 21.6864 0.0311345 3
-0.595203 -3.1392 0.0981779 3
3.7792 1.5216 0.0820016 3
5.4608 4.5984 0.0725578 3
0.7216 18.96 0.0357229 3
-1.1152 -0.148802 0.087824 3
4.7776 29.76 0.0201028 3
-3.5216 14.8992 0.04378 3
1.4544 10.6512 0.0547207 3
-3.0672 -11.3136 0.129051 2
-0.441601 20.9808 0.0318213 3
-4.0288 17.3568 0.0383508 3
6.2784 -9.0576 0.11757 2
-5.376 -3.744 0.102346 3
-1.7296 3.312 0.0762838 3
3.7584 24.2688 0.0272059 3
5.6672 -9.57599 0.119316 2
16.568 20.6016 0.0373336 3
8.5872 14.208 0.0475888 3
1.9408 -24.9504 0.164228 2
-3.3936 4.9728 0.0711234 3
-1.0352 -14.5152 0.138517 2
-7.4432 1.9488 0.0823391 3
2.8 -2.44801 0.0952385 3
22.6096 24.0864 0.0339967 3
22.1888 35.0208 0.0189831 3
43.3552 -27.3168 0.230757 2
25.0128 -15.0672 0.148819 2
21.2336 34.9872 0.0187001 3
17.704 22.3152 0.0347158 3
23.144 -17.4336 0.152618 2
23.5168 -11.0928 0.134602 2
13.3712 -0.792 0.0921795 3
31.4736 18.072 0.0526366 3
26.08 2.2992 0.0927355 3
30.1376 -1.68 0.112082 2
29.824 4.6848 0.0894974 3
31.6512 0.475199 0.1068 3
17.816 -22.752 0.158785 2
25.9456 -1.9104 0.106861 2
30.8032 -26.1312 0.185162 2
14.704 -3.7104 0.102461 2
19.5216 3.8208 0.0815009 3
34.4 4.17118 0.0981569 3
31.624 4.5312 0.0925359 3
25.216 -13.5168 0.144535 2
31.7904 -10.9152 0.148089 2
15.9488 -5.16 0.108015 2
16.9088 7.1568 0.0696669 3
12.752 21.552 0.0340962 3
16.5776 30.8592 0.0217672 3
32.976 5.304 0.0919205 3
30.5472 8.54399 0.0779716 3
28.6592 14.2608 0.0594993 3
26.88 0.503998 0.0997719 3
24.6784 17.616 0.0480517 3
29.5856 25.3296 0.0359998 3
23.6672 6.984 0.0753339 3
22.8976 -29.8512 0.174073 2
19.5232 10.2624 0.0626725 3
27.0224 -6.8304 0.125402 2
30.7328 4.2048 0.092362 3
18.752 20.6448 0.0382651 3
24.728 -3.94561 0.112312 2
26.0384 3.792 0.087772 3
22.5504 -3.0096 0.106603 2
35.3088 5.54879 0.0948269 3
39.2896 4.4448 0.106361 3
20.8752 -20.0352 0.156111 2
24.464 -15.648 0.149652 2
29.8304 -34.6608 0.188736 2
28.9312 -1.6128 0.109976 2
19.3504 -8.5056 0.121664 2
26.3136 -31.2528 0.180541 2
-24.1776 1.008 0.100744 3
-14.9232 -10.1808 0.139955 1
-32.664 -12.0672 0.206818 1
-22.7248 2.9664 0.0897158 3
-38.4464 -17.544 0.287174 1
-22.2448 -11.0064 0.161001 1
-29.648 -22.2864 0.260749 1
-23.5984 10.8144 0.0594193 3
-22.6016 -33.8496 0.265254 1
-22.5968 -2.6208 0.116497 3
-23.5024 -18.1776 0.204967 1
-13.9808 -11.232 0.142993 1
-27.6896 0.0911987 0.111166 3
-16.1056 23.5056 0.0266268 3
-21.0384 -5.256 0.127274 3
-21.2224 -26.9184 0.234969 1
-14.5152 -42.6432 0.230006 2
-16.1888 22.7184 0.0279638 3
-15.328 21.0816 0.0308777 3
-39.3824 9.3312 0.0814766 3
-27.2064 14.8272 0.0484927 3
-25.0944 -12.3504 0.17768 1
-29.5936 -11.6304 0.190073 1
-18.6896 6.8304 0.0705443 3
-29.9776 5.3856 0.0874759 3
-25.3232 5.4864 0.0814189 3
-28.5376 13.4112 0.0536695 3
-20.1536 -8.3376 0.141461 1
-27.4016 17.8224 0.0402473 3
-19.88 11.0448 0.0567539 3
-17.1696 -18.4512 0.183225 1
-31.9344 -19.824 0.259423 1
-30.5824 10.5024 0.0656942 3
-29.0816 15.1344 0.0485156 3
-23.7472 -5.1696 0.132291 3
-15.3872 43.5888 0.00708421 3
-27.6896 -37.8192 0.312941 2
-36.4128 11.9616 0.0654909 3
-23.8032 18.4176 0.0376886 3
-24.9984 9.768 0.0640106 3
-29.5696 18.8688 0.0383724 3
-26.68 5.0544 0.0848545 3
-28.728 5.3424 0.0860363 3
-26.744 5.45279 0.0831292 3
-17.0272 6.84 0.069522 3
-22.4816 -14.064 0.17863 1
-17.0208 -3.4704 0.112121 3
-21.6112 -2.2032 0.112761 3
-30.9456 -3.4992 0.139851 3
-22.6288 6.5952 0.0742923 3
-67.224 -30.4176 0.766647 0
-27.768 -26.2064 0.270209 1
-20.808 -32.4816 0.250753 1
-21.128 -20.6672 0.207677 1
-1.504 -31.6496 0.179849 2
-14.4 -19.84 0.180753 1
-29.808 -21.8976 0.25939 1
-7.896 -18.3328 0.16021 2
-16.304 -26.3888 0.210907 1
7.976 -18.6272 0.146307 2
8.672 -27.2064 0.163678 2
-28.016 -28.3088 0.28205 1
37.232 -27.9408 0.206759 2
10.4 -30.4576 0.167068 2
6.79998 -39.6592 0.171327 2
-36.32 -29.0688 0.356264 0
-10.944 -32.744 0.206162 2
30.16 -32.4272 0.189251 2
-19.776 -29.6112 0.236857 1
16.32 -17.32 0.145326 2
-11.92 -26.904 0.196812 2
9.408 -29.0992 0.165908 2
0.824003 -28.1088 0.171266 2
-9.25601 -33.36 0.201392 2
-5.184 -37.0528 0.192724 2
20.328 -24.3888 0.164115 2
-13.496 -25.4672 0.197794 2
4.912 -26.888 0.165133 2
-18.384 -28.5808 0.226842 1
-13.656 -21.5456 0.185074 1
-18.888 -29.3152 0.231509 1
12.52 -32.5328 0.168386 2
-99 -23.9872 0.953006 0
12.128 -22.9616 0.156311 2
-64.528 -32.5216 0.750371 0
8.008 -26.376 0.162638 2
-10.008 -37.8272 0.208566 2
-8.35201 -34.0864 0.199459 2
-31.408 -31.8832 0.3252 0
-21.344 -22.7408 0.218191 1
8.376 -39.272 0.170183 2
-2.824 -32.0224 0.182841 2
19.96 -32.8064 0.17224 2
49.248 -22.2864 0.249201 2
50.696 -30.8768 0.276023 2
-19.072 -34.976 0.246679 2
6.39199 -25.7728 0.162345 2
10.176 -36.1808 0.169768 2
26.248 -36.176 0.180982 2
-3.76 -37.1936 0.189095 2
-10.496 31.0032 0.0167748 3
23.432 24.0624 0.034475 3
24.944 36.3968 0.0185399 3
48.056 34.8624 0.0355791 3
-12.848 33.7824 0.0138882 3
0.831986 26.0496 0.02409 3
27.28 30.8384 0.0260608 3
-7.144 37.0096 0.011672 3
-11.168 33.688 0.0140846 3
10.088 32.5168 0.018192 3
-6.176 18.0912 0.0367002 3
-32.76 26.5552 0.0233623 3
23.832 21.4672 0.0394553 3
6.528 25.3568 0.0262003 3
-11.328 37.2 0.0111952 3
-0.176012 27.912 0.0214738 3
4.41599 21.3776 0.0320292 3
-68.232 33.4672 0.0242857 3
38.488 25.9872 0.042101 3
20.84 27.8368 0.0272755 3
69.536 35.5712 0.0750214 3
-44.08 26.488 0.0265992 3
9.232 34.496 0.0160623 3
18.664 29.3728 0.0243248 3
-6.152 10.176 0.0558038 3
-32 37.9792 0.0101367 3
5.93599 29.1024 0.0211107 3
-0.743998 24.8944 0.0254822 3
-1.912 37.3968 0.0119208 3
7.528 31.7312 0.0184646 3
-6.112 36.6384 0.012049 3
-30.752 20.2288 0.0354734 3
-42.168 28.2944 0.0226185 3
-27.184 22.3216 0.0299767 3
56.088 30.2864 0.0570137 3
-42.776 26.008 0.0270793 3
15.24 29.944 0.0224586 3
28.96 31.0448 0.0266428 3
-13.08 26.5232 0.0220742 3
-8.56 29.0176 0.0191531 3
68.4 25.904 0.106732 3
-56.672 36.576 0.0144275 3
-47.816 20.9072 0.0430344 3
59.472 31.1344 0.061714 3
31.464 46.3792 0.012383 3
75.192 35.952 0.0940252 3
47.944 16.3232 0.0818213 3
-18.656 35.9616 0.0117563 3
6.632 29.8288 0.0203953 3
-22.296 33.8016 0.0135507 3
