1.5952 25.4112 1.56358e-20 3
-2.7952 13.6512 9.49018e-13 1
2.6768 6.0192 6.60193e-09 2
-1.0672 -30.768 0.969748 0
-6.8256 13.4736 1.09758e-12 1
7.064 33.1536 1.37228e-26 3
3.9104 -27.8208 0.943025 0
4.96 1.5744 5.16993e-07 2
7.6848 -19.5504 0.482372 2
-1.3344 -4.40641 0.000124796 2
6.0576 29.5008 1.03962e-23 3
3.5616 26.9232 1.07633e-21 3
7.2368 -7.7664 0.00109683 2
-6.6976 20.5392 4.97212e-17 1
1.8384 3.0624 1.41144e-07 2
-4.8288 41.472 3.72518e-33 3
-8.12 4.7136 2.71043e-08 1
-5.5664 7.5888 1.29463e-09 1
2.4144 22.4448 2.35493e-18 3
5.728 -3.696 5.22006e-05 2
-5.464 -2.04 1.77331e-05 1
-6.384 3.11999 1.43079e-07 1
0.294401 -1.3152 8.87364e-06 2
12.6752 -8.5488 0.00146589 2
-0.491203 3.984 6.01056e-08 2
4.8576 -7.4112 0.000963346 2
2.6512 21.6864 8.13607e-18 3
-0.595203 -3.1392 4.34562e-05 2
3.7792 1.5216 5.76524e-07 2
5.4608 4.5984 2.55467e-08 2
0.7216 18.96 5.97336e-16 2
-1.1152 -0.148802 3.24391e-06 2
4.7776 29.76 6.76775e-24 3
-3.5216 14.8992 1.83118e-13 1
1.4544 10.6512 3.7802e-11 2
-3.0672 -11.3136 0.0176998 2
-0.441601 20.9808 2.60563e-17 3
-4.0288 17.3568 6.09338e-15 1
6.2784 -9.0576 0.00285429 2
-5.376 -3.744 7.4642e-05 1
-1.7296 3.312 1.20625e-07 2
3.7584 24.2688 1.07074e-19 3
5.6672 -9.57599 0.00418896 2
16.568 20.6016 2.9346e-17 2
8.5872 14.208 3.53817e-13 2
1.9408 -24.9504 0.894457 0
-3.3936 4.9728 2.23063e-08 1
-1.0352 -14.5152 0.103036 2
-7.4432 1.9488 4.42913e-07 1
2.8 -2.44801 2.13949e-05 2
22.6096 24.0864 8.1235e-20 3
22.1888 35.0208 2.58652e-28 3
43.3552 -27.3168 0.960577 0
25.0128 -15.0672 0.0649613 2
21.2336 34.9872 2.85659e-28 3
17.704 22.3152 1.81934e-18 3
23.144 -17.4336 0.190494 2
23.5168 -11.0928 0.00639246 2
13.3712 -0.792 2.95858e-06 2
31.4736 18.072 1.01796e-15 2
26.08 2.2992 1.27026e-07 2
30.1376 -1.68 5.31662e-06 2
29.824 4.6848 1.20365e-08 2
31.6512 0.475199 7.84094e-07 2
17.816 -22.752 0.699608 0
25.9456 -1.9104 6.15163e-06 2
30.8032 -26.1312 0.887689 0
14.704 -3.7104 3.40805e-05 2
19.5216 3.8208 3.01659e-08 2
34.4 4.17118 2.30323e-08 2
31.624 4.5312 1.46376e-08 2
25.216 -13.5168 0.028038 2
31.7904 -10.9152 0.00654538 2
15.9488 -5.16 0.000104514 2
16.9088 7.1568 9.90399e-10 2
12.752 21.552 7.48455e-18 3
16.5776 30.8592 6.37047e-25 3
32.976 5.304 6.7911e-09 2
30.5472 8.54399 1.87737e-10 2
28.6592 14.2608 1.86002e-13 2
26.88 0.503998 7.0398e-07 2
24.6784 17.616 2.02268e-15 2
29.5856 25.3296 7.8695e-21 3
23.6672 6.984 1.02756e-09 2
22.8976 -29.8512 0.940416 0
19.5232 10.2624 2.75726e-11 2
27.0224 -6.8304 0.000335071 2
30.7328 4.2048 2.00563e-08 2
18.752 20.6448 2.54822e-17 2
24.728 -3.94561 3.42439e-05 2
26.0384 3.792 2.89116e-08 2
22.5504 -3.0096 1.58572e-05 2
35.3088 5.54879 5.68038e-09 2
39.2896 4.4448 2.17399e-08 2
20.8752 -20.0352 0.437446 2
24.464 -15.648 0.0865766 2
29.8304 -34.6608 0.972064 0
28.9312 -1.6128 4.89668e-06 2
19.3504 -8.5056 0.00116168 2
26.3136 -31.2528 0.954837 0
-24.1776 1.008 9.0438e-07 1
-14.9232 -10.1808 0.00657829 1
-32.664 -12.0672 0.0254689 1
-22.7248 2.9664 1.33684e-07 1
-38.4464 -17.544 0.395452 1
-22.2448 -11.0064 0.00984997 1
-29.648 -22.2864 0.689102 0
-23.5984 10.8144 2.65446e-11 1
-22.6016 -33.8496 0.938359 0
-22.5968 -2.6208 2.18771e-05 1
-23.5024 -18.1776 0.301945 1
-13.9808 -11.232 0.0131535 1
-27.6896 0.0911987 2.38138e-06 1
-16.1056 23.5056 4.19541e-19 1
-21.0384 -5.256 0.000181004 1
-21.2224 -26.9184 0.877562 0
-14.5152 -42.6432 0.914377 0
-16.1888 22.7184 1.50314e-18 1
-15.328 21.0816 1.9857e-17 1
-39.3824 9.3312 5.32346e-10 1
-27.2064 14.8272 2.06141e-13 1
-25.0944 -12.3504 0.0223688 1
-29.5936 -11.6304 0.0168582 1
-18.6896 6.8304 2.31929e-09 1
-29.9776 5.3856 1.56526e-08 1
-25.3232 5.4864 1.1077e-08 1
-28.5376 13.4112 1.38699e-12 1
-20.1536 -8.3376 0.00173154 1
-27.4016 17.8224 3.48784e-15 1
-19.88 11.0448 1.8557e-11 1
-17.1696 -18.4512 0.351387 1
-31.9344 -19.824 0.508496 0
-30.5824 10.5024 5.59312e-11 1
-29.0816 15.1344 1.54593e-13 1
-23.7472 -5.1696 0.000173382 1
-15.3872 43.5888 7.65393e-35 3
-27.6896 -37.8192 0.92636 0
-36.4128 11.9616 1.6771e-11 1
-23.8032 18.4176 1.25387e-15 1
-24.9984 9.768 9.59095e-11 1
-29.5696 18.8688 8.78809e-16 1
-26.68 5.0544 1.83843e-08 1
-28.728 5.3424 1.51512e-08 1
-26.744 5.45279 1.21755e-08 1
-17.0272 6.84 2.30705e-09 1
-22.4816 -14.064 0.0554183 1
-17.0208 -3.4704 4.49697e-05 1
-21.6112 -2.2032 1.52156e-05 1
-30.9456 -3.4992 6.13894e-05 1
-22.6288 6.5952 3.13524e-09 1
-67.224 -30.4176 0.999604 0
-27.768 -26.2064 0.857372 0
-20.808 -32.4816 0.938091 0
-21.128 -20.6672 0.544162 0
-1.504 -31.6496 0.972961 0
-14.4 -19.84 0.517172 0
-29.808 -21.8976 0.662901 0
-7.896 -18.3328 0.42637 0
-16.304 -26.3888 0.883855 0
7.976 -18.6272 0.379423 2
8.672 -27.2064 0.921511 0
-28.016 -28.3088 0.89962 0
37.232 -27.9408 0.946559 0
10.4 -30.4576 0.95521 0
6.79998 -39.6592 0.97474 0
-36.32 -29.0688 0.933437 0
-10.944 -32.744 0.963491 0
30.16 -32.4272 0.965653 0
-19.776 -29.6112 0.922098 0
16.32 -17.32 0.194003 2
-11.92 -26.904 0.914822 0
9.408 -29.0992 0.945359 0
0.824003 -28.1088 0.951127 0
-9.25601 -33.36 0.968455 0
-5.184 -37.0528 0.976447 0
20.328 -24.3888 0.797768 0
-13.496 -25.4672 0.875274 0
4.912 -26.888 0.927274 0
-18.384 -28.5808 0.914337 0
-13.656 -21.5456 0.678214 0
-18.888 -29.3152 0.921434 0
12.52 -32.5328 0.963821 0
-99 -23.9872 1 0
12.128 -22.9616 0.744507 0
-64.528 -32.5216 0.999273 0
8.008 -26.376 0.907272 0
-10.008 -37.8272 0.966301 0
-8.35201 -34.0864 0.971201 0
-31.408 -31.8832 0.935331 0
-21.344 -22.7408 0.707227 0
8.376 -39.272 0.974087 0
-2.824 -32.0224 0.973702 0
19.96 -32.8064 0.960632 0
49.248 -22.2864 0.896492 0
50.696 -30.8768 0.991437 0
-19.072 -34.976 0.945655 0
6.39199 -25.7728 0.899225 0
10.176 -36.1808 0.973699 0
26.248 -36.176 0.971174 0
-3.76 -37.1936 0.977887 0
-10.496 31.0032 9.67812e-25 3
23.432 24.0624 8.26439e-20 3
24.944 36.3968 1.82378e-29 3
48.056 34.8624 1.18363e-28 3
-12.848 33.7824 6.7889e-27 3
0.831986 26.0496 5.22838e-21 3
27.28 30.8384 4.49782e-25 3
-7.144 37.0096 1.64842e-29 3
-11.168 33.688 7.79459e-27 3
10.088 32.5168 3.96204e-26 3
-6.176 18.0912 2.01858e-15 1
-32.76 26.5552 4.4468e-21 3
23.832 21.4672 6.02435e-18 2
6.528 25.3568 1.54157e-20 3
-11.328 37.2 1.25894e-29 3
-0.176012 27.912 2.02604e-22 3
4.41599 21.3776 1.29788e-17 3
-68.232 33.4672 5.49525e-26 3
38.488 25.9872 1.9384e-21 3
20.84 27.8368 1.24128e-22 3
69.536 35.5712 1.08295e-29 3
-44.08 26.488 7.83776e-21 3
9.232 34.496 1.10124e-27 3
18.664 29.3728 8.6084e-24 3
-6.152 10.176 6.5295e-11 1
-32 37.9792 6.11608e-30 3
5.93599 29.1024 2.12737e-23 3
-0.743998 24.8944 3.92746e-20 3
-1.912 37.3968 7.25271e-30 3
7.528 31.7312 1.79115e-25 3
-6.112 36.6384 3.20678e-29 3
-30.752 20.2288 1.23954e-16 1
-42.168 28.2944 3.12735e-22 3
-27.184 22.3216 3.87238e-18 1
56.088 30.2864 3.99014e-25 3
-42.776 26.008 1.73093e-20 3
15.24 29.944 3.48063e-24 3
28.96 31.0448 2.90904e-25 3
-13.08 26.5232 2.58855e-21 3
-8.56 29.0176 3.20446e-23 3
68.4 25.904 7.25799e-22 3
-56.672 36.576 1.72594e-28 3
-47.816 20.9072 1.28197e-16 3
59.472 31.1344 7.11878e-26 3
31.464 46.3792 9.75907e-38 3
75.192 35.952 3.8916e-30 3
47.944 16.3232 2.01919e-14 2
-18.656 35.9616 1.47724e-28 3
6.632 29.8288 5.68066e-24 3
-22.296 33.8016 8.42184e-27 3
