1.5952 25.4112 1.80394e-20 3
-2.7952 13.6512 1.03069e-12 1
2.6768 6.0192 7.05917e-09 2
-1.0672 -30.768 0.969299 0
-6.8256 13.4736 1.1906e-12 1
7.064 33.1536 1.64731e-26 3
3.9104 -27.8208 0.941709 0
4.96 1.5744 5.45428e-07 2
7.6848 -19.5504 0.480026 2
-1.3344 -4.40641 0.000129161 2
6.0576 29.5008 1.22473e-23 3
3.5616 26.9232 1.25187e-21 3
7.2368 -7.7664 0.00112206 2
-6.6976 20.5392 5.57853e-17 1
1.8384 3.0624 1.49462e-07 2
-4.8288 41.472 4.71608e-33 3
-8.12 4.7136 2.86774e-08 1
-5.5664 7.5888 1.37917e-09 1
2.4144 22.4448 2.67747e-18 3
5.728 -3.696 5.41277e-05 2
-5.464 -2.04 1.84504e-05 1
-6.384 3.11999 1.50691e-07 1
0.294401 -1.3152 9.26762e-06 2
12.6752 -8.5488 0.00149046 2
-0.491203 3.984 6.36814e-08 2
4.8576 -7.4112 0.000987835 2
2.6512 21.6864 9.21735e-18 3
-0.595203 -3.1392 4.51382e-05 2
3.7792 1.5216 6.08104e-07 2
5.4608 4.5984 2.72225e-08 2
0.7216 18.96 6.661e-16 1
-1.1152 -0.148802 3.39619e-06 2
4.7776 29.76 7.98426e-24 3
-3.5216 14.8992 1.99655e-13 1
1.4544 10.6512 4.09305e-11 2
-3.0672 -11.3136 0.01802 2
-0.441601 20.9808 2.93248e-17 3
-4.0288 17.3568 6.7129e-15 1
6.2784 -9.0576 0.00291024 2
-5.376 -3.744 7.73642e-05 1
-1.7296 3.312 1.27407e-07 2
3.7584 24.2688 1.22943e-19 3
5.6672 -9.57599 0.0042659 2
16.568 20.6016 3.30091e-17 2
8.5872 14.208 3.9e-13 2
1.9408 -24.9504 0.892909 0
-3.3936 4.9728 2.36275e-08 1
-1.0352 -14.5152 0.1039 2
-7.4432 1.9488 4.65298e-07 1
2.8 -2.44801 2.22854e-05 2
22.6096 24.0864 9.22568e-20 3
22.1888 35.0208 3.10692e-28 3
43.3552 -27.3168 0.961206 0
25.0128 -15.0672 0.0648961 2
21.2336 34.9872 3.43354e-28 3
17.704 22.3152 2.06041e-18 3
23.144 -17.4336 0.189661 2
23.5168 -11.0928 0.00642912 2
13.3712 -0.792 3.07683e-06 2
31.4736 18.072 1.10505e-15 2
26.08 2.2992 1.31501e-07 2
30.1376 -1.68 5.44035e-06 2
29.824 4.6848 1.24954e-08 2
31.6512 0.475199 8.05429e-07 2
17.816 -22.752 0.696251 0
25.9456 -1.9104 6.3039e-06 2
30.8032 -26.1312 0.886942 0
14.704 -3.7104 3.50782e-05 2
19.5216 3.8208 3.15914e-08 2
34.4 4.17118 2.38116e-08 2
31.624 4.5312 1.51695e-08 2
25.216 -13.5168 0.0280787 2
31.7904 -10.9152 0.00659419 2
15.9488 -5.16 0.000107005 2
16.9088 7.1568 1.05252e-09 2
12.752 21.552 8.49155e-18 3
16.5776 30.8592 7.51861e-25 3
32.976 5.304 7.04394e-09 2
30.5472 8.54399 1.96699e-10 2
28.6592 14.2608 1.98954e-13 2
26.88 0.503998 7.25086e-07 2
24.6784 17.616 2.21096e-15 2
29.5856 25.3296 8.93322e-21 3
23.6672 6.984 1.08066e-09 2
22.8976 -29.8512 0.939252 0
19.5232 10.2624 2.94975e-11 2
27.0224 -6.8304 0.000339648 2
30.7328 4.2048 2.07825e-08 2
18.752 20.6448 2.8579e-17 2
24.728 -3.94561 3.49513e-05 2
26.0384 3.792 3.0048e-08 2
22.5504 -3.0096 1.62425e-05 2
35.3088 5.54879 5.88692e-09 2
39.2896 4.4448 2.24507e-08 2
20.8752 -20.0352 0.4349 2
24.464 -15.648 0.086406 2
29.8304 -34.6608 0.971751 0
28.9312 -1.6128 5.01363e-06 2
19.3504 -8.5056 0.00117635 2
26.3136 -31.2528 0.954107 0
-24.1776 1.008 9.67562e-07 1
-14.9232 -10.1808 0.00681757 1
-32.664 -12.0672 0.0264794 1
-22.7248 2.9664 1.43615e-07 1
-38.4464 -17.544 0.401377 1
-22.2448 -11.0064 0.010276 1
-29.648 -22.2864 0.696637 0
-23.5984 10.8144 2.93312e-11 1
-22.6016 -33.8496 0.941223 0
-22.5968 -2.6208 2.31643e-05 1
-23.5024 -18.1776 0.310052 1
-13.9808 -11.232 0.0135949 1
-27.6896 0.0911987 2.5467e-06 1
-16.1056 23.5056 4.85574e-19 1
-21.0384 -5.256 0.000190362 1
-21.2224 -26.9184 0.881871 0
-14.5152 -42.6432 0.919644 0
-16.1888 22.7184 1.73272e-18 1
-15.328 21.0816 2.2654e-17 1
-39.3824 9.3312 5.87424e-10 1
-27.2064 14.8272 2.32859e-13 1
-25.0944 -12.3504 0.0233146 1
-29.5936 -11.6304 0.0175797 1
-18.6896 6.8304 2.50721e-09 1
-29.9776 5.3856 1.70367e-08 1
-25.3232 5.4864 1.20263e-08 1
-28.5376 13.4112 1.55862e-12 1
-20.1536 -8.3376 0.00181031 1
-27.4016 17.8224 3.99722e-15 1
-19.88 11.0448 2.04025e-11 1
-17.1696 -18.4512 0.359128 1
-31.9344 -19.824 0.516863 0
-30.5824 10.5024 6.21322e-11 1
-29.0816 15.1344 1.75213e-13 1
-23.7472 -5.1696 0.000182768 1
-15.3872 43.5888 1.00278e-34 3
-27.6896 -37.8192 0.929996 0
-36.4128 11.9616 1.87672e-11 1
-23.8032 18.4176 1.43406e-15 1
-24.9984 9.768 1.0573e-10 1
-29.5696 18.8688 1.01431e-15 1
-26.68 5.0544 1.99529e-08 1
-28.728 5.3424 1.64805e-08 1
-26.744 5.45279 1.32329e-08 1
-17.0272 6.84 2.48702e-09 1
-22.4816 -14.064 0.0575479 1
-17.0208 -3.4704 4.72316e-05 1
-21.6112 -2.2032 1.61109e-05 1
-30.9456 -3.4992 6.50429e-05 1
-22.6288 6.5952 3.40649e-09 1
-67.224 -30.4176 0.999555 0
-27.768 -26.2064 0.861994 0
-20.808 -32.4816 0.940831 0
-21.128 -20.6672 0.55338 0
-1.504 -31.6496 0.9726 0
-14.4 -19.84 0.524598 0
-29.808 -21.8976 0.670736 0
-7.896 -18.3328 0.430291 0
-16.304 -26.3888 0.887517 0
7.976 -18.6272 0.377705 2
8.672 -27.2064 0.91962 0
-28.016 -28.3088 0.903147 0
37.232 -27.9408 0.94673 0
10.4 -30.4576 0.95385 0
6.79998 -39.6592 0.973673 0
-36.32 -29.0688 0.935087 0
-10.944 -32.744 0.964631 0
30.16 -32.4272 0.9653 0
-19.776 -29.6112 0.925154 0
16.32 -17.32 0.19304 2
-11.92 -26.904 0.916969 0
9.408 -29.0992 0.943828 0
0.824003 -28.1088 0.95024 0
-9.25601 -33.36 0.969284 0
-5.184 -37.0528 0.976722 0
20.328 -24.3888 0.795008 0
-13.496 -25.4672 0.878554 0
4.912 -26.888 0.925666 0
-18.384 -28.5808 0.917495 0
-13.656 -21.5456 0.684436 0
-18.888 -29.3152 0.924447 0
12.52 -32.5328 0.962636 0
-99 -23.9872 1 0
12.128 -22.9616 0.741139 0
-64.528 -32.5216 0.999198 0
8.008 -26.376 0.905216 0
-10.008 -37.8272 0.967606 0
-8.35201 -34.0864 0.971883 0
-31.408 -31.8832 0.937651 0
-21.344 -22.7408 0.715009 0
8.376 -39.272 0.97298 0
-2.824 -32.0224 0.973515 0
19.96 -32.8064 0.959609 0
49.248 -22.2864 0.899073 0
50.696 -30.8768 0.99177 0
-19.072 -34.976 0.948291 0
6.39199 -25.7728 0.897172 0
10.176 -36.1808 0.972671 0
26.248 -36.176 0.970646 0
-3.76 -37.1936 0.977945 0
-10.496 31.0032 1.15822e-24 3
23.432 24.0624 9.3758e-20 3
24.944 36.3968 2.20276e-29 3
48.056 34.8624 1.38999e-28 3
-12.848 33.7824 8.28343e-27 3
0.831986 26.0496 6.05099e-21 3
27.28 30.8384 5.25927e-25 3
-7.144 37.0096 2.03703e-29 3
-11.168 33.688 9.48435e-27 3
10.088 32.5168 4.73478e-26 3
-6.176 18.0912 2.23316e-15 1
-32.76 26.5552 5.31691e-21 3
23.832 21.4672 6.73629e-18 2
6.528 25.3568 1.78058e-20 3
-11.328 37.2 1.56592e-29 3
-0.176012 27.912 2.36776e-22 3
4.41599 21.3776 1.47061e-17 3
-68.232 33.4672 6.89103e-26 3
38.488 25.9872 2.19549e-21 3
20.84 27.8368 1.43827e-22 3
69.536 35.5712 1.25038e-29 3
-44.08 26.488 9.36872e-21 3
9.232 34.496 1.3308e-27 3
18.664 29.3728 1.00683e-23 3
-6.152 10.176 7.00617e-11 1
-32 37.9792 7.83306e-30 3
5.93599 29.1024 2.5012e-23 3
-0.743998 24.8944 4.51582e-20 3
-1.912 37.3968 8.94481e-30 3
7.528 31.7312 2.13358e-25 3
-6.112 36.6384 3.94968e-29 3
-30.752 20.2288 1.44079e-16 1
-42.168 28.2944 3.77294e-22 3
-27.184 22.3216 4.53008e-18 1
56.088 30.2864 4.5539e-25 3
-42.776 26.008 2.06418e-20 3
15.24 29.944 4.09331e-24 3
28.96 31.0448 3.40029e-25 3
-13.08 26.5232 3.03062e-21 3
-8.56 29.0176 3.7837e-23 3
68.4 25.904 8.06366e-22 3
-56.672 36.576 2.20235e-28 3
-47.816 20.9072 1.4929e-16 3
59.472 31.1344 8.13042e-26 3
31.464 46.3792 1.22359e-37 3
75.192 35.952 4.47476e-30 3
47.944 16.3232 2.16174e-14 2
-18.656 35.9616 1.8425e-28 3
6.632 29.8288 6.7025e-24 3
-22.296 33.8016 1.04058e-26 3
