1.5952 25.4112 2.03111e-20 3
-2.7952 13.6512 1.10236e-12 1
2.6768 6.0192 7.47797e-09 2
-1.0672 -30.768 0.968726 0
-6.8256 13.4736 1.27019e-12 1
7.064 33.1536 1.92088e-26 3
3.9104 -27.8208 0.939832 0
4.96 1.5744 5.69616e-07 2
7.6848 -19.5504 0.474719 2
-1.3344 -4.40641 0.000132632 2
6.0576 29.5008 1.40542e-23 3
3.5616 26.9232 1.42034e-21 3
7.2368 -7.7664 0.00113367 2
-6.6976 20.5392 6.11304e-17 1
1.8384 3.0624 1.5681e-07 2
-4.8288 41.472 5.73817e-33 3
-8.12 4.7136 3.00623e-08 1
-5.5664 7.5888 1.45278e-09 1
2.4144 22.4448 2.98052e-18 3
5.728 -3.696 5.54874e-05 2
-5.464 -2.04 1.90818e-05 1
-6.384 3.11999 1.57392e-07 1
0.294401 -1.3152 9.59373e-06 2
12.6752 -8.5488 0.00149623 2
-0.491203 3.984 6.68579e-08 2
4.8576 -7.4112 0.00100116 2
2.6512 21.6864 1.02348e-17 3
-0.595203 -3.1392 4.64943e-05 2
3.7792 1.5216 6.35132e-07 2
5.4608 4.5984 2.87287e-08 2
0.7216 18.96 7.29243e-16 1
-1.1152 -0.148802 3.52611e-06 2
4.7776 29.76 9.17064e-24 3
-3.5216 14.8992 2.14016e-13 1
1.4544 10.6512 4.38518e-11 2
-3.0672 -11.3136 0.018244 2
-0.441601 20.9808 3.22984e-17 3
-4.0288 17.3568 7.24966e-15 1
6.2784 -9.0576 0.00293096 2
-5.376 -3.744 7.9753e-05 1
-1.7296 3.312 1.33382e-07 2
3.7584 24.2688 1.38054e-19 3
5.6672 -9.57599 0.00429165 2
16.568 20.6016 3.66051e-17 2
8.5872 14.208 4.26145e-13 2
1.9408 -24.9504 0.890434 0
-3.3936 4.9728 2.47916e-08 1
-1.0352 -14.5152 0.104046 2
-7.4432 1.9488 4.85171e-07 1
2.8 -2.44801 2.29801e-05 2
22.6096 24.0864 1.02613e-19 3
22.1888 35.0208 3.61853e-28 3
43.3552 -27.3168 0.962869 0
25.0128 -15.0672 0.0644792 2
21.2336 34.9872 4.00231e-28 3
17.704 22.3152 2.29453e-18 3
23.144 -17.4336 0.188055 2
23.5168 -11.0928 0.00640618 2
13.3712 -0.792 3.15918e-06 2
31.4736 18.072 1.17346e-15 2
26.08 2.2992 1.34035e-07 2
30.1376 -1.68 5.48998e-06 2
29.824 4.6848 1.27494e-08 2
31.6512 0.475199 8.14769e-07 2
17.816 -22.752 0.691817 0
25.9456 -1.9104 6.37108e-06 2
30.8032 -26.1312 0.887324 0
14.704 -3.7104 3.56368e-05 2
19.5216 3.8208 3.26206e-08 2
34.4 4.17118 2.41775e-08 2
31.624 4.5312 1.54456e-08 2
25.216 -13.5168 0.0279308 2
31.7904 -10.9152 0.00660372 2
15.9488 -5.16 0.000108142 2
16.9088 7.1568 1.10425e-09 2
12.752 21.552 9.49196e-18 3
16.5776 30.8592 8.64114e-25 3
32.976 5.304 7.17297e-09 2
30.5472 8.54399 2.02198e-10 2
28.6592 14.2608 2.08725e-13 2
26.88 0.503998 7.35727e-07 2
24.6784 17.616 2.3758e-15 2
29.5856 25.3296 9.89195e-21 3
23.6672 6.984 1.11867e-09 2
22.8976 -29.8512 0.938458 0
19.5232 10.2624 3.1128e-11 2
27.0224 -6.8304 0.000340519 2
30.7328 4.2048 2.11658e-08 2
18.752 20.6448 3.15685e-17 2
24.728 -3.94561 3.52142e-05 2
26.0384 3.792 3.07335e-08 2
22.5504 -3.0096 1.64157e-05 2
35.3088 5.54879 5.98542e-09 2
39.2896 4.4448 2.27479e-08 2
20.8752 -20.0352 0.431224 2
24.464 -15.648 0.08579 2
29.8304 -34.6608 0.97206 0
28.9312 -1.6128 5.06205e-06 2
19.3504 -8.5056 0.00117722 2
26.3136 -31.2528 0.953931 0
-24.1776 1.008 1.02995e-06 1
-14.9232 -10.1808 0.00707338 1
-32.664 -12.0672 0.0274739 1
-22.7248 2.9664 1.53328e-07 1
-38.4464 -17.544 0.406263 1
-22.2448 -11.0064 0.010727 1
-29.648 -22.2864 0.704239 0
-23.5984 10.8144 3.2077e-11 1
-22.6016 -33.8496 0.944446 0
-22.5968 -2.6208 2.44451e-05 1
-23.5024 -18.1776 0.318961 1
-13.9808 -11.232 0.014074 1
-27.6896 0.0911987 2.71167e-06 1
-16.1056 23.5056 5.49193e-19 1
-21.0384 -5.256 0.000199813 1
-21.2224 -26.9184 0.886826 0
-14.5152 -42.6432 0.925954 0
-16.1888 22.7184 1.95283e-18 1
-15.328 21.0816 2.52857e-17 1
-39.3824 9.3312 6.45908e-10 1
-27.2064 14.8272 2.60152e-13 1
-25.0944 -12.3504 0.0243094 1
-29.5936 -11.6304 0.0183105 1
-18.6896 6.8304 2.68507e-09 1
-29.9776 5.3856 1.84364e-08 1
-25.3232 5.4864 1.29661e-08 1
-28.5376 13.4112 1.73483e-12 1
-20.1536 -8.3376 0.00189214 1
-27.4016 17.8224 4.52165e-15 1
-19.88 11.0448 2.21654e-11 1
-17.1696 -18.4512 0.368222 1
-31.9344 -19.824 0.524997 0
-30.5824 10.5024 6.85167e-11 1
-29.0816 15.1344 1.96555e-13 1
-23.7472 -5.1696 0.000192238 1
-15.3872 43.5888 1.26435e-34 3
-27.6896 -37.8192 0.933764 0
-36.4128 11.9616 2.08899e-11 1
-23.8032 18.4176 1.61501e-15 1
-24.9984 9.768 1.15486e-10 1
-29.5696 18.8688 1.15579e-15 1
-26.68 5.0544 2.15161e-08 1
-28.728 5.3424 1.78179e-08 1
-26.744 5.45279 1.42875e-08 1
-17.0272 6.84 2.65501e-09 1
-22.4816 -14.064 0.0598613 1
-17.0208 -3.4704 4.94653e-05 1
-21.6112 -2.2032 1.69982e-05 1
-30.9456 -3.4992 6.8691e-05 1
-22.6288 6.5952 3.67087e-09 1
-67.224 -30.4176 0.999484 0
-27.768 -26.2064 0.866816 0
-20.808 -32.4816 0.944001 0
-21.128 -20.6672 0.563847 0
-1.504 -31.6496 0.972158 0
-14.4 -19.84 0.533625 0
-29.808 -21.8976 0.67862 0
-7.896 -18.3328 0.434729 0
-16.304 -26.3888 0.892026 0
7.976 -18.6272 0.373174 2
8.672 -27.2064 0.91701 0
-28.016 -28.3088 0.906819 0
37.232 -27.9408 0.947993 0
10.4 -30.4576 0.952178 0
6.79998 -39.6592 0.972502 0
-36.32 -29.0688 0.93645 0
-10.944 -32.744 0.966155 0
30.16 -32.4272 0.965605 0
-19.776 -29.6112 0.928749 0
16.32 -17.32 0.190655 2
-11.92 -26.904 0.919789 0
9.408 -29.0992 0.941845 0
0.824003 -28.1088 0.948983 0
-9.25601 -33.36 0.970426 0
-5.184 -37.0528 0.977162 0
20.328 -24.3888 0.791973 0
-13.496 -25.4672 0.882742 0
4.912 -26.888 0.923324 0
-18.384 -28.5808 0.921282 0
-13.656 -21.5456 0.692156 0
-18.888 -29.3152 0.928037 0
12.52 -32.5328 0.961316 0
-99 -23.9872 1 0
12.128 -22.9616 0.736009 0
-64.528 -32.5216 0.999086 0
8.008 -26.376 0.902277 0
-10.008 -37.8272 0.969322 0
-8.35201 -34.0864 0.97284 0
-31.408 -31.8832 0.939912 0
-21.344 -22.7408 0.723864 0
8.376 -39.272 0.971791 0
-2.824 -32.0224 0.973319 0
19.96 -32.8064 0.958815 0
49.248 -22.2864 0.903872 0
50.696 -30.8768 0.992455 0
-19.072 -34.976 0.95139 0
6.39199 -25.7728 0.894113 0
10.176 -36.1808 0.971546 0
26.248 -36.176 0.970675 0
-3.76 -37.1936 0.978102 0
-10.496 31.0032 1.34703e-24 3
23.432 24.0624 1.04139e-19 3
24.944 36.3968 2.57524e-29 3
48.056 34.8624 1.57508e-28 3
-12.848 33.7824 9.81195e-27 3
0.831986 26.0496 6.8287e-21 3
27.28 30.8384 5.97615e-25 3
-7.144 37.0096 2.43398e-29 3
-11.168 33.688 1.11987e-26 3
10.088 32.5168 5.50153e-26 3
-6.176 18.0912 2.4184e-15 1
-32.76 26.5552 6.23938e-21 3
23.832 21.4672 7.39206e-18 2
6.528 25.3568 2.01168e-20 3
-11.328 37.2 1.8849e-29 3
-0.176012 27.912 2.69402e-22 3
4.41599 21.3776 1.6361e-17 3
-68.232 33.4672 8.48015e-26 3
38.488 25.9872 2.41855e-21 3
20.84 27.8368 1.62652e-22 3
69.536 35.5712 1.38876e-29 3
-44.08 26.488 1.09922e-20 3
9.232 34.496 1.56093e-27 3
18.664 29.3728 1.14805e-23 3
-6.152 10.176 7.41738e-11 1
-32 37.9792 9.78808e-30 3
5.93599 29.1024 2.86544e-23 3
-0.743998 24.8944 5.0641e-20 3
-1.912 37.3968 1.06606e-29 3
7.528 31.7312 2.47183e-25 3
-6.112 36.6384 4.70491e-29 3
-30.752 20.2288 1.65211e-16 1
-42.168 28.2944 4.46417e-22 3
-27.184 22.3216 5.21044e-18 1
56.088 30.2864 5.0318e-25 3
-42.776 26.008 2.4171e-20 3
15.24 29.944 4.69221e-24 3
28.96 31.0448 3.8601e-25 3
-13.08 26.5232 3.45812e-21 3
-8.56 29.0176 4.34474e-23 3
68.4 25.904 8.70145e-22 3
-56.672 36.576 2.75095e-28 3
-47.816 20.9072 1.71215e-16 3
59.472 31.1344 8.981e-26 3
31.464 46.3792 1.47747e-37 3
75.192 35.952 4.94417e-30 3
47.944 16.3232 2.24852e-14 2
-18.656 35.9616 2.23275e-28 3
6.632 29.8288 7.70226e-24 3
-22.296 33.8016 1.25275e-26 3
