-99.1549 23.101 1
-98.4048 25.4112 1


-99.1549 23.101 1
-102.795 13.6512 1


-99.1549 23.101 1
-106.826 13.4736 1


-99.1549 23.101 1
-92.936 33.1536 1


-99.1549 23.101 1
-93.9424 29.5008 1


-99.1549 23.101 1
-96.4384 26.9232 1


-99.1549 23.101 1
-106.698 20.5392 1


-99.1549 23.101 1
-104.829 41.472 1


-99.1549 23.101 1
-97.5856 22.4448 1


-99.1549 23.101 1
-97.3488 21.6864 1


-99.1549 23.101 1
-99.2784 18.96 1


-99.1549 23.101 1
-95.2224 29.76 1


-99.1549 23.101 1
-103.522 14.8992 1


-99.1549 23.101 1
-98.5456 10.6512 1


-99.1549 23.101 1
-100.442 20.9808 1


-99.1549 23.101 1
-104.029 17.3568 1


-99.1549 23.101 1
-96.2416 24.2688 1


-99.1549 23.101 1
-83.432 20.6016 1


-99.1549 23.101 1
-91.4128 14.208 1


-99.1549 23.101 1
-102.39 24.0864 1


-99.1549 23.101 1
-102.811 35.0208 1


-99.1549 23.101 1
-103.766 34.9872 1


-99.1549 23.101 1
-107.296 22.3152 1


-99.1549 23.101 1
-93.5264 18.072 1


-99.1943 -6.04173 1
-97.3232 6.0192 1


-99.1943 -6.04173 1
-101.067 -30.768 1


-99.1943 -6.04173 1
-96.0896 -27.8208 1


-99.1943 -6.04173 1
-95.04 1.5744 1


-99.1943 -6.04173 1
-92.3152 -19.5504 1


-99.1943 -6.04173 1
-101.334 -4.40641 1


-99.1943 -6.04173 1
-92.7632 -7.7664 1


-99.1943 -6.04173 1
-98.1616 3.0624 1


-99.1943 -6.04173 1
-108.12 4.7136 1


-99.1943 -6.04173 1
-105.566 7.5888 1


-99.1943 -6.04173 1
-94.272 -3.696 1


-99.1943 -6.04173 1
-105.464 -2.04 1


-99.1943 -6.04173 1
-106.384 3.11999 1


-99.1943 -6.04173 1
-99.7056 -1.3152 1


-99.1943 -6.04173 1
-87.3248 -8.5488 1


-99.1943 -6.04173 1
-100.491 3.984 1


-99.1943 -6.04173 1
-95.1424 -7.4112 1


-99.1943 -6.04173 1
-100.595 -3.1392 1


-99.1943 -6.04173 1
-96.2208 1.5216 1


-99.1943 -6.04173 1
-94.5392 4.5984 1


-99.1943 -6.04173 1
-101.115 -0.148802 1


-99.1943 -6.04173 1
-103.067 -11.3136 1


-99.1943 -6.04173 1
-93.7216 -9.0576 1


-99.1943 -6.04173 1
-105.376 -3.744 1


-99.1943 -6.04173 1
-101.73 3.312 1


-99.1943 -6.04173 1
-94.3328 -9.57599 1


-99.1943 -6.04173 1
-98.0592 -24.9504 1


-99.1943 -6.04173 1
-103.394 4.9728 1


-99.1943 -6.04173 1
-101.035 -14.5152 1


-99.1943 -6.04173 1
-107.443 1.9488 1


-99.1943 -6.04173 1
-97.2 -2.44801 1


-99.1943 -6.04173 1
-81.6448 -27.3168 1


-99.1943 -6.04173 1
-99.9872 -15.0672 1


-99.1943 -6.04173 1
-101.856 -17.4336 1


-99.1943 -6.04173 1
-101.483 -11.0928 1


-99.1943 -6.04173 1
-111.629 -0.792 1


114.174 -0.993366 1
103.24 0.7664 1


114.174 -0.993366 1
115.413 -0.559999 1


114.174 -0.993366 1
114.472 1.5616 1


114.174 -0.993366 1
119.954 0.1584 1


114.174 -0.993366 1
102.837 -0.636801 1


114.174 -0.993366 1
117.41 -8.7104 1


114.174 -0.993366 1
128.2 1.39039 1


114.174 -0.993366 1
119.872 1.5104 1


114.174 -0.993366 1
100.648 -4.5056 1


114.174 -0.993366 1
120.371 -3.6384 1


114.174 -0.993366 1
123.928 1.768 1


114.174 -0.993366 1
116.642 2.848 1


114.174 -0.993366 1
110.978 4.7536 1


114.174 -0.993366 1
105.64 0.167999 1


114.174 -0.993366 1
99.0352 5.872 1


114.174 -0.993366 1
113.757 8.4432 1


114.174 -0.993366 1
106.067 -2.2768 1


114.174 -0.993366 1
117.198 1.4016 1


114.174 -0.993366 1
99.184 -1.3152 1


114.174 -0.993366 1
103.115 1.264 1


114.174 -0.993366 1
130.926 1.8496 1


114.174 -0.993366 1
142.869 1.4816 1


114.174 -0.993366 1
98.392 -5.216 1


114.174 -0.993366 1
114.491 -11.5536 1


114.174 -0.993366 1
111.794 -0.5376 1


114.174 -0.993366 1
103.941 -10.4176 1


114.174 -0.993366 1
102.467 0.336 1


114.174 -0.993366 1
130.23 -3.3936 1


114.174 -0.993366 1
106.826 0.988801 1


114.174 -0.993366 1
108.266 -3.6688 1


114.174 -0.993366 1
104.205 3.6048 1


114.174 -0.993366 1
107.195 -11.2832 1


114.174 -0.993366 1
107.21 -0.873599 1


114.174 -0.993366 1
104.493 -6.0592 1


114.174 -0.993366 1
133.058 -3.744 1


114.174 -0.993366 1
126.683 7.8352 1


114.174 -0.993366 1
111.885 -1.752 1


114.174 -0.993366 1
111.333 -8.9728 1


114.174 -0.993366 1
131.454 -14.2144 1


114.174 -0.993366 1
126.434 7.5728 1


114.174 -0.993366 1
129.016 7.0272 1


79.3181 -0.600337 1
78.448 -7.584 1


79.3181 -0.600337 1
69.112 -1.2368 1


79.3181 -0.600337 1
83.5648 1.2736 1


79.3181 -0.600337 1
72.8464 -1.72 1


79.3181 -0.600337 1
75.7264 2.3856 1


79.3181 -0.600337 1
63.256 7.184 1


79.3181 -0.600337 1
74.7328 10.2864 1


79.3181 -0.600337 1
96.0016 2.328 1


79.3181 -0.600337 1
93.6928 -9.9504 1


79.3181 -0.600337 1
83.5696 3.4208 1


79.3181 -0.600337 1
81.256 6.8816 1


79.3181 -0.600337 1
92.6512 -1.0032 1


79.3181 -0.600337 1
87.6256 -6.6784 1


79.3181 -0.600337 1
83.0512 -2.8352 1


79.3181 -0.600337 1
77.008 -4.0224 1


79.3181 -0.600337 1
59.6608 -5.848 1


79.3181 -0.600337 1
86.056 -7.4288 1


79.3181 -0.600337 1
91.9312 0.0303996 1


79.3181 -0.600337 1
56.8528 3.1104 1


