1.5952 25.4112 2.02734e-20 3
-2.7952 13.6512 1.10122e-12 1
2.6768 6.0192 7.47097e-09 2
-1.0672 -30.768 0.968739 0
-6.8256 13.4736 1.26896e-12 1
7.064 33.1536 1.91621e-26 3
3.9104 -27.8208 0.939874 0
4.96 1.5744 5.69238e-07 2
7.6848 -19.5504 0.474858 2
-1.3344 -4.40641 0.000132581 2
6.0576 29.5008 1.40235e-23 3
3.5616 26.9232 1.41751e-21 3
7.2368 -7.7664 0.00113365 2
-6.6976 20.5392 6.10469e-17 1
1.8384 3.0624 1.5669e-07 2
-4.8288 41.472 5.72049e-33 3
-8.12 4.7136 3.004e-08 1
-5.5664 7.5888 1.4516e-09 1
2.4144 22.4448 2.97548e-18 3
5.728 -3.696 5.54706e-05 2
-5.464 -2.04 1.90714e-05 1
-6.384 3.11999 1.57283e-07 1
0.294401 -1.3152 9.58875e-06 2
12.6752 -8.5488 0.00149638 2
-0.491203 3.984 6.68059e-08 2
4.8576 -7.4112 0.00100107 2
2.6512 21.6864 1.02179e-17 3
-0.595203 -3.1392 4.64741e-05 2
3.7792 1.5216 6.34708e-07 2
5.4608 4.5984 2.8704e-08 2
0.7216 18.96 7.28207e-16 1
-1.1152 -0.148802 3.52406e-06 2
4.7776 29.76 9.15057e-24 3
-3.5216 14.8992 2.13793e-13 1
1.4544 10.6512 4.38025e-11 2
-3.0672 -11.3136 0.0182413 2
-0.441601 20.9808 3.22506e-17 3
-4.0288 17.3568 7.24139e-15 1
6.2784 -9.0576 0.00293106 2
-5.376 -3.744 7.9714e-05 1
-1.7296 3.312 1.33285e-07 2
3.7584 24.2688 1.37802e-19 3
5.6672 -9.57599 0.00429189 2
16.568 20.6016 3.65422e-17 2
8.5872 14.208 4.25501e-13 2
1.9408 -24.9504 0.890493 0
-3.3936 4.9728 2.47728e-08 1
-1.0352 -14.5152 0.104054 2
-7.4432 1.9488 4.84845e-07 1
2.8 -2.44801 2.29703e-05 2
22.6096 24.0864 1.0244e-19 3
22.1888 35.0208 3.60984e-28 3
43.3552 -27.3168 0.962825 0
25.0128 -15.0672 0.0644913 2
21.2336 34.9872 3.99267e-28 3
17.704 22.3152 2.29048e-18 3
23.144 -17.4336 0.188094 2
23.5168 -11.0928 0.00640739 2
13.3712 -0.792 3.15819e-06 2
31.4736 18.072 1.1725e-15 2
26.08 2.2992 1.34015e-07 2
30.1376 -1.68 5.49007e-06 2
29.824 4.6848 1.27476e-08 2
31.6512 0.475199 8.14763e-07 2
17.816 -22.752 0.691912 0
25.9456 -1.9104 6.37102e-06 2
30.8032 -26.1312 0.8873 0
14.704 -3.7104 3.56326e-05 2
19.5216 3.8208 3.26074e-08 2
34.4 4.17118 2.41765e-08 2
31.624 4.5312 1.54441e-08 2
25.216 -13.5168 0.027936 2
31.7904 -10.9152 0.00660405 2
15.9488 -5.16 0.00010814 2
16.9088 7.1568 1.10346e-09 2
12.752 21.552 9.47441e-18 3
16.5776 30.8592 8.62205e-25 3
32.976 5.304 7.17234e-09 2
30.5472 8.54399 2.02146e-10 2
28.6592 14.2608 2.08594e-13 2
26.88 0.503998 7.35678e-07 2
24.6784 17.616 2.37317e-15 2
29.5856 25.3296 9.87661e-21 3
23.6672 6.984 1.11819e-09 2
22.8976 -29.8512 0.938467 0
19.5232 10.2624 3.11028e-11 2
27.0224 -6.8304 0.000340553 2
30.7328 4.2048 2.11636e-08 2
18.752 20.6448 3.15169e-17 2
24.728 -3.94561 3.52154e-05 2
26.0384 3.792 3.07273e-08 2
22.5504 -3.0096 1.64154e-05 2
35.3088 5.54879 5.98513e-09 2
39.2896 4.4448 2.27482e-08 2
20.8752 -20.0352 0.431306 2
24.464 -15.648 0.085807 2
29.8304 -34.6608 0.972045 0
28.9312 -1.6128 5.0621e-06 2
19.3504 -8.5056 0.00117739 2
26.3136 -31.2528 0.953926 0
-24.1776 1.008 1.02883e-06 1
-14.9232 -10.1808 0.00706846 1
-32.664 -12.0672 0.027456 1
-22.7248 2.9664 1.53156e-07 1
-38.4464 -17.544 0.406187 1
-22.2448 -11.0064 0.0107184 1
-29.648 -22.2864 0.704097 0
-23.5984 10.8144 3.20286e-11 1
-22.6016 -33.8496 0.944382 0
-22.5968 -2.6208 2.44219e-05 1
-23.5024 -18.1776 0.318786 1
-13.9808 -11.232 0.0140647 1
-27.6896 0.0911987 2.70869e-06 1
-16.1056 23.5056 5.48116e-19 1
-21.0384 -5.256 0.000199639 1
-21.2224 -26.9184 0.886726 0
-14.5152 -42.6432 0.925824 0
-16.1888 22.7184 1.94912e-18 1
-15.328 21.0816 2.52419e-17 1
-39.3824 9.3312 6.4481e-10 1
-27.2064 14.8272 2.5966e-13 1
-25.0944 -12.3504 0.0242905 1
-29.5936 -11.6304 0.018297 1
-18.6896 6.8304 2.68201e-09 1
-29.9776 5.3856 1.8411e-08 1
-25.3232 5.4864 1.29493e-08 1
-28.5376 13.4112 1.73163e-12 1
-20.1536 -8.3376 0.0018906 1
-27.4016 17.8224 4.51218e-15 1
-19.88 11.0448 2.21352e-11 1
-17.1696 -18.4512 0.368036 1
-31.9344 -19.824 0.52485 0
-30.5824 10.5024 6.84002e-11 1
-29.0816 15.1344 1.96166e-13 1
-23.7472 -5.1696 0.000192064 1
-15.3872 43.5888 1.25965e-34 3
-27.6896 -37.8192 0.933692 0
-36.4128 11.9616 2.08502e-11 1
-23.8032 18.4176 1.61182e-15 1
-24.9984 9.768 1.15313e-10 1
-29.5696 18.8688 1.15321e-15 1
-26.68 5.0544 2.14881e-08 1
-28.728 5.3424 1.77937e-08 1
-26.744 5.45279 1.42685e-08 1
-17.0272 6.84 2.65216e-09 1
-22.4816 -14.064 0.0598163 1
-17.0208 -3.4704 4.94251e-05 1
-21.6112 -2.2032 1.69822e-05 1
-30.9456 -3.4992 6.86249e-05 1
-22.6288 6.5952 3.66622e-09 1
-67.224 -30.4176 0.999486 0
-27.768 -26.2064 0.866724 0
-20.808 -32.4816 0.943936 0
-21.128 -20.6672 0.563636 0
-1.504 -31.6496 0.972168 0
-14.4 -19.84 0.533437 0
-29.808 -21.8976 0.678473 0
-7.896 -18.3328 0.434642 0
-16.304 -26.3888 0.891931 0
7.976 -18.6272 0.373296 2
8.672 -27.2064 0.917068 0
-28.016 -28.3088 0.906749 0
37.232 -27.9408 0.947955 0
10.4 -30.4576 0.952213 0
6.79998 -39.6592 0.972525 0
-36.32 -29.0688 0.936428 0
-10.944 -32.744 0.966122 0
30.16 -32.4272 0.96559 0
-19.776 -29.6112 0.928675 0
16.32 -17.32 0.190718 2
-11.92 -26.904 0.919729 0
9.408 -29.0992 0.941888 0
0.824003 -28.1088 0.949012 0
-9.25601 -33.36 0.970401 0
-5.184 -37.0528 0.977152 0
20.328 -24.3888 0.792031 0
-13.496 -25.4672 0.882654 0
4.912 -26.888 0.923377 0
-18.384 -28.5808 0.921204 0
-13.656 -21.5456 0.691994 0
-18.888 -29.3152 0.927963 0
12.52 -32.5328 0.961342 0
-99 -23.9872 1 0
12.128 -22.9616 0.736127 0
-64.528 -32.5216 0.999088 0
8.008 -26.376 0.902344 0
-10.008 -37.8272 0.969285 0
-8.35201 -34.0864 0.972819 0
-31.408 -31.8832 0.93987 0
-21.344 -22.7408 0.723685 0
8.376 -39.272 0.971814 0
-2.824 -32.0224 0.973323 0
19.96 -32.8064 0.958826 0
49.248 -22.2864 0.903753 0
50.696 -30.8768 0.992438 0
-19.072 -34.976 0.951327 0
6.39199 -25.7728 0.894184 0
10.176 -36.1808 0.971568 0
26.248 -36.176 0.970666 0
-3.76 -37.1936 0.978098 0
-10.496 31.0032 1.34381e-24 3
23.432 24.0624 1.03966e-19 3
24.944 36.3968 2.56894e-29 3
48.056 34.8624 1.5722e-28 3
-12.848 33.7824 9.78535e-27 3
0.831986 26.0496 6.81581e-21 3
27.28 30.8384 5.96438e-25 3
-7.144 37.0096 2.42711e-29 3
-11.168 33.688 1.1169e-26 3
10.088 32.5168 5.48844e-26 3
-6.176 18.0912 2.41555e-15 1
-32.76 26.5552 6.22255e-21 3
23.832 21.4672 7.38126e-18 2
6.528 25.3568 2.00776e-20 3
-11.328 37.2 1.8793e-29 3
-0.176012 27.912 2.6886e-22 3
4.41599 21.3776 1.6333e-17 3
-68.232 33.4672 8.4499e-26 3
38.488 25.9872 2.41514e-21 3
20.84 27.8368 1.62337e-22 3
69.536 35.5712 1.38682e-29 3
-44.08 26.488 1.09626e-20 3
9.232 34.496 1.55698e-27 3
18.664 29.3728 1.14567e-23 3
-6.152 10.176 7.41097e-11 1
-32 37.9792 9.75121e-30 3
5.93599 29.1024 2.8593e-23 3
-0.743998 24.8944 5.05518e-20 3
-1.912 37.3968 1.06311e-29 3
7.528 31.7312 2.46607e-25 3
-6.112 36.6384 4.69191e-29 3
-30.752 20.2288 1.64825e-16 1
-42.168 28.2944 4.45151e-22 3
-27.184 22.3216 5.19819e-18 1
56.088 30.2864 5.02474e-25 3
-42.776 26.008 2.41066e-20 3
15.24 29.944 4.68204e-24 3
28.96 31.0448 3.8526e-25 3
-13.08 26.5232 3.45091e-21 3
-8.56 29.0176 4.33531e-23 3
68.4 25.904 8.69272e-22 3
-56.672 36.576 2.74048e-28 3
-47.816 20.9072 1.7082e-16 3
59.472 31.1344 8.9686e-26 3
31.464 46.3792 1.47723e-37 3
75.192 35.952 4.93777e-30 3
47.944 16.3232 2.24777e-14 2
-18.656 35.9616 2.22574e-28 3
6.632 29.8288 7.68529e-24 3
-22.296 33.8016 1.24891e-26 3
