1.5952 25.4112 1.41804e-16 3
-2.7952 13.6512 2.66873e-10 1
2.6768 6.0192 3.19123e-07 2
-1.0672 -30.768 0.968086 0
-6.8256 13.4736 3.39987e-10 1
7.064 33.1536 1.95021e-21 3
3.9104 -27.8208 0.947041 0
4.96 1.5744 1.05016e-05 2
7.6848 -19.5504 0.603229 0
-1.3344 -4.40641 0.000787318 2
6.0576 29.5008 4.10232e-19 3
3.5616 26.9232 1.67853e-17 3
7.2368 -7.7664 0.00518128 2
-6.6976 20.5392 9.91105e-14 3
1.8384 3.0624 3.60072e-06 2
-4.8288 41.472 9.9035e-27 3
-8.12 4.7136 1.1816e-06 1
-5.5664 7.5888 9.69314e-08 1
2.4144 22.4448 7.23083e-15 3
5.728 -3.696 0.00042574 2
-5.464 -2.04 0.000179568 2
-6.384 3.11999 4.1122e-06 1
0.294401 -1.3152 9.55265e-05 2
12.6752 -8.5488 0.00747383 2
-0.491203 3.984 1.82781e-06 2
4.8576 -7.4112 0.0043959 2
2.6512 21.6864 1.92038e-14 3
-0.595203 -3.1392 0.000338354 2
3.7792 1.5216 1.12363e-05 2
5.4608 4.5984 9.70299e-07 2
0.7216 18.96 6.08263e-13 3
-1.1152 -0.148802 4.30664e-05 2
4.7776 29.76 2.96068e-19 3
-3.5216 14.8992 7.07777e-11 1
1.4544 10.6512 5.07439e-09 2
-3.0672 -11.3136 0.0426016 2
-0.441601 20.9808 5.06008e-14 3
-4.0288 17.3568 4.44649e-12 3
6.2784 -9.0576 0.011005 2
-5.376 -3.744 0.000560925 2
-1.7296 3.312 3.20476e-06 2
3.7584 24.2688 6.25323e-16 3
5.6672 -9.57599 0.0147954 2
16.568 20.6016 5.28429e-14 3
8.5872 14.208 1.18836e-10 2
1.9408 -24.9504 0.898691 0
-3.3936 4.9728 8.69536e-07 2
-1.0352 -14.5152 0.169438 2
-7.4432 1.9488 1.04292e-05 1
2.8 -2.44801 0.000197111 2
22.6096 24.0864 4.417e-16 3
22.1888 35.0208 6.25598e-23 3
43.3552 -27.3168 0.976092 0
25.0128 -15.0672 0.182919 2
21.2336 34.9872 6.87193e-23 3
17.704 22.3152 5.54579e-15 3
23.144 -17.4336 0.39408 2
23.5168 -11.0928 0.0282816 2
13.3712 -0.792 4.93639e-05 2
31.4736 18.072 8.08954e-13 3
26.08 2.2992 4.00944e-06 2
30.1376 -1.68 7.74514e-05 2
29.824 4.6848 5.69305e-07 2
31.6512 0.475199 1.59174e-05 2
17.816 -22.752 0.828144 0
25.9456 -1.9104 9.21029e-05 2
30.8032 -26.1312 0.946346 0
14.704 -3.7104 0.000360691 2
19.5216 3.8208 1.31604e-06 2
34.4 4.17118 8.63093e-07 2
31.624 4.5312 6.41579e-07 2
25.216 -13.5168 0.0946763 2
31.7904 -10.9152 0.0271303 2
15.9488 -5.16 0.000910774 2
16.9088 7.1568 8.51937e-08 2
12.752 21.552 1.7468e-14 3
16.5776 30.8592 3.8911e-20 3
32.976 5.304 3.34628e-07 2
30.5472 8.54399 1.95935e-08 2
28.6592 14.2608 6.87766e-11 2
26.88 0.503998 1.57699e-05 2
24.6784 17.616 1.66484e-12 3
29.5856 25.3296 6.27648e-17 3
23.6672 6.984 8.63529e-08 2
22.8976 -29.8512 0.973326 0
19.5232 10.2624 4.77062e-09 2
27.0224 -6.8304 0.00241497 2
30.7328 4.2048 8.42803e-07 2
18.752 20.6448 4.68308e-14 3
24.728 -3.94561 0.000376389 2
26.0384 3.792 1.22234e-06 2
22.5504 -3.0096 0.000202749 2
35.3088 5.54879 2.71809e-07 2
39.2896 4.4448 7.07731e-07 2
20.8752 -20.0352 0.650241 0
24.464 -15.648 0.226877 2
29.8304 -34.6608 0.990673 0
28.9312 -1.6128 7.38244e-05 2
19.3504 -8.5056 0.00678614 2
26.3136 -31.2528 0.981619 0
-24.1776 1.008 3.35531e-05 1
-14.9232 -10.1808 0.0314268 1
-32.664 -12.0672 0.15404 1
-22.7248 2.9664 6.97502e-06 1
-38.4464 -17.544 0.754181 0
-22.2448 -11.0064 0.0600882 1
-29.648 -22.2864 0.900401 0
-23.5984 10.8144 6.83765e-09 1
-22.6016 -33.8496 0.983109 0
-22.5968 -2.6208 0.000427846 1
-23.5024 -18.1776 0.626229 0
-13.9808 -11.232 0.0519044 1
-27.6896 0.0911987 7.68858e-05 1
-16.1056 23.5056 2.70776e-15 3
-21.0384 -5.256 0.00226412 1
-21.2224 -26.9184 0.953251 0
-14.5152 -42.6432 0.977859 0
-16.1888 22.7184 7.50211e-15 3
-15.328 21.0816 5.8704e-14 3
-39.3824 9.3312 5.73361e-08 1
-27.2064 14.8272 1.18072e-10 1
-25.0944 -12.3504 0.124147 1
-29.5936 -11.6304 0.109571 1
-18.6896 6.8304 2.44265e-07 1
-29.9776 5.3856 1.26094e-06 1
-25.3232 5.4864 9.56893e-07 1
-28.5376 13.4112 5.65059e-10 1
-20.1536 -8.3376 0.0137053 1
-27.4016 17.8224 4.0002e-12 1
-19.88 11.0448 4.95431e-09 1
-17.1696 -18.4512 0.597461 0
-31.9344 -19.824 0.82248 0
-30.5824 10.5024 1.18365e-08 1
-29.0816 15.1344 8.95014e-11 1
-23.7472 -5.1696 0.00237538 1
-15.3872 43.5888 5.52194e-28 3
-27.6896 -37.8192 0.988069 0
-36.4128 11.9616 3.54976e-09 1
-23.8032 18.4176 1.80094e-12 1
-24.9984 9.768 1.96866e-08 1
-29.5696 18.8688 1.23969e-12 3
-26.68 5.0544 1.45367e-06 1
-28.728 5.3424 1.23814e-06 1
-26.744 5.45279 1.03888e-06 1
-17.0272 6.84 2.32806e-07 1
-22.4816 -14.064 0.222885 1
-17.0208 -3.4704 0.000628742 1
-21.6112 -2.2032 0.000310212 1
-30.9456 -3.4992 0.00112291 1
-22.6288 6.5952 3.34922e-07 1
-67.224 -30.4176 0.999578 0
-27.768 -26.2064 0.958202 0
-20.808 -32.4816 0.979782 0
-21.128 -20.6672 0.787527 0
-1.504 -31.6496 0.971761 0
-14.4 -19.84 0.694711 0
-29.808 -21.8976 0.890149 0
-7.896 -18.3328 0.532552 0
-16.304 -26.3888 0.940099 0
7.976 -18.6272 0.515428 0
8.672 -27.2064 0.941177 0
-28.016 -28.3088 0.972685 0
37.232 -27.9408 0.973482 0
10.4 -30.4576 0.96972 0
6.79998 -39.6592 0.984582 0
-36.32 -29.0688 0.98515 0
-10.944 -32.744 0.975892 0
30.16 -32.4272 0.98699 0
-19.776 -29.6112 0.969805 0
16.32 -17.32 0.376945 2
-11.92 -26.904 0.941281 0
9.408 -29.0992 0.960656 0
0.824003 -28.1088 0.949604 0
-9.25601 -33.36 0.97694 0
-5.184 -37.0528 0.981214 0
20.328 -24.3888 0.893338 0
-13.496 -25.4672 0.922248 0
4.912 -26.888 0.935585 0
-18.384 -28.5808 0.962775 0
-13.656 -21.5456 0.798094 0
-18.888 -29.3152 0.96754 0
12.52 -32.5328 0.97887 0
-99 -23.9872 0.999996 0
12.128 -22.9616 0.832928 0
-64.528 -32.5216 0.999516 0
8.008 -26.376 0.928603 0
-10.008 -37.8272 0.981467 0
-8.35201 -34.0864 0.9782 0
-31.408 -31.8832 0.986364 0
-21.344 -22.7408 0.877135 0
8.376 -39.272 0.985289 0
-2.824 -32.0224 0.972978 0
19.96 -32.8064 0.982991 0
49.248 -22.2864 0.912283 0
50.696 -30.8768 0.993731 0
-19.072 -34.976 0.982522 0
6.39199 -25.7728 0.91712 0
10.176 -36.1808 0.984604 0
26.248 -36.176 0.990944 0
-3.76 -37.1936 0.981407 0
-10.496 31.0032 8.21494e-20 3
23.432 24.0624 4.43735e-16 3
24.944 36.3968 6.73537e-24 3
48.056 34.8624 2.38099e-23 3
-12.848 33.7824 1.59068e-21 3
0.831986 26.0496 6.06197e-17 3
27.28 30.8384 2.59187e-20 3
-7.144 37.0096 1.05978e-23 3
-11.168 33.688 1.72477e-21 3
10.088 32.5168 4.43146e-21 3
-6.176 18.0912 1.93552e-12 3
-32.76 26.5552 7.71629e-17 3
23.832 21.4672 1.38716e-14 3
6.528 25.3568 1.32444e-16 3
-11.328 37.2 9.32647e-24 3
-0.176012 27.912 4.74448e-18 3
4.41599 21.3776 2.73783e-14 3
-68.232 33.4672 2.02663e-20 3
38.488 25.9872 1.80949e-17 3
20.84 27.8368 2.55898e-18 3
69.536 35.5712 2.69106e-24 3
-44.08 26.488 1.27497e-16 3
9.232 34.496 2.42231e-22 3
18.664 29.3728 3.09127e-19 3
-6.152 10.176 9.09356e-09 1
-32 37.9792 6.40986e-24 3
5.93599 29.1024 7.27001e-19 3
-0.743998 24.8944 3.0375e-16 3
-1.912 37.3968 4.78552e-24 3
7.528 31.7312 1.5498e-20 3
-6.112 36.6384 1.7843e-23 3
-30.752 20.2288 2.48033e-13 3
-42.168 28.2944 1.03122e-17 3
-27.184 22.3216 1.63475e-14 3
56.088 30.2864 1.70433e-20 3
-42.776 26.008 2.3038e-16 3
15.24 29.944 1.54806e-19 3
28.96 31.0448 1.78325e-20 3
-13.08 26.5232 4.56197e-17 3
-8.56 29.0176 1.28984e-18 3
68.4 25.904 6.39629e-18 3
-56.672 36.576 1.47746e-22 3
-47.816 20.9072 2.04053e-13 3
59.472 31.1344 4.09535e-21 3
31.464 46.3792 5.47664e-31 3
75.192 35.952 1.09637e-24 3
47.944 16.3232 4.97431e-12 3
-18.656 35.9616 7.82621e-23 3
6.632 29.8288 2.51417e-19 3
-22.296 33.8016 2.13731e-21 3
