1.5952 25.4112 1.63353e-20 3
-2.7952 13.6512 9.73362e-13 1
2.6768 6.0192 6.73773e-09 2
-1.0672 -30.768 0.96962 0
-6.8256 13.4736 1.12548e-12 1
7.064 33.1536 1.45093e-26 3
3.9104 -27.8208 0.942676 0
4.96 1.5744 5.25602e-07 2
7.6848 -19.5504 0.48191 2
-1.3344 -4.40641 0.000126141 2
6.0576 29.5008 1.09295e-23 3
3.5616 26.9232 1.12719e-21 3
7.2368 -7.7664 0.00110527 2
-6.6976 20.5392 5.152e-17 1
1.8384 3.0624 1.4364e-07 2
-4.8288 41.472 4.00382e-33 3
-8.12 4.7136 2.75758e-08 1
-5.5664 7.5888 1.31999e-09 1
2.4144 22.4448 2.44909e-18 3
5.728 -3.696 5.28074e-05 2
-5.464 -2.04 1.7949e-05 1
-6.384 3.11999 1.45364e-07 1
0.294401 -1.3152 8.99389e-06 2
12.6752 -8.5488 0.00147454 2
-0.491203 3.984 6.11765e-08 2
4.8576 -7.4112 0.000971382 2
2.6512 21.6864 8.45182e-18 3
-0.595203 -3.1392 4.39729e-05 2
3.7792 1.5216 5.86075e-07 2
5.4608 4.5984 2.60471e-08 2
0.7216 18.96 6.17555e-16 1
-1.1152 -0.148802 3.29006e-06 2
4.7776 29.76 7.11814e-24 3
-3.5216 14.8992 1.88054e-13 1
1.4544 10.6512 3.87238e-11 2
-3.0672 -11.3136 0.0178009 2
-0.441601 20.9808 2.70184e-17 3
-4.0288 17.3568 6.27812e-15 1
6.2784 -9.0576 0.00287342 2
-5.376 -3.744 7.54627e-05 1
-1.7296 3.312 1.22661e-07 2
3.7584 24.2688 1.11689e-19 3
5.6672 -9.57599 0.0042155 2
16.568 20.6016 3.04075e-17 2
8.5872 14.208 3.6429e-13 2
1.9408 -24.9504 0.894066 0
-3.3936 4.9728 2.27023e-08 1
-1.0352 -14.5152 0.103344 2
-7.4432 1.9488 4.49621e-07 1
2.8 -2.44801 2.16701e-05 2
22.6096 24.0864 8.44552e-20 3
22.1888 35.0208 2.73562e-28 3
43.3552 -27.3168 0.960676 0
25.0128 -15.0672 0.0649687 2
21.2336 34.9872 3.02177e-28 3
17.704 22.3152 1.88931e-18 3
23.144 -17.4336 0.190306 2
23.5168 -11.0928 0.00640779 2
13.3712 -0.792 2.9958e-06 2
31.4736 18.072 1.04446e-15 2
26.08 2.2992 1.28475e-07 2
30.1376 -1.68 5.35836e-06 2
29.824 4.6848 1.21853e-08 2
31.6512 0.475199 7.91222e-07 2
17.816 -22.752 0.698697 0
25.9456 -1.9104 6.20253e-06 2
30.8032 -26.1312 0.887376 0
14.704 -3.7104 3.44055e-05 2
19.5216 3.8208 3.06103e-08 2
34.4 4.17118 2.32901e-08 2
31.624 4.5312 1.48115e-08 2
25.216 -13.5168 0.0280643 2
31.7904 -10.9152 0.00656268 2
15.9488 -5.16 0.000105346 2
16.9088 7.1568 1.00921e-09 2
12.752 21.552 7.77527e-18 3
16.5776 30.8592 6.70094e-25 3
32.976 5.304 6.87391e-09 2
30.5472 8.54399 1.90595e-10 2
28.6592 14.2608 1.89981e-13 2
26.88 0.503998 7.10923e-07 2
24.6784 17.616 2.07877e-15 2
29.5856 25.3296 8.1828e-21 3
23.6672 6.984 1.0441e-09 2
22.8976 -29.8512 0.940041 0
19.5232 10.2624 2.81523e-11 2
27.0224 -6.8304 0.000336694 2
30.7328 4.2048 2.02934e-08 2
18.752 20.6448 2.63833e-17 2
24.728 -3.94561 3.44845e-05 2
26.0384 3.792 2.9276e-08 2
22.5504 -3.0096 1.59859e-05 2
35.3088 5.54879 5.74854e-09 2
39.2896 4.4448 2.19778e-08 2
20.8752 -20.0352 0.436779 2
24.464 -15.648 0.0865601 2
29.8304 -34.6608 0.97192 0
28.9312 -1.6128 4.93601e-06 2
19.3504 -8.5056 0.00116704 2
26.3136 -31.2528 0.954575 0
-24.1776 1.008 9.22852e-07 1
-14.9232 -10.1808 0.00664702 1
-32.664 -12.0672 0.0257666 1
-22.7248 2.9664 1.36591e-07 1
-38.4464 -17.544 0.397283 1
-22.2448 -11.0064 0.00997287 1
-29.648 -22.2864 0.691323 0
-23.5984 10.8144 2.73555e-11 1
-22.6016 -33.8496 0.939175 0
-22.5968 -2.6208 2.22533e-05 1
-23.5024 -18.1776 0.304267 1
-13.9808 -11.232 0.0132798 1
-27.6896 0.0911987 2.42961e-06 1
-16.1056 23.5056 4.3871e-19 1
-21.0384 -5.256 0.000183732 1
-21.2224 -26.9184 0.878779 0
-14.5152 -42.6432 0.915833 0
-16.1888 22.7184 1.56989e-18 1
-15.328 21.0816 2.06747e-17 1
-39.3824 9.3312 5.4808e-10 1
-27.2064 14.8272 2.13829e-13 1
-25.0944 -12.3504 0.0226424 1
-29.5936 -11.6304 0.017069 1
-18.6896 6.8304 2.37464e-09 1
-29.9776 5.3856 1.60539e-08 1
-25.3232 5.4864 1.13537e-08 1
-28.5376 13.4112 1.43635e-12 1
-20.1536 -8.3376 0.00175435 1
-27.4016 17.8224 3.63387e-15 1
-19.88 11.0448 1.90981e-11 1
-17.1696 -18.4512 0.353553 1
-31.9344 -19.824 0.510985 0
-30.5824 10.5024 5.7716e-11 1
-29.0816 15.1344 1.60506e-13 1
-23.7472 -5.1696 0.000176119 1
-15.3872 43.5888 8.30935e-35 3
-27.6896 -37.8192 0.927425 0
-36.4128 11.9616 1.73403e-11 1
-23.8032 18.4176 1.30583e-15 1
-24.9984 9.768 9.87632e-11 1
-29.5696 18.8688 9.17488e-16 1
-26.68 5.0544 1.8841e-08 1
-28.728 5.3424 1.55372e-08 1
-26.744 5.45279 1.24832e-08 1
-17.0272 6.84 2.36024e-09 1
-22.4816 -14.064 0.056029 1
-17.0208 -3.4704 4.56322e-05 1
-21.6112 -2.2032 1.54775e-05 1
-30.9456 -3.4992 6.24567e-05 1
-22.6288 6.5952 3.21458e-09 1
-67.224 -30.4176 0.999591 0
-27.768 -26.2064 0.858723 0
-20.808 -32.4816 0.938863 0
-21.128 -20.6672 0.546776 0
-1.504 -31.6496 0.972856 0
-14.4 -19.84 0.519221 0
-29.808 -21.8976 0.665212 0
-7.896 -18.3328 0.427466 0
-16.304 -26.3888 0.884861 0
7.976 -18.6272 0.379136 2
8.672 -27.2064 0.921005 0
-28.016 -28.3088 0.900652 0
37.232 -27.9408 0.946519 0
10.4 -30.4576 0.954831 0
6.79998 -39.6592 0.97443 0
-36.32 -29.0688 0.933951 0
-10.944 -32.744 0.963791 0
30.16 -32.4272 0.965495 0
-19.776 -29.6112 0.922953 0
16.32 -17.32 0.19383 2
-11.92 -26.904 0.915393 0
9.408 -29.0992 0.944939 0
0.824003 -28.1088 0.950889 0
-9.25601 -33.36 0.968668 0
-5.184 -37.0528 0.976508 0
20.328 -24.3888 0.796971 0
-13.496 -25.4672 0.876159 0
4.912 -26.888 0.926852 0
-18.384 -28.5808 0.915214 0
-13.656 -21.5456 0.679915 0
-18.888 -29.3152 0.922273 0
12.52 -32.5328 0.96348 0
-99 -23.9872 1 0
12.128 -22.9616 0.743647 0
-64.528 -32.5216 0.999254 0
8.008 -26.376 0.90673 0
-10.008 -37.8272 0.966646 0
-8.35201 -34.0864 0.971374 0
-31.408 -31.8832 0.936024 0
-21.344 -22.7408 0.709433 0
8.376 -39.272 0.973764 0
-2.824 -32.0224 0.973643 0
19.96 -32.8064 0.96031 0
49.248 -22.2864 0.897069 0
50.696 -30.8768 0.991505 0
-19.072 -34.976 0.946393 0
6.39199 -25.7728 0.898693 0
10.176 -36.1808 0.973401 0
26.248 -36.176 0.970972 0
-3.76 -37.1936 0.97789 0
-10.496 31.0032 1.02239e-24 3
23.432 24.0624 8.58955e-20 3
24.944 36.3968 1.93225e-29 3
48.056 34.8624 1.24399e-28 3
-12.848 33.7824 7.2131e-27 3
0.831986 26.0496 5.46766e-21 3
27.28 30.8384 4.71896e-25 3
-7.144 37.0096 1.75842e-29 3
-11.168 33.688 8.27523e-27 3
10.088 32.5168 4.18328e-26 3
-6.176 18.0912 2.08262e-15 1
-32.76 26.5552 4.69292e-21 3
23.832 21.4672 6.23363e-18 2
6.528 25.3568 1.61078e-20 3
-11.328 37.2 1.34548e-29 3
-0.176012 27.912 2.12508e-22 3
4.41599 21.3776 1.34812e-17 3
-68.232 33.4672 5.88085e-26 3
38.488 25.9872 2.0147e-21 3
20.84 27.8368 1.29843e-22 3
69.536 35.5712 1.13275e-29 3
-44.08 26.488 8.27082e-21 3
9.232 34.496 1.1667e-27 3
18.664 29.3728 9.0301e-24 3
-6.152 10.176 6.67246e-11 1
-32 37.9792 6.58876e-30 3
5.93599 29.1024 2.23513e-23 3
-0.743998 24.8944 4.09927e-20 3
-1.912 37.3968 7.73242e-30 3
7.528 31.7312 1.88933e-25 3
-6.112 36.6384 3.4174e-29 3
-30.752 20.2288 1.29685e-16 1
-42.168 28.2944 3.30929e-22 3
-27.184 22.3216 4.06015e-18 1
56.088 30.2864 4.15767e-25 3
-42.776 26.008 1.82527e-20 3
15.24 29.944 3.65709e-24 3
28.96 31.0448 3.05186e-25 3
-13.08 26.5232 2.71646e-21 3
-8.56 29.0176 3.37168e-23 3
68.4 25.904 7.50147e-22 3
-56.672 36.576 1.85686e-28 3
-47.816 20.9072 1.34218e-16 3
59.472 31.1344 7.41967e-26 3
31.464 46.3792 9.76538e-38 3
75.192 35.952 4.06587e-30 3
47.944 16.3232 2.06449e-14 2
-18.656 35.9616 1.5796e-28 3
6.632 29.8288 5.97477e-24 3
-22.296 33.8016 8.97881e-27 3
