-26.68 5.0544
-26.744 5.45279

6.0576 29.5008
5.93599 29.1024

-29.648 -22.2864
-29.808 -21.8976

-16.1056 23.5056
-16.1888 22.7184

2.4144 22.4448
2.6512 21.6864

25.0128 -15.0672
24.464 -15.648

6.2784 -9.0576
5.6672 -9.57599

22.6096 24.0864
23.432 24.0624

6.632 29.8288
5.9968 29.3016

-18.384 -28.5808
-18.888 -29.3152

31.624 4.5312
30.7328 4.2048

22.1888 35.0208
21.2336 34.9872

7.6848 -19.5504
7.976 -18.6272

-1.0672 -30.768
-1.504 -31.6496

1.5952 25.4112
0.831986 26.0496

8.672 -27.2064
8.008 -26.376

-22.5968 -2.6208
-21.6112 -2.2032

-7.144 37.0096
-6.112 36.6384

-9.25601 -33.36
-8.35201 -34.0864

4.96 1.5744
3.7792 1.5216

30.1376 -1.68
28.9312 -1.6128

-29.9776 5.3856
-28.728 5.3424

-19.776 -29.6112
-18.636 -28.948

3.9104 -27.8208
4.912 -26.888

-44.08 26.488
-42.776 26.008

29.824 4.6848
31.1784 4.368

-25.3232 5.4864
-26.712 5.2536

-0.491203 3.984
-1.7296 3.312

-14.9232 -10.1808
-13.9808 -11.232

-5.184 -37.0528
-3.76 -37.1936

-2.7952 13.6512
-3.5216 14.8992

4.7776 29.76
6.20853 29.4773

-1.3344 -4.40641
-0.595203 -3.1392

26.08 2.2992
26.0384 3.792

7.064 33.1536
7.528 31.7312

-6.384 3.11999
-7.4432 1.9488

16.5776 30.8592
15.24 29.944

6.79998 -39.6592
8.376 -39.272

34.4 4.17118
35.3088 5.54879

-18.6896 6.8304
-17.0272 6.84

10.4 -30.4576
9.408 -29.0992

-12.848 33.7824
-11.168 33.688

27.28 30.8384
28.96 31.0448

-5.464 -2.04
-5.376 -3.744

-2.824 -32.0224
-1.2856 -31.2088

-23.5984 10.8144
-24.9984 9.768

-29.5696 18.8688
-30.752 20.2288

-28.5376 13.4112
-29.0816 15.1344

-27.2064 14.8272
-28.8096 14.2728

0.294401 -1.3152
-1.1152 -0.148802

-14.4 -19.84
-13.656 -21.5456

25.216 -13.5168
24.7384 -15.3576

14.704 -3.7104
15.9488 -5.16

32.976 5.304
34.8544 4.85999

17.704 22.3152
18.752 20.6448

