1.5952 25.4112 1.98874e-20 3
-2.7952 13.6512 1.08949e-12 1
2.6768 6.0192 7.39941e-09 2
-1.0672 -30.768 0.968862 0
-6.8256 13.4736 1.25619e-12 1
7.064 33.1536 1.86856e-26 3
3.9104 -27.8208 0.940283 0
4.96 1.5744 5.65305e-07 2
7.6848 -19.5504 0.476148 2
-1.3344 -4.40641 0.000132044 2
6.0576 29.5008 1.3711e-23 3
3.5616 26.9232 1.38862e-21 3
7.2368 -7.7664 0.00113297 2
-6.6976 20.5392 6.01781e-17 1
1.8384 3.0624 1.55463e-07 2
-4.8288 41.472 5.54101e-33 3
-8.12 4.7136 2.98096e-08 1
-5.5664 7.5888 1.43951e-09 1
2.4144 22.4448 2.92397e-18 3
5.728 -3.696 5.52835e-05 2
-5.464 -2.04 1.89656e-05 1
-6.384 3.11999 1.56166e-07 1
0.294401 -1.3152 9.53664e-06 2
12.6752 -8.5488 0.00149732 2
-0.491203 3.984 6.62734e-08 2
4.8576 -7.4112 0.000999827 2
2.6512 21.6864 1.00445e-17 3
-0.595203 -3.1392 4.62617e-05 2
3.7792 1.5216 6.3029e-07 2
5.4608 4.5984 2.84496e-08 2
0.7216 18.96 7.17604e-16 1
-1.1152 -0.148802 3.50282e-06 2
4.7776 29.76 8.94568e-24 3
-3.5216 14.8992 2.11466e-13 1
1.4544 10.6512 4.32994e-11 2
-3.0672 -11.3136 0.0182108 2
-0.441601 20.9808 3.17558e-17 3
-4.0288 17.3568 7.15496e-15 1
6.2784 -9.0576 0.00293101 2
-5.376 -3.744 7.93141e-05 1
-1.7296 3.312 1.32288e-07 2
3.7584 24.2688 1.35214e-19 3
5.6672 -9.57599 0.0042926 2
16.568 20.6016 3.59075e-17 2
8.5872 14.208 4.19007e-13 2
1.9408 -24.9504 0.891054 0
-3.3936 4.9728 2.45791e-08 1
-1.0352 -14.5152 0.104105 2
-7.4432 1.9488 4.81509e-07 1
2.8 -2.44801 2.28647e-05 2
22.6096 24.0864 1.00674e-19 3
22.1888 35.0208 3.52157e-28 3
43.3552 -27.3168 0.962414 0
25.0128 -15.0672 0.0646047 2
21.2336 34.9872 3.89432e-28 3
17.704 22.3152 2.24955e-18 3
23.144 -17.4336 0.18847 2
23.5168 -11.0928 0.00641787 2
13.3712 -0.792 3.14708e-06 2
31.4736 18.072 1.16233e-15 2
26.08 2.2992 1.33765e-07 2
30.1376 -1.68 5.48897e-06 2
29.824 4.6848 1.27238e-08 2
31.6512 0.475199 8.14354e-07 2
17.816 -22.752 0.692843 0
25.9456 -1.9104 6.36789e-06 2
30.8032 -26.1312 0.887111 0
14.704 -3.7104 3.55778e-05 2
19.5216 3.8208 3.2464e-08 2
34.4 4.17118 2.41549e-08 2
31.624 4.5312 1.54218e-08 2
25.216 -13.5168 0.0279829 2
31.7904 -10.9152 0.00660644 2
15.9488 -5.16 0.000108076 2
16.9088 7.1568 1.09525e-09 2
12.752 21.552 9.29693e-18 3
16.5776 30.8592 8.42779e-25 3
32.976 5.304 7.1624e-09 2
30.5472 8.54399 2.0153e-10 2
28.6592 14.2608 2.07189e-13 2
26.88 0.503998 7.34869e-07 2
24.6784 17.616 2.34623e-15 2
29.5856 25.3296 9.71849e-21 3
23.6672 6.984 1.11297e-09 2
22.8976 -29.8512 0.938574 0
19.5232 10.2624 3.08409e-11 2
27.0224 -6.8304 0.000340787 2
30.7328 4.2048 2.11313e-08 2
18.752 20.6448 3.09949e-17 2
24.728 -3.94561 3.52149e-05 2
26.0384 3.792 3.06519e-08 2
22.5504 -3.0096 1.64066e-05 2
35.3088 5.54879 5.979e-09 2
39.2896 4.4448 2.27391e-08 2
20.8752 -20.0352 0.432101 2
24.464 -15.648 0.0859668 2
29.8304 -34.6608 0.971924 0
28.9312 -1.6128 5.06062e-06 2
19.3504 -8.5056 0.00117869 2
26.3136 -31.2528 0.9539 0
-24.1776 1.008 1.01759e-06 1
-14.9232 -10.1808 0.00701987 1
-32.664 -12.0672 0.0272752 1
-22.7248 2.9664 1.51419e-07 1
-38.4464 -17.544 0.40539 1
-22.2448 -11.0064 0.010633 1
-29.648 -22.2864 0.702676 0
-23.5984 10.8144 3.15392e-11 1
-22.6016 -33.8496 0.943745 0
-22.5968 -2.6208 2.41893e-05 1
-23.5024 -18.1776 0.317056 1
-13.9808 -11.232 0.0139729 1
-27.6896 0.0911987 2.67875e-06 1
-16.1056 23.5056 5.3712e-19 1
-21.0384 -5.256 0.000197904 1
-21.2224 -26.9184 0.88574 0
-14.5152 -42.6432 0.924553 0
-16.1888 22.7184 1.91117e-18 1
-15.328 21.0816 2.4793e-17 1
-39.3824 9.3312 6.33891e-10 1
-27.2064 14.8272 2.54706e-13 1
-25.0944 -12.3504 0.0241027 1
-29.5936 -11.6304 0.0181619 1
-18.6896 6.8304 2.65098e-09 1
-29.9776 5.3856 1.81561e-08 1
-25.3232 5.4864 1.27804e-08 1
-28.5376 13.4112 1.69952e-12 1
-20.1536 -8.3376 0.0018753 1
-27.4016 17.8224 4.41688e-15 1
-19.88 11.0448 2.18271e-11 1
-17.1696 -18.4512 0.366218 1
-31.9344 -19.824 0.523364 0
-30.5824 10.5024 6.72313e-11 1
-29.0816 15.1344 1.92263e-13 1
-23.7472 -5.1696 0.000190327 1
-15.3872 43.5888 1.21186e-34 3
-27.6896 -37.8192 0.932974 0
-36.4128 11.9616 2.04545e-11 1
-23.8032 18.4176 1.57946e-15 1
-24.9984 9.768 1.13563e-10 1
-29.5696 18.8688 1.12731e-15 1
-26.68 5.0544 2.12058e-08 1
-28.728 5.3424 1.7551e-08 1
-26.744 5.45279 1.40781e-08 1
-17.0272 6.84 2.62312e-09 1
-22.4816 -14.064 0.0593715 1
-17.0208 -3.4704 4.90208e-05 1
-21.6112 -2.2032 1.68215e-05 1
-30.9456 -3.4992 6.79607e-05 1
-22.6288 6.5952 3.61921e-09 1
-67.224 -30.4176 0.999501 0
-27.768 -26.2064 0.865804 0
-20.808 -32.4816 0.943304 0
-21.128 -20.6672 0.56157 0
-1.504 -31.6496 0.972261 0
-14.4 -19.84 0.53161 0
-29.808 -21.8976 0.677002 0
-7.896 -18.3328 0.433784 0
-16.304 -26.3888 0.891012 0
7.976 -18.6272 0.374426 2
8.672 -27.2064 0.917627 0
-28.016 -28.3088 0.906048 0
37.232 -27.9408 0.94761 0
10.4 -30.4576 0.952555 0
6.79998 -39.6592 0.972752 0
-36.32 -29.0688 0.936201 0
-10.944 -32.744 0.965804 0
30.16 -32.4272 0.965465 0
-19.776 -29.6112 0.927954 0
16.32 -17.32 0.191305 2
-11.92 -26.904 0.919143 0
9.408 -29.0992 0.942302 0
0.824003 -28.1088 0.949287 0
-9.25601 -33.36 0.970162 0
-5.184 -37.0528 0.977058 0
20.328 -24.3888 0.792619 0
-13.496 -25.4672 0.881791 0
4.912 -26.888 0.92389 0
-18.384 -28.5808 0.920438 0
-13.656 -21.5456 0.69042 0
-18.888 -29.3152 0.927239 0
12.52 -32.5328 0.961599 0
-99 -23.9872 1 0
12.128 -22.9616 0.73726 0
-64.528 -32.5216 0.999113 0
8.008 -26.376 0.902981 0
-10.008 -37.8272 0.96893 0
-8.35201 -34.0864 0.972618 0
-31.408 -31.8832 0.939452 0
-21.344 -22.7408 0.721934 0
8.376 -39.272 0.972042 0
-2.824 -32.0224 0.973364 0
19.96 -32.8064 0.958947 0
49.248 -22.2864 0.902645 0
50.696 -30.8768 0.992278 0
-19.072 -34.976 0.950705 0
6.39199 -25.7728 0.894857 0
10.176 -36.1808 0.971786 0
26.248 -36.176 0.970602 0
-3.76 -37.1936 0.978063 0
-10.496 31.0032 1.3109e-24 3
23.432 24.0624 1.02204e-19 3
24.944 36.3968 2.50483e-29 3
48.056 34.8624 1.54232e-28 3
-12.848 33.7824 9.51456e-27 3
0.831986 26.0496 6.68371e-21 3
27.28 30.8384 5.84348e-25 3
-7.144 37.0096 2.35726e-29 3
-11.168 33.688 1.08669e-26 3
10.088 32.5168 5.3549e-26 3
-6.176 18.0912 2.38579e-15 1
-32.76 26.5552 6.05372e-21 3
23.832 21.4672 7.27049e-18 2
6.528 25.3568 1.96779e-20 3
-11.328 37.2 1.82254e-29 3
-0.176012 27.912 2.63293e-22 3
4.41599 21.3776 1.60471e-17 3
-68.232 33.4672 8.14929e-26 3
38.488 25.9872 2.37951e-21 3
20.84 27.8368 1.59111e-22 3
69.536 35.5712 1.366e-29 3
-44.08 26.488 1.06653e-20 3
9.232 34.496 1.51676e-27 3
18.664 29.3728 1.12134e-23 3
-6.152 10.176 7.34415e-11 1
-32 37.9792 9.38354e-30 3
5.93599 29.1024 2.79635e-23 3
-0.743998 24.8944 4.96284e-20 3
-1.912 37.3968 1.03309e-29 3
7.528 31.7312 2.4073e-25 3
-6.112 36.6384 4.5593e-29 3
-30.752 20.2288 1.60949e-16 1
-42.168 28.2944 4.32451e-22 3
-27.184 22.3216 5.07487e-18 1
56.088 30.2864 4.95048e-25 3
-42.776 26.008 2.34606e-20 3
15.24 29.944 4.57824e-24 3
28.96 31.0448 3.77541e-25 3
-13.08 26.5232 3.37719e-21 3
-8.56 29.0176 4.23877e-23 3
68.4 25.904 8.59878e-22 3
-56.672 36.576 2.63646e-28 3
-47.816 20.9072 1.66824e-16 3
59.472 31.1344 8.83748e-26 3
31.464 46.3792 1.47502e-37 3
75.192 35.952 4.86892e-30 3
47.944 16.3232 2.23839e-14 2
-18.656 35.9616 2.1549e-28 3
6.632 29.8288 7.51215e-24 3
-22.296 33.8016 1.21025e-26 3
