1.5952 25.4112 1.84761e-20 3
-2.7952 13.6512 1.04493e-12 1
2.6768 6.0192 7.14002e-09 2
-1.0672 -30.768 0.969208 0
-6.8256 13.4736 1.20664e-12 1
7.064 33.1536 1.69875e-26 3
3.9104 -27.8208 0.94142 0
4.96 1.5744 5.50276e-07 2
7.6848 -19.5504 0.479331 2
-1.3344 -4.40641 0.000129881 2
6.0576 29.5008 1.25896e-23 3
3.5616 26.9232 1.28403e-21 3
7.2368 -7.7664 0.00112545 2
-6.6976 20.5392 5.68489e-17 1
1.8384 3.0624 1.50907e-07 2
-4.8288 41.472 4.90604e-33 3
-8.12 4.7136 2.89504e-08 1
-5.5664 7.5888 1.39379e-09 1
2.4144 22.4448 2.7358e-18 3
5.728 -3.696 5.44302e-05 2
-5.464 -2.04 1.85744e-05 1
-6.384 3.11999 1.5201e-07 1
0.294401 -1.3152 9.33385e-06 2
12.6752 -8.5488 0.00149326 2
-0.491203 3.984 6.43041e-08 2
4.8576 -7.4112 0.000991313 2
2.6512 21.6864 9.41295e-18 3
-0.595203 -3.1392 4.54175e-05 2
3.7792 1.5216 6.13503e-07 2
5.4608 4.5984 2.75159e-08 2
0.7216 18.96 6.78377e-16 1
-1.1152 -0.148802 3.42216e-06 2
4.7776 29.76 8.20921e-24 3
-3.5216 14.8992 2.02527e-13 1
1.4544 10.6512 4.14903e-11 2
-3.0672 -11.3136 0.0180702 2
-0.441601 20.9808 2.99068e-17 3
-4.0288 17.3568 6.82056e-15 1
6.2784 -9.0576 0.0029173 2
-5.376 -3.744 7.78341e-05 1
-1.7296 3.312 1.28583e-07 2
3.7584 24.2688 1.25833e-19 3
5.6672 -9.57599 0.00427534 2
16.568 20.6016 3.36828e-17 2
8.5872 14.208 3.9669e-13 2
1.9408 -24.9504 0.892547 0
-3.3936 4.9728 2.38569e-08 1
-1.0352 -14.5152 0.103994 2
-7.4432 1.9488 4.69191e-07 1
2.8 -2.44801 2.24312e-05 2
22.6096 24.0864 9.42476e-20 3
22.1888 35.0208 3.20376e-28 3
43.3552 -27.3168 0.961417 0
25.0128 -15.0672 0.0648526 2
21.2336 34.9872 3.54104e-28 3
17.704 22.3152 2.10456e-18 3
23.144 -17.4336 0.189439 2
23.5168 -11.0928 0.00643045 2
13.3712 -0.792 3.09534e-06 2
31.4736 18.072 1.11952e-15 2
26.08 2.2992 1.3215e-07 2
30.1376 -1.68 5.45639e-06 2
29.824 4.6848 1.25615e-08 2
31.6512 0.475199 8.0827e-07 2
17.816 -22.752 0.695544 0
25.9456 -1.9104 6.32419e-06 2
30.8032 -26.1312 0.886909 0
14.704 -3.7104 3.52217e-05 2
19.5216 3.8208 3.18185e-08 2
34.4 4.17118 2.39179e-08 2
31.624 4.5312 1.52445e-08 2
25.216 -13.5168 0.0280692 2
31.7904 -10.9152 0.00659959 2
15.9488 -5.16 0.000107339 2
16.9088 7.1568 1.06305e-09 2
12.752 21.552 8.67798e-18 3
16.5776 30.8592 7.73111e-25 3
32.976 5.304 7.07937e-09 2
30.5472 8.54399 1.98041e-10 2
28.6592 14.2608 2.01065e-13 2
26.88 0.503998 7.28023e-07 2
24.6784 17.616 2.24375e-15 2
29.5856 25.3296 9.12193e-21 3
23.6672 6.984 1.0891e-09 2
22.8976 -29.8512 0.939074 0
19.5232 10.2624 2.98266e-11 2
27.0224 -6.8304 0.000340152 2
30.7328 4.2048 2.08854e-08 2
18.752 20.6448 2.91441e-17 2
24.728 -3.94561 3.5041e-05 2
26.0384 3.792 3.02168e-08 2
22.5504 -3.0096 1.62942e-05 2
35.3088 5.54879 5.91523e-09 2
39.2896 4.4448 2.25444e-08 2
20.8752 -20.0352 0.434335 2
24.464 -15.648 0.0863349 2
29.8304 -34.6608 0.971751 0
28.9312 -1.6128 5.02893e-06 2
19.3504 -8.5056 0.00117779 2
26.3136 -31.2528 0.954024 0
-24.1776 1.008 9.79114e-07 1
-14.9232 -10.1808 0.00686293 1
-32.664 -12.0672 0.0266628 1
-22.7248 2.9664 1.45424e-07 1
-38.4464 -17.544 0.402361 1
-22.2448 -11.0064 0.0103562 1
-29.648 -22.2864 0.698011 0
-23.5984 10.8144 2.98426e-11 1
-22.6016 -33.8496 0.941777 0
-22.5968 -2.6208 2.34001e-05 1
-23.5024 -18.1776 0.311604 1
-13.9808 -11.232 0.0136792 1
-27.6896 0.0911987 2.57707e-06 1
-16.1056 23.5056 4.9766e-19 1
-21.0384 -5.256 0.000192087 1
-21.2224 -26.9184 0.882714 0
-14.5152 -42.6432 0.920703 0
-16.1888 22.7184 1.77461e-18 1
-15.328 21.0816 2.31594e-17 1
-39.3824 9.3312 5.97893e-10 1
-27.2064 14.8272 2.37859e-13 1
-25.0944 -12.3504 0.0234921 1
-29.5936 -11.6304 0.0177125 1
-18.6896 6.8304 2.54096e-09 1
-29.9776 5.3856 1.72932e-08 1
-25.3232 5.4864 1.22004e-08 1
-28.5376 13.4112 1.59079e-12 1
-20.1536 -8.3376 0.00182502 1
-27.4016 17.8224 4.09307e-15 1
-19.88 11.0448 2.07362e-11 1
-17.1696 -18.4512 0.360665 1
-31.9344 -19.824 0.518363 0
-30.5824 10.5024 6.32944e-11 1
-29.0816 15.1344 1.79097e-13 1
-23.7472 -5.1696 0.000184498 1
-15.3872 43.5888 1.04978e-34 3
-27.6896 -37.8192 0.930666 0
-36.4128 11.9616 1.91474e-11 1
-23.8032 18.4176 1.46758e-15 1
-24.9984 9.768 1.07538e-10 1
-29.5696 18.8688 1.04e-15 1
-26.68 5.0544 2.02415e-08 1
-28.728 5.3424 1.67263e-08 1
-26.744 5.45279 1.34276e-08 1
-17.0272 6.84 2.51915e-09 1
-22.4816 -14.064 0.057954 1
-17.0208 -3.4704 4.76446e-05 1
-21.6112 -2.2032 1.62747e-05 1
-30.9456 -3.4992 6.57133e-05 1
-22.6288 6.5952 3.45591e-09 1
-67.224 -30.4176 0.999545 0
-27.768 -26.2064 0.86285 0
-20.808 -32.4816 0.94137 0
-21.128 -20.6672 0.555174 0
-1.504 -31.6496 0.972529 0
-14.4 -19.84 0.526104 0
-29.808 -21.8976 0.672163 0
-7.896 -18.3328 0.431063 0
-16.304 -26.3888 0.888264 0
7.976 -18.6272 0.377137 2
8.672 -27.2064 0.919212 0
-28.016 -28.3088 0.9038 0
37.232 -27.9408 0.946863 0
10.4 -30.4576 0.953575 0
6.79998 -39.6592 0.97347 0
-36.32 -29.0688 0.935358 0
-10.944 -32.744 0.964877 0
30.16 -32.4272 0.965296 0
-19.776 -29.6112 0.92576 0
16.32 -17.32 0.192736 2
-11.92 -26.904 0.917425 0
9.408 -29.0992 0.943509 0
0.824003 -28.1088 0.950048 0
-9.25601 -33.36 0.969466 0
-5.184 -37.0528 0.97679 0
20.328 -24.3888 0.794481 0
-13.496 -25.4672 0.879239 0
4.912 -26.888 0.925309 0
-18.384 -28.5808 0.918129 0
-13.656 -21.5456 0.685714 0
-18.888 -29.3152 0.92505 0
12.52 -32.5328 0.962408 0
-99 -23.9872 1 0
12.128 -22.9616 0.740368 0
-64.528 -32.5216 0.999181 0
8.008 -26.376 0.904764 0
-10.008 -37.8272 0.967884 0
-8.35201 -34.0864 0.972035 0
-31.408 -31.8832 0.938065 0
-21.344 -22.7408 0.716524 0
8.376 -39.272 0.972772 0
-2.824 -32.0224 0.973483 0
19.96 -32.8064 0.959443 0
49.248 -22.2864 0.899751 0
50.696 -30.8768 0.991865 0
-19.072 -34.976 0.948814 0
6.39199 -25.7728 0.89671 0
10.176 -36.1808 0.972476 0
26.248 -36.176 0.970601 0
-3.76 -37.1936 0.977967 0
-10.496 31.0032 1.19373e-24 3
23.432 24.0624 9.57601e-20 3
24.944 36.3968 2.27335e-29 3
48.056 34.8624 1.42681e-28 3
-12.848 33.7824 8.56684e-27 3
0.831986 26.0496 6.20052e-21 3
27.28 30.8384 5.39775e-25 3
-7.144 37.0096 2.11088e-29 3
-11.168 33.688 9.8036e-27 3
10.088 32.5168 4.87903e-26 3
-6.176 18.0912 2.27038e-15 1
-32.76 26.5552 5.48387e-21 3
23.832 21.4672 6.86343e-18 2
6.528 25.3568 1.82444e-20 3
-11.328 37.2 1.62472e-29 3
-0.176012 27.912 2.43023e-22 3
4.41599 21.3776 1.50209e-17 3
-68.232 33.4672 7.16955e-26 3
38.488 25.9872 2.24039e-21 3
20.84 27.8368 1.47423e-22 3
69.536 35.5712 1.27921e-29 3
-44.08 26.488 9.66239e-21 3
9.232 34.496 1.37393e-27 3
18.664 29.3728 1.03368e-23 3
-6.152 10.176 7.08843e-11 1
-32 37.9792 8.17686e-30 3
5.93599 29.1024 2.57027e-23 3
-0.743998 24.8944 4.62201e-20 3
-1.912 37.3968 9.26537e-30 3
7.528 31.7312 2.19736e-25 3
-6.112 36.6384 4.09045e-29 3
-30.752 20.2288 1.47907e-16 1
-42.168 28.2944 3.89755e-22 3
-27.184 22.3216 4.65449e-18 1
56.088 30.2864 4.65162e-25 3
-42.776 26.008 2.12807e-20 3
15.24 29.944 4.20661e-24 3
28.96 31.0448 3.48936e-25 3
-13.08 26.5232 3.11186e-21 3
-8.56 29.0176 3.89041e-23 3
68.4 25.904 8.19885e-22 3
-56.672 36.576 2.29815e-28 3
-47.816 20.9072 1.53283e-16 3
59.472 31.1344 8.30528e-26 3
31.464 46.3792 1.22461e-37 3
75.192 35.952 4.57407e-30 3
47.944 16.3232 2.18314e-14 2
-18.656 35.9616 1.91332e-28 3
6.632 29.8288 6.89167e-24 3
-22.296 33.8016 1.079e-26 3
