1.5952 25.4112 2.07702e-17 3
-2.7952 13.6512 7.24241e-11 3
2.6768 6.0192 1.66783e-07 2
-1.0672 -30.768 0.885081 0
-6.8256 13.4736 9.7307e-11 3
7.064 33.1536 1.66429e-22 3
3.9104 -27.8208 0.851556 0
4.96 1.5744 7.67776e-06 2
7.6848 -19.5504 0.485379 0
-1.3344 -4.40641 0.000697063 1
6.0576 29.5008 4.72336e-20 3
3.5616 26.9232 2.26665e-18 3
7.2368 -7.7664 0.00491656 2
-6.6976 20.5392 1.89857e-14 3
1.8384 3.0624 2.35346e-06 2
-4.8288 41.472 2.78429e-28 3
-8.12 4.7136 6.89546e-07 1
-5.5664 7.5888 4.46609e-08 1
2.4144 22.4448 1.19549e-15 3
5.728 -3.696 0.000385927 2
-5.464 -2.04 0.000149035 1
-6.384 3.11999 2.65863e-06 1
0.294401 -1.3152 7.80821e-05 2
12.6752 -8.5488 0.00740004 2
-0.491203 3.984 1.11197e-06 1
4.8576 -7.4112 0.00410555 2
2.6512 21.6864 3.26402e-15 3
-0.595203 -3.1392 0.000292046 2
3.7792 1.5216 8.17414e-06 2
5.4608 4.5984 5.78075e-07 2
0.7216 18.96 1.16734e-13 3
-1.1152 -0.148802 3.33777e-05 1
4.7776 29.76 3.34584e-20 3
-3.5216 14.8992 1.76798e-11 3
1.4544 10.6512 1.73492e-09 3
-3.0672 -11.3136 0.0373853 1
-0.441601 20.9808 9.00453e-15 3
-4.0288 17.3568 9.62853e-13 3
6.2784 -9.0576 0.0102669 2
-5.376 -3.744 0.000487826 1
-1.7296 3.312 2.03949e-06 1
3.7584 24.2688 9.56924e-17 3
5.6672 -9.57599 0.0136612 2
16.568 20.6016 9.2245e-15 3
8.5872 14.208 2.95552e-11 3
1.9408 -24.9504 0.788443 0
-3.3936 4.9728 4.91174e-07 1
-1.0352 -14.5152 0.139748 2
-7.4432 1.9488 7.25589e-06 1
2.8 -2.44801 0.000169541 2
22.6096 24.0864 6.95291e-17 3
22.1888 35.0208 4.73295e-24 3
43.3552 -27.3168 0.937847 0
25.0128 -15.0672 0.169905 2
21.2336 34.9872 5.18524e-24 3
17.704 22.3152 9.13306e-16 3
23.144 -17.4336 0.33802 2
23.5168 -11.0928 0.0297546 2
13.3712 -0.792 4.40192e-05 2
31.4736 18.072 1.64995e-13 3
26.08 2.2992 3.41032e-06 2
30.1376 -1.68 8.36982e-05 2
29.824 4.6848 4.07733e-07 2
31.6512 0.475199 1.56377e-05 2
17.816 -22.752 0.708505 0
25.9456 -1.9104 9.74107e-05 2
30.8032 -26.1312 0.87328 0
14.704 -3.7104 0.000357202 2
19.5216 3.8208 9.48991e-07 2
34.4 4.17118 6.49937e-07 2
31.624 4.5312 4.67554e-07 2
25.216 -13.5168 0.0933389 2
31.7904 -10.9152 0.030866 2
15.9488 -5.16 0.000934903 2
16.9088 7.1568 4.45127e-08 2
12.752 21.552 2.9275e-15 3
16.5776 30.8592 4.16696e-21 3
32.976 5.304 2.2714e-07 2
30.5472 8.54399 9.49579e-09 2
28.6592 14.2608 1.82175e-11 3
26.88 0.503998 1.50732e-05 2
24.6784 17.616 3.41834e-13 3
29.5856 25.3296 9.76529e-18 3
23.6672 6.984 4.83079e-08 2
22.8976 -29.8512 0.898565 0
19.5232 10.2624 1.83715e-09 3
27.0224 -6.8304 0.0027997 2
30.7328 4.2048 6.31108e-07 2
18.752 20.6448 8.20903e-15 3
24.728 -3.94561 0.000416168 2
26.0384 3.792 9.29214e-07 2
22.5504 -3.0096 0.000214944 2
35.3088 5.54879 1.7952e-07 2
39.2896 4.4448 5.11486e-07 2
20.8752 -20.0352 0.544358 0
24.464 -15.648 0.205675 2
29.8304 -34.6608 0.93072 0
28.9312 -1.6128 7.89711e-05 2
19.3504 -8.5056 0.00720478 2
26.3136 -31.2528 0.916015 0
-24.1776 1.008 2.58859e-05 1
-14.9232 -10.1808 0.0291408 1
-32.664 -12.0672 0.147962 1
-22.7248 2.9664 4.83856e-06 1
-38.4464 -17.544 0.715155 0
-22.2448 -11.0064 0.0572927 1
-29.648 -22.2864 0.855906 0
-23.5984 10.8144 2.76222e-09 3
-22.6016 -33.8496 0.936339 0
-22.5968 -2.6208 0.000380538 1
-23.5024 -18.1776 0.567259 0
-13.9808 -11.232 0.0473413 1
-27.6896 0.0911987 6.16661e-05 1
-16.1056 23.5056 4.92972e-16 3
-21.0384 -5.256 0.00212908 1
-21.2224 -26.9184 0.902889 0
-14.5152 -42.6432 0.790137 0
-16.1888 22.7184 1.42422e-15 3
-15.328 21.0816 1.19991e-14 3
-39.3824 9.3312 2.32259e-08 3
-27.2064 14.8272 3.69243e-11 3
-25.0944 -12.3504 0.117784 1
-29.5936 -11.6304 0.105768 1
-18.6896 6.8304 1.29704e-07 1
-29.9776 5.3856 7.39507e-07 1
-25.3232 5.4864 5.66355e-07 1
-28.5376 13.4112 1.92898e-10 3
-20.1536 -8.3376 0.0131482 1
-27.4016 17.8224 1.06035e-12 3
-19.88 11.0448 1.93366e-09 3
-17.1696 -18.4512 0.523188 0
-31.9344 -19.824 0.77685 0
-30.5824 10.5024 4.86286e-09 3
-29.0816 15.1344 2.75703e-11 3
-23.7472 -5.1696 0.00224647 1
-15.3872 43.5888 1.06883e-29 3
-27.6896 -37.8192 0.935583 0
-36.4128 11.9616 1.2749e-09 3
-23.8032 18.4176 4.54055e-13 3
-24.9984 9.768 8.59956e-09 1
-29.5696 18.8688 3.13896e-13 3
-26.68 5.0544 8.83542e-07 1
-28.728 5.3424 7.3311e-07 1
-26.744 5.45279 6.14846e-07 1
-17.0272 6.84 1.22442e-07 1
-22.4816 -14.064 0.204603 1
-17.0208 -3.4704 0.000562285 1
-21.6112 -2.2032 0.000271805 1
-30.9456 -3.4992 0.00101579 1
-22.6288 6.5952 1.83365e-07 1
-67.224 -30.4176 0.998288 0
-27.768 -26.2064 0.920593 0
-20.808 -32.4816 0.931958 0
-21.128 -20.6672 0.716844 0
-1.504 -31.6496 0.889395 0
-14.4 -19.84 0.60568 0
-29.808 -21.8976 0.844845 0
-7.896 -18.3328 0.441247 0
-16.304 -26.3888 0.876226 0
7.976 -18.6272 0.411793 0
8.672 -27.2064 0.840959 0
-28.016 -28.3088 0.938989 0
37.232 -27.9408 0.923716 0
10.4 -30.4576 0.881717 0
6.79998 -39.6592 0.835477 0
-36.32 -29.0688 0.965202 0
-10.944 -32.744 0.907177 0
30.16 -32.4272 0.930132 0
-19.776 -29.6112 0.920712 0
16.32 -17.32 0.310996 2
-11.92 -26.904 0.868511 0
9.408 -29.0992 0.868922 0
0.824003 -28.1088 0.858142 0
-9.25601 -33.36 0.903576 0
-5.184 -37.0528 0.878716 0
20.328 -24.3888 0.786344 0
-13.496 -25.4672 0.847479 0
4.912 -26.888 0.834701 0
-18.384 -28.5808 0.909411 0
-13.656 -21.5456 0.70668 0
-18.888 -29.3152 0.916268 0
12.52 -32.5328 0.892904 0
-99 -23.9872 0.999675 0
12.128 -22.9616 0.707497 0
-64.528 -32.5216 0.997825 0
8.008 -26.376 0.823571 0
-10.008 -37.8272 0.8803 0
-8.35201 -34.0864 0.900801 0
-31.408 -31.8832 0.959188 0
-21.344 -22.7408 0.812689 0
8.376 -39.272 0.844396 0
-2.824 -32.0224 0.891969 0
19.96 -32.8064 0.905926 0
49.248 -22.2864 0.870776 0
50.696 -30.8768 0.97453 0
-19.072 -34.976 0.924142 0
6.39199 -25.7728 0.80868 0
10.176 -36.1808 0.882394 0
26.248 -36.176 0.917051 0
-3.76 -37.1936 0.87522 0
-10.496 31.0032 8.67301e-21 3
23.432 24.0624 7.0153e-17 3
24.944 36.3968 4.45691e-25 3
48.056 34.8624 2.34609e-24 3
-12.848 33.7824 1.28709e-22 3
0.831986 26.0496 8.62724e-18 3
27.28 30.8384 2.94857e-21 3
-7.144 37.0096 5.76765e-25 3
-11.168 33.688 1.40349e-22 3
10.088 32.5168 4.0435e-22 3
-6.176 18.0912 4.13161e-13 3
-32.76 26.5552 1.28994e-17 3
23.832 21.4672 2.40157e-15 3
6.528 25.3568 1.92345e-17 3
-11.328 37.2 4.96791e-25 3
-0.176012 27.912 6.09954e-19 3
4.41599 21.3776 4.67103e-15 3
-68.232 33.4672 2.36384e-21 3
38.488 25.9872 2.91445e-18 3
20.84 27.8368 3.39134e-19 3
69.536 35.5712 3.39407e-25 3
-44.08 26.488 2.24154e-17 3
9.232 34.496 1.81618e-23 3
18.664 29.3728 3.70588e-20 3
-6.152 10.176 3.37346e-09 3
-32 37.9792 3.20635e-25 3
5.93599 29.1024 8.5996e-20 3
-0.743998 24.8944 4.60197e-17 3
-1.912 37.3968 2.47879e-25 3
7.528 31.7312 1.50555e-21 3
-6.112 36.6384 1.01852e-24 3
-30.752 20.2288 5.8931e-14 3
-42.168 28.2944 1.57611e-18 3
-27.184 22.3216 3.43576e-15 3
56.088 30.2864 2.68165e-21 3
-42.776 26.008 4.1557e-17 3
15.24 29.944 1.76226e-20 3
28.96 31.0448 2.02179e-21 3
-13.08 26.5232 6.82306e-18 3
-8.56 29.0176 1.58659e-19 3
68.4 25.904 1.43176e-18 3
-56.672 36.576 1.00654e-23 3
-47.816 20.9072 4.82387e-14 3
59.472 31.1344 6.39085e-22 3
31.464 46.3792 8.09679e-33 3
75.192 35.952 1.46876e-25 3
47.944 16.3232 1.08788e-12 3
-18.656 35.9616 4.97611e-24 3
6.632 29.8288 2.8299e-20 3
-22.296 33.8016 1.78065e-22 3
