1.5952 25.4112 1.13285e-20 3
-2.7952 13.6512 7.8873e-13 1
2.6768 6.0192 5.68948e-09 2
-1.0672 -30.768 0.970794 0
-6.8256 13.4736 9.10273e-13 1
7.064 33.1536 9.14355e-27 3
3.9104 -27.8208 0.945001 0
4.96 1.5744 4.55299e-07 2
7.6848 -19.5504 0.481369 2
-1.3344 -4.40641 0.00011452 2
6.0576 29.5008 7.21581e-24 3
3.5616 26.9232 7.67322e-22 3
7.2368 -7.7664 0.00101984 2
-6.6976 20.5392 3.8022e-17 1
1.8384 3.0624 1.23742e-07 2
-4.8288 41.472 2.19004e-33 3
-8.12 4.7136 2.38781e-08 1
-5.5664 7.5888 1.12231e-09 1
2.4144 22.4448 1.76855e-18 3
5.728 -3.696 4.73576e-05 2
-5.464 -2.04 1.6204e-05 1
-6.384 3.11999 1.27327e-07 1
0.294401 -1.3152 7.98566e-06 2
12.6752 -8.5488 0.00138059 2
-0.491203 3.984 5.27191e-08 2
4.8576 -7.4112 0.000892521 2
2.6512 21.6864 6.16836e-18 3
-0.595203 -3.1392 3.9556e-05 2
3.7792 1.5216 5.08238e-07 2
5.4608 4.5984 2.21216e-08 2
0.7216 18.96 4.69124e-16 2
-1.1152 -0.148802 2.91106e-06 2
4.7776 29.76 4.67887e-24 3
-3.5216 14.8992 1.50534e-13 1
1.4544 10.6512 3.18475e-11 2
-3.0672 -11.3136 0.0168726 2
-0.441601 20.9808 1.99411e-17 3
-4.0288 17.3568 4.8777e-15 1
6.2784 -9.0576 0.00267181 2
-5.376 -3.744 6.87753e-05 1
-1.7296 3.312 1.06495e-07 2
3.7584 24.2688 7.86804e-20 3
5.6672 -9.57599 0.00393153 2
16.568 20.6016 2.28488e-17 2
8.5872 14.208 2.89546e-13 2
1.9408 -24.9504 0.89627 0
-3.3936 4.9728 1.95906e-08 1
-1.0352 -14.5152 0.0998506 2
-7.4432 1.9488 3.96685e-07 1
2.8 -2.44801 1.92929e-05 2
22.6096 24.0864 6.12171e-20 3
22.1888 35.0208 1.71805e-28 3
43.3552 -27.3168 0.961901 0
25.0128 -15.0672 0.0645274 2
21.2336 34.9872 1.89565e-28 3
17.704 22.3152 1.3899e-18 3
23.144 -17.4336 0.191084 2
23.5168 -11.0928 0.00620958 2
13.3712 -0.792 2.66763e-06 2
31.4736 18.072 8.37146e-16 2
26.08 2.2992 1.15273e-07 2
30.1376 -1.68 4.94678e-06 2
29.824 4.6848 1.08373e-08 2
31.6512 0.475199 7.22422e-07 2
17.816 -22.752 0.705334 0
25.9456 -1.9104 5.70724e-06 2
30.8032 -26.1312 0.892375 0
14.704 -3.7104 3.13337e-05 2
19.5216 3.8208 2.68353e-08 2
34.4 4.17118 2.08674e-08 2
31.624 4.5312 1.32128e-08 2
25.216 -13.5168 0.0276308 2
31.7904 -10.9152 0.00638128 2
15.9488 -5.16 9.71249e-05 2
16.9088 7.1568 8.595e-10 2
12.752 21.552 5.7203e-18 3
16.5776 30.8592 4.4083e-25 3
32.976 5.304 6.11275e-09 2
30.5472 8.54399 1.6579e-10 2
28.6592 14.2608 1.58221e-13 2
26.88 0.503998 6.45612e-07 2
24.6784 17.616 1.65796e-15 2
29.5856 25.3296 5.8898e-21 3
23.6672 6.984 9.05531e-10 2
22.8976 -29.8512 0.944108 0
19.5232 10.2624 2.36388e-11 2
27.0224 -6.8304 0.000319307 2
30.7328 4.2048 1.81196e-08 2
18.752 20.6448 1.99179e-17 2
24.728 -3.94561 3.20663e-05 2
26.0384 3.792 2.6027e-08 2
22.5504 -3.0096 1.47299e-05 2
35.3088 5.54879 5.11387e-09 2
39.2896 4.4448 1.96908e-08 2
20.8752 -20.0352 0.441315 2
24.464 -15.648 0.0862191 2
29.8304 -34.6608 0.974379 0
28.9312 -1.6128 4.55008e-06 2
19.3504 -8.5056 0.00110661 2
26.3136 -31.2528 0.957949 0
-24.1776 1.008 7.83669e-07 1
-14.9232 -10.1808 0.00615085 1
-32.664 -12.0672 0.0234279 1
-22.7248 2.9664 1.14682e-07 1
-38.4464 -17.544 0.380832 1
-22.2448 -11.0064 0.00906444 1
-29.648 -22.2864 0.673459 0
-23.5984 10.8144 2.13841e-11 1
-22.6016 -33.8496 0.933401 0
-22.5968 -2.6208 1.94096e-05 1
-23.5024 -18.1776 0.287291 1
-13.9808 -11.232 0.0123809 1
-27.6896 0.0911987 2.06723e-06 1
-16.1056 23.5056 3.01118e-19 1
-21.0384 -5.256 0.000163207 1
-21.2224 -26.9184 0.870374 0
-14.5152 -42.6432 0.907081 0
-16.1888 22.7184 1.08833e-18 1
-15.328 21.0816 1.46939e-17 1
-39.3824 9.3312 4.36887e-10 1
-27.2064 14.8272 1.58821e-13 1
-25.0944 -12.3504 0.0205955 1
-29.5936 -11.6304 0.0154475 1
-18.6896 6.8304 1.95516e-09 1
-29.9776 5.3856 1.30994e-08 1
-25.3232 5.4864 9.29373e-09 1
-28.5376 13.4112 1.08288e-12 1
-20.1536 -8.3376 0.00158496 1
-27.4016 17.8224 2.60118e-15 1
-19.88 11.0448 1.50573e-11 1
-17.1696 -18.4512 0.339064 1
-31.9344 -19.824 0.490536 1
-30.5824 10.5024 4.48672e-11 1
-29.0816 15.1344 1.18528e-13 1
-23.7472 -5.1696 0.000155465 1
-15.3872 43.5888 4.1987e-35 3
-27.6896 -37.8192 0.919051 0
-36.4128 11.9616 1.33342e-11 1
-23.8032 18.4176 9.34316e-16 1
-24.9984 9.768 7.77839e-11 1
-29.5696 18.8688 6.4667e-16 1
-26.68 5.0544 1.54492e-08 1
-28.728 5.3424 1.26872e-08 1
-26.744 5.45279 1.02009e-08 1
-17.0272 6.84 1.95477e-09 1
-22.4816 -14.064 0.0515696 1
-17.0208 -3.4704 4.06196e-05 1
-21.6112 -2.2032 1.34964e-05 1
-30.9456 -3.4992 5.43625e-05 1
-22.6288 6.5952 2.62097e-09 1
-67.224 -30.4176 0.999663 0
-27.768 -26.2064 0.848142 0
-20.808 -32.4816 0.933616 0
-21.128 -20.6672 0.528364 0
-1.504 -31.6496 0.973913 0
-14.4 -19.84 0.506398 0
-29.808 -21.8976 0.646609 0
-7.896 -18.3328 0.420544 0
-16.304 -26.3888 0.878742 0
7.976 -18.6272 0.377311 2
8.672 -27.2064 0.924428 0
-28.016 -28.3088 0.892532 0
37.232 -27.9408 0.949008 0
10.4 -30.4576 0.957773 0
6.79998 -39.6592 0.977188 0
-36.32 -29.0688 0.929099 0
-10.944 -32.744 0.962447 0
30.16 -32.4272 0.968151 0
-19.776 -29.6112 0.91728 0
16.32 -17.32 0.193333 2
-11.92 -26.904 0.912542 0
9.408 -29.0992 0.948017 0
0.824003 -28.1088 0.952613 0
-9.25601 -33.36 0.967891 0
-5.184 -37.0528 0.976725 0
20.328 -24.3888 0.803889 0
-13.496 -25.4672 0.871256 0
4.912 -26.888 0.929531 0
-18.384 -28.5808 0.909596 0
-13.656 -21.5456 0.669765 0
-18.888 -29.3152 0.916831 0
12.52 -32.5328 0.966367 0
-99 -23.9872 1 0
12.128 -22.9616 0.748592 0
-64.528 -32.5216 0.999359 0
8.008 -26.376 0.91021 0
-10.008 -37.8272 0.965122 0
-8.35201 -34.0864 0.970852 0
-31.408 -31.8832 0.930195 0
-21.344 -22.7408 0.693936 0
8.376 -39.272 0.976641 0
-2.824 -32.0224 0.974458 0
19.96 -32.8064 0.963632 0
49.248 -22.2864 0.8966 0
50.696 -30.8768 0.991681 0
-19.072 -34.976 0.941575 0
6.39199 -25.7728 0.901897 0
10.176 -36.1808 0.975976 0
26.248 -36.176 0.973813 0
-3.76 -37.1936 0.978453 0
-10.496 31.0032 6.46135e-25 3
23.432 24.0624 6.23694e-20 3
24.944 36.3968 1.19551e-29 3
48.056 34.8624 8.16654e-29 3
-12.848 33.7824 4.35663e-27 3
0.831986 26.0496 3.75869e-21 3
27.28 30.8384 3.15901e-25 3
-7.144 37.0096 1.0265e-29 3
-11.168 33.688 5.02693e-27 3
10.088 32.5168 2.66816e-26 3
-6.176 18.0912 1.59567e-15 1
-32.76 26.5552 3.02275e-21 3
23.832 21.4672 4.70191e-18 3
6.528 25.3568 1.12032e-20 3
-11.328 37.2 7.74235e-30 3
-0.176012 27.912 1.42471e-22 3
4.41599 21.3776 9.87579e-18 3
-68.232 33.4672 3.41295e-26 3
38.488 25.9872 1.4493e-21 3
20.84 27.8368 8.93637e-23 3
69.536 35.5712 7.71375e-30 3
-44.08 26.488 5.33021e-21 3
9.232 34.496 7.2367e-28 3
18.664 29.3728 6.07419e-24 3
-6.152 10.176 5.56357e-11 1
-32 37.9792 3.60912e-30 3
5.93599 29.1024 1.48294e-23 3
-0.743998 24.8944 2.85951e-20 3
-1.912 37.3968 4.53705e-30 3
7.528 31.7312 1.21396e-25 3
-6.112 36.6384 2.01128e-29 3
-30.752 20.2288 8.98234e-17 1
-42.168 28.2944 2.08763e-22 3
-27.184 22.3216 2.75238e-18 1
56.088 30.2864 2.92692e-25 3
-42.776 26.008 1.18332e-20 3
15.24 29.944 2.42881e-24 3
28.96 31.0448 2.0427e-25 3
-13.08 26.5232 1.80968e-21 3
-8.56 29.0176 2.19884e-23 3
68.4 25.904 5.64333e-22 3
-56.672 36.576 1.03188e-28 3
-47.816 20.9072 9.20518e-17 3
59.472 31.1344 5.21038e-26 3
31.464 46.3792 4.88011e-38 3
75.192 35.952 2.79303e-30 3
47.944 16.3232 1.67653e-14 2
-18.656 35.9616 9.09216e-29 3
6.632 29.8288 3.93043e-24 3
-22.296 33.8016 5.30617e-27 3
